6.477 3 GPS_SOL 0 0 0 0
6.478 3 AIRSPEED 0. 0. 0. 0.
6.507 3 AUTOPILOT_VERSION 60400 v6.4.0_stable
6.507 3 IMU_MAG 0 0. 0. 0.
6.508 3 DESIRED 0.36 0.15 0.8 60. 60. 2595. 5. 15.
6.523 3 PPRZ_MODE 2 3 3 2 0 4
6.524 3 ATTITUDE 0.007015 -3.14023 0.131247
6.619 3 ESTIMATOR 2559.006592 -21.126556
6.635 3 GPS 0 0 0 0 0 0 0 0 0 0 0
6.636 3 SVINFO 0 0 0 0 0 0 0
6.636 3 ATTITUDE 0.007002 -3.140179 0.131251
6.667 3 FBW_STATUS 2 0 1 11.349475 0.
6.683 3 DESIRED 0.36 0.15 0.8 60. 60. 2595. 5. 15.
6.715 3 WP_MOVED 1 649123. 5253077. 2595. 32
6.731 3 ATTITUDE 0.00697 -3.140158 0.13126
6.763 3 NAVIGATION 9 0 0. 0. 0. 0. 0 12 12 1 0 0
6.795 3 STATE_FILTER_STATUS 6 3 0
6.827 3 SHT_STATUS 0 0 0.1 -39.66
6.827 3 ATTITUDE 0.006951 -3.140145 0.131277
6.865 3 LINK_REPORT 3 -1 7 0 6974 294 0 1022. 43. 1 51.28
6.904 3 NAVIGATION_REF 649123 5253077 32 2575.
6.904 3 CIRCLE 0. 0. -60.
6.905 3 GPS 0 0 0 0 0 0 0 0 0 0 0
6.905 3 SVINFO 0 0 0 0 0 0 0
6.906 3 DESIRED 0.36 0.15 0.8 60. 60. 2595. 5. 15.
6.920 3 ATTITUDE 0.007006 -3.140125 0.131308
7.016 3 ATTITUDE 0.006998 -3.140105 0.13132
7.048 3 IMU_GYRO 1 -0.029053 0.025146 -0.046143
7.096 3 DESIRED 0.36 0.15 0.8 60. 60. 2595. 5. 15.
7.141 3 ESTIMATOR 2561.178467 -13.272793
7.141 3 GPS 0 0 0 0 0 0 0 0 0 0 0
7.142 3 SVINFO 0 0 0 0 0 0 0
7.142 3 ATTITUDE 0.007006 -3.140078 0.13134
7.223 3 WP_MOVED 2 649046.125 5253124. 2595. 32
7.238 3 ATTITUDE 0.007066 -3.140042 0.131319
7.238 3 IMU_ACCEL 1 1.224609 -0.049805 -9.195312
7.254 3 ENERGY 0 11.349475 0. 0. 0. 0. 0.
7.286 3 DESIRED 0.36 0.15 0.8 60. 60. 2595. 5. 15.
7.318 3 SHT_STATUS 0 0 0.1 -39.66
7.334 3 ATTITUDE 0.007083 -3.140042 0.131294
7.382 3 GPS 0 0 0 0 0 0 0 0 0 0 0
7.383 3 SVINFO 0 0 0 0 0 0 0
7.430 3 ATTITUDE 0.007107 -3.140002 0.131283
7.462 3 AIRSPEED 0. 0. 0. 0.
7.495 3 DESIRED 0.36 0.15 0.8 60. 60. 2595. 5. 15.
7.509 3 CALIBRATION -150. 0
7.525 3 ATTITUDE 0.007099 -3.139968 0.131285
7.622 3 DL_VALUE 8 1.
7.623 3 ESTIMATOR 2563.679199 -8.913083
7.652 3 GPS 0 0 0 0 0 0 0 0 0 0 0
7.653 3 SVINFO 0 0 0 0 0 0 0
7.654 3 ATTITUDE 0.007082 -3.139935 0.131296
7.655 3 IMU_GYRO 1 -0.028076 0.025146 -0.045654
7.684 3 DESIRED 0.36 0.15 0.8 60. 60. 2595. 5. 15.
7.716 3 WP_MOVED 0 649123. 5253077. 2595. 32
7.735 3 ATTITUDE 0.007116 -3.139895 0.131314
7.764 3 COMMANDS 0,3130,271
7.780 3 NAVIGATION 9 0 0. 0. 0. 0. 0 13 13 1 0 0
7.782 3 IMU_MAG 0 0. 0. 0.
7.828 3 SHT_STATUS 0 0 0.1 -39.66
7.829 3 ATTITUDE 0.007126 -3.139864 0.13131
7.866 3 LINK_REPORT 3 -1 8 0 7952 335 0 978. 41. 1 51.28
7.888 3 FBW_STATUS 2 0 1 11.33092 0.
7.889 3 GPS 0 0 0 0 0 0 0 0 0 0 0
7.890 3 SVINFO 0 0 0 0 0 0 0
7.891 3 DESIRED 0.36 0.15 0.8 60. 60. 2595. 5. 15.
7.920 3 CIRCLE 0. 0. -60.
7.936 3 ATTITUDE 0.007143 -3.139821 0.131351
8.032 3 ATTITUDE 0.007128 -3.139787 0.131362
8.032 3 IMU_ACCEL 1 1.209961 -0.064453 -9.22168
8.097 3 DESIRED 0.36 0.15 0.8 60. 60. 2595. 4.9 15.
8.141 3 ESTIMATOR 2567.674072 -3.996488
8.142 3 GPS 0 0 0 0 0 0 0 0 0 0 0
8.143 3 SVINFO 0 0 0 0 0 0 0
8.144 3 ATTITUDE 0.007138 -3.139756 0.131364
8.221 3 WP_MOVED 1 649123. 5253077. 2595. 32
8.237 3 ATTITUDE 0.007152 -3.139711 0.131334
8.253 3 IMU_GYRO 1 -0.027588 0.023682 -0.046143
8.286 3 DESIRED 0.36 0.15 0.8 60. 60. 2595. 4.7 15.
8.333 3 SHT_STATUS 0 0 0.1 -39.66
8.334 3 ATTITUDE 0.007197 -3.139661 0.131334
8.350 3 ENERGY 0 11.35566 0. 0. 0. 0. 0.
8.381 3 GPS 0 0 0 0 0 0 0 0 0 0 0
8.383 3 SVINFO 0 0 0 0 0 0 0
8.429 3 ATTITUDE 0.007207 -3.139606 0.131307
8.461 3 GPS_SOL 0 0 0 0
8.481 3 AIRSPEED 0. 0. 0. 0.
8.494 3 DESIRED 0.36 0.14 0.8 60. 60. 2595. 4.5 15.
8.525 3 DATALINK_REPORT 3 1 0 990 0 0
8.525 3 ATTITUDE 0.007229 -3.13957 0.13132
8.621 3 ESTIMATOR 2570.200195 -1.696874
8.638 3 GPS 0 0 0 0 0 0 0 0 0 0 0
8.640 3 SVINFO 0 0 0 0 0 0 0
8.640 3 ATTITUDE 0.007235 -3.139535 0.131326
8.669 3 FBW_STATUS 2 0 1 11.337105 0.
8.686 3 DESIRED 0.36 0.13 0.8 60. 60. 2595. 4.3 15.
8.718 3 WP_MOVED 2 649046.125 5253124. 2595. 32
8.734 3 ATTITUDE 0.007246 -3.139485 0.131315
8.766 3 NAVIGATION 9 0 0. 0. 0. 0. 0 14 14 1 0 0
8.830 3 SHT_STATUS 0 0 0.1 -39.66
8.845 3 ATTITUDE 0.00725 -3.139459 0.13127
8.846 3 IMU_ACCEL 1 1.222656 -0.074219 -9.224609
8.861 3 IMU_GYRO 1 -0.028076 0.025635 -0.045166
8.866 3 LINK_REPORT 3 -1 9 0 8944 376 0 992. 41. 1 51.28
8.878 3 GPS 0 0 0 0 0 0 0 0 0 0 0
8.879 3 SVINFO 0 0 0 0 0 0 0
8.894 3 DESIRED 0.36 0.13 0.8 60. 60. 2595. 4.1 15.
8.925 3 ATTITUDE 0.007256 -3.139425 0.131244
8.958 3 CIRCLE 0. 0. -60.
9.005 3 STATE_FILTER_STATUS 6 3 0
9.021 3 ATTITUDE 0.007255 -3.139387 0.131248
9.085 3 IMU_MAG 0 0. 0. 0.
9.102 3 DESIRED 0.36 0.12 0.8 60. 60. 2595. 3.9 15.
9.143 3 DL_VALUE 9 2595.
9.144 3 ESTIMATOR 2573.293945 0.449228
9.144 3 GPS 0 0 0 0 0 0 0 0 0 0 0
9.145 3 SVINFO 0 0 0 0 0 0 0
9.146 3 ATTITUDE 0.007226 -3.139351 0.131307
9.208 3 WP_MOVED 0 649123. 5253077. 2595. 32
9.223 3 ATTITUDE 0.007252 -3.139296 0.131305
9.288 3 DESIRED 0.36 0.12 0.8 60. 60. 2595. 3.8 15.
9.319 3 SHT_STATUS 0 0 0.1 -39.66
9.335 3 ATTITUDE 0.007246 -3.139247 0.131335
9.368 3 GPS 0 0 0 0 0 0 0 0 0 0 0
9.383 3 SVINFO 0 0 0 0 0 0 0
9.431 3 ATTITUDE 0.007288 -3.139176 0.131382
9.448 3 ENERGY 0 11.34329 0. 0. 0. 0. 0.
9.463 3 IMU_GYRO 1 -0.028564 0.026123 -0.045166
9.464 3 AIRSPEED 0. 0. 0. 0.
9.497 3 DESIRED 0.36 0.11 0.8 60. 60. 2595. 3.7 15.
9.527 3 ATTITUDE 0.007285 -3.139126 0.131419
9.591 3 CALIBRATION -150. 0
9.623 3 ESTIMATOR 2574.539062 1.04186
9.653 3 GPS 0 0 0 0 0 0 0 0 0 0 0
9.654 3 SVINFO 0 0 0 0 0 0 0
9.655 3 ATTITUDE 0.007282 -3.139081 0.131417
9.655 3 IMU_ACCEL 1 1.196289 -0.061523 -9.214844
9.685 3 DESIRED 0.36 0.11 0.8 60. 60. 2595. 3.6 15.
9.717 3 WP_MOVED 1 649123. 5253077. 2595. 32
9.733 3 ATTITUDE 0.007277 -3.139024 0.131423
9.781 3 NAVIGATION 9 0 0. 0. 0. 0. 0 15 15 1 0 0
9.783 3 COMMANDS 0,3129,-314
9.829 3 SHT_STATUS 0 0 0.1 -39.66
9.830 3 ATTITUDE 0.007268 -3.138979 0.131482
9.868 3 LINK_REPORT 3 -1 10 0 9892 416 0 948. 40. 1 51.28
9.889 3 FBW_STATUS 2 0 1 11.349475 0.
9.890 3 GPS 0 0 0 0 0 0 0 0 0 0 0
9.891 3 SVINFO 0 0 0 0 0 0 0
9.892 3 DESIRED 0.36 0.11 0.8 60. 60. 2595. 3.5 15.
9.921 3 ATTITUDE 0.007273 -3.138918 0.131487
10.017 3 CIRCLE 0. 0. -60.
10.033 3 ATTITUDE 0.007301 -3.138868 0.131473
10.049 3 LOGGER_STATUS 0 0 0 none
10.049 3 IMU_GYRO 1 -0.028076 0.025146 -0.045166
10.097 3 DESIRED 0.36 0.11 0.8 60. 60. 2595. 3.4 15.
10.141 3 ESTIMATOR 2575.839844 1.402616
10.142 3 GPS 0 0 0 0 0 0 0 0 0 0 0
10.143 3 SVINFO 0 0 0 0 0 0 0
10.144 3 ATTITUDE 0.007334 -3.138834 0.131495
10.221 3 WP_MOVED 2 649046.125 5253124. 2595. 32
10.237 3 ATTITUDE 0.00732 -3.138793 0.131473
10.285 3 DESIRED 0.36 0.1 0.8 60. 60. 2595. 3.4 15.
10.317 3 SHT_STATUS 0 0 0.1 -39.66
10.333 3 ATTITUDE 0.007313 -3.138759 0.131477
10.381 3 GPS 0 0 0 0 0 0 0 0 0 0 0
10.383 3 SVINFO 0 0 0 0 0 0 0
10.384 3 IMU_MAG 0 0. 0. 0.
10.412 3 PONG 
10.429 3 ATTITUDE 0.007339 -3.138695 0.131468
10.429 3 IMU_ACCEL 1 1.229492 -0.066406 -9.289062
10.487 3 GPS_SOL 0 0 0 0
10.488 3 AIRSPEED 0. 0. 0. 0.
10.493 3 DESIRED 0.36 0.1 0.8 60. 60. 2595. 3.3 15.
10.525 3 ATTITUDE 0.007336 -3.138625 0.131511
10.557 3 ENERGY 0 11.324735 0. 0. 0. 0. 0.
10.621 3 DL_VALUE 10 0.
10.651 3 ESTIMATOR 2576.693848 1.563379
10.652 3 GPS 0 0 0 0 0 0 0 0 0 0 0
10.653 3 SVINFO 0 0 0 0 0 0 0
10.654 3 ATTITUDE 0.007363 -3.138566 0.131493
10.654 3 IMU_GYRO 1 -0.028564 0.026123 -0.045166
10.667 3 FBW_STATUS 2 0 1 11.34329 0.
10.699 3 DESIRED 0.36 0.1 0.8 60. 60. 2595. 3.3 15.
10.715 3 WP_MOVED 0 649123. 5253077. 2595. 32
10.731 3 ATTITUDE 0.007402 -3.138541 0.131511
10.779 3 NAVIGATION 9 0 0. 0. 0. 0. 0 16 16 1 0 0
10.781 3 ACTUATORS 1040,1361,1396
10.827 3 SHT_STATUS 0 0 0.1 -39.66
10.828 3 ATTITUDE 0.007395 -3.138526 0.131491
10.868 3 LINK_REPORT 3 -1 11 0 10920 460 0 1028. 44. 2 49.21
10.875 3 GPS 0 0 0 0 0 0 0 0 0 0 0
10.876 3 SVINFO 0 0 0 0 0 0 0
10.891 3 DESIRED 0.36 0.1 0.8 60. 60. 2595. 3.2 15.
10.923 3 ATTITUDE 0.007393 -3.138475 0.131476
11.019 3 ATTITUDE 0.007425 -3.138425 0.131472
11.051 3 ALIVE 8,144,6,66,11,198,81,189,7,217,216,157,220,111,57,170
11.067 3 CIRCLE 0. 0. -60.
11.099 3 DESIRED 0.36 0.1 0.8 60. 60. 2595. 3.2 15.
11.142 3 ESTIMATOR 2577.243652 1.367848
11.143 3 GPS 0 0 0 0 0 0 0 0 0 0 0
11.144 3 SVINFO 0 0 0 0 0 0 0
11.145 3 ATTITUDE 0.007416 -3.138361 0.131491
11.206 3 STATE_FILTER_STATUS 6 3 0
11.253 3 WP_MOVED 1 649123. 5253077. 2595. 32
11.254 3 ATTITUDE 0.007433 -3.138336 0.131514
11.255 3 IMU_ACCEL 1 1.208008 -0.049805 -9.198242
11.256 3 IMU_GYRO 1 -0.029053 0.024658 -0.045166
11.285 3 DESIRED 0.36 0.1 0.8 60. 60. 2595. 3.2 15.
11.317 3 SHT_STATUS 0 0 0.1 -39.66
11.333 3 ATTITUDE 0.007432 -3.138262 0.131543
11.381 3 GPS 0 0 0 0 0 0 0 0 0 0 0
11.382 3 SVINFO 0 0 0 0 0 0 0
11.413 3 PPRZ_MODE 2 3 3 2 0 4
11.429 3 ATTITUDE 0.007479 -3.138227 0.13157
11.461 3 AIRSPEED 0. 0. 0. 0.
11.494 3 DESIRED 0.36 0.1 0.8 60. 60. 2595. 3.1 15.
11.525 3 ATTITUDE 0.007482 -3.138168 0.131574
11.621 3 ESTIMATOR 2577.500732 1.202758
11.652 3 GPS 0 0 0 0 0 0 0 0 0 0 0
11.653 3 SVINFO 0 0 0 0 0 0 0
11.654 3 ATTITUDE 0.007519 -3.138124 0.131567
11.655 3 ENERGY 0 11.349475 0. 0. 0. 0. 0.
11.710 3 IMU_MAG 0 0. 0. 0.
11.712 3 DESIRED 0.36 0.1 0.8 60. 60. 2595. 3.1 15.
11.713 3 CALIBRATION -150. 0
11.714 3 WP_MOVED 2 649046.125 5253124. 2595. 32
11.726 3 ATTITUDE 0.007502 -3.13805 0.131577
11.774 3 NAVIGATION 9 0 0. 0. 0. 0. 0 17 17 1 0 0
11.822 3 SHT_STATUS 0 0 0.1 -39.66
11.838 3 ATTITUDE 0.007511 -3.137999 0.131589
11.854 3 IMU_GYRO 1 -0.029053 0.026123 -0.046143
11.869 3 LINK_REPORT 3 -1 12 0 11900 501 0 980. 41. 2 49.21
11.870 3 FBW_STATUS 2 0 1 11.349475 0.
11.886 3 GPS 0 0 0 0 0 0 0 0 0 0 0
11.887 3 SVINFO 0 0 0 0 0 0 0
11.903 3 DESIRED 0.36 0.09 0.8 60. 60. 2595. 3.1 15.
11.918 3 ATTITUDE 0.007532 -3.137939 0.131575
12.030 3 ATTITUDE 0.007527 -3.137871 0.131564
12.030 3 IMU_ACCEL 1 1.193359 -0.071289 -9.238281
12.095 3 DESIRED 0.36 0.09 0.8 60. 60. 2595. 3.1 15.
12.126 3 DL_VALUE 11 0.
12.127 3 CIRCLE 0. 0. -60.
12.128 3 ESTIMATOR 2577.756104 0.958785
12.157 3 GPS 0 0 0 0 0 0 0 0 0 0 0
12.159 3 SVINFO 0 0 0 0 0 0 0
12.159 3 ATTITUDE 0.007507 -3.137794 0.131571
12.222 3 WP_MOVED 0 649123. 5253077. 2595. 32
12.237 3 ATTITUDE 0.007507 -3.137739 0.131558
12.286 3 DESIRED 0.36 0.09 0.8 60. 60. 2595. 3.1 15.
12.317 3 SHT_STATUS 0 0 0.1 -39.66
12.333 3 ATTITUDE 0.007501 -3.137677 0.131536
12.381 3 GPS 0 0 0 0 0 0 0 0 0 0 0
12.381 3 SVINFO 0 0 0 0 0 0 0
12.429 3 ATTITUDE 0.007513 -3.137626 0.131545
12.445 3 IMU_GYRO 1 -0.028564 0.025635 -0.045654
12.486 3 GPS_SOL 0 0 0 0
12.486 3 AIRSPEED 0. 0. 0. 0.
12.493 3 DESIRED 0.36 0.09 0.8 60. 60. 2595. 3.1 15.
12.525 3 ATTITUDE 0.007492 -3.137577 0.131539
12.621 3 ESTIMATOR 2577.836914 0.787844
12.638 3 GPS 0 0 0 0 0 0 0 0 0 0 0
12.638 3 SVINFO 0 0 0 0 0 0 0
12.639 3 ATTITUDE 0.007496 -3.137547 0.131539
12.669 3 FBW_STATUS 2 0 1 11.34329 0.
12.686 3 DESIRED 0.36 0.09 0.8 60. 60. 2595. 3.1 15.
12.718 3 WP_MOVED 1 649123. 5253077. 2595. 32
12.733 3 ATTITUDE 0.007439 -3.137495 0.13152
12.749 3 ENERGY 0 11.34329 0. 0. 0. 0. 0.
12.765 3 COMMANDS 0,3127,-544
12.782 3 NAVIGATION 9 0 0. 0. 0. 0. 0 18 18 1 0 0
12.829 3 SHT_STATUS 0 0 0.1 -39.66
12.830 3 ATTITUDE 0.007418 -3.13745 0.131529
12.831 3 IMU_ACCEL 1 1.214844 -0.05957 -9.228516
12.870 3 LINK_REPORT 3 -1 13 0 12880 542 0 980. 41. 2 49.21
12.878 3 GPS 0 0 0 0 0 0 0 0 0 0 0
12.879 3 SVINFO 0 0 0 0 0 0 0
12.894 3 DESIRED 0.36 0.09 0.8 60. 60. 2595. 3. 15.
12.925 3 ATTITUDE 0.007433 -3.137395 0.131539
12.989 3 IMU_MAG 0 0. 0. 0.
13.021 3 ATTITUDE 0.007437 -3.137345 0.131508
13.037 3 IMU_GYRO 1 -0.028564 0.025146 -0.045654
13.086 3 DESIRED 0.36 0.09 0.8 60. 60. 2595. 3. 15.
13.144 3 ESTIMATOR 2578.226562 0.737812
13.145 3 GPS 0 0 0 0 0 0 0 0 0 0 0
13.147 3 SVINFO 0 0 0 0 0 0 0
13.148 3 ATTITUDE 0.007431 -3.137308 0.131478
13.159 3 CIRCLE 0. 0. -60.
13.208 3 WP_MOVED 2 649046.125 5253124. 2595. 32
13.223 3 ATTITUDE 0.007445 -3.137277 0.131471
13.288 3 DESIRED 0.36 0.09 0.8 60. 60. 2595. 3. 15.
13.320 3 SHT_STATUS 0 0 0.1 -39.66
13.336 3 ATTITUDE 0.007447 -3.137218 0.131466
13.368 3 GPS 0 0 0 0 0 0 0 0 0 0 0
13.369 3 SVINFO 0 0 0 0 0 0 0
13.399 3 STATE_FILTER_STATUS 6 3 0
13.415 3 ATTITUDE 0.007453 -3.137163 0.131447
13.464 3 AIRSPEED 0. 0. 0. 0.
13.496 3 DESIRED 0.36 0.09 0.8 60. 60. 2595. 3. 15.
13.527 3 ATTITUDE 0.007459 -3.1371 0.131416
13.624 3 DATALINK_REPORT 3 2 0 960 0 0
13.625 3 DL_VALUE 12 0.
13.665 3 ESTIMATOR 2578.346191 0.636336
13.666 3 GPS 0 0 0 0 0 0 0 0 0 0 0
13.668 3 SVINFO 0 0 0 0 0 0 0
13.668 3 ATTITUDE 0.007457 -3.137034 0.131403
13.669 3 IMU_ACCEL 1 1.227539 -0.078125 -9.246094
13.670 3 IMU_GYRO 1 -0.028564 0.025146 -0.045166
13.698 3 DESIRED 0.36 0.09 0.8 60. 60. 2595. 3. 15.
13.713 3 WP_MOVED 0 649123. 5253077. 2595. 32
13.730 3 ATTITUDE 0.007488 -3.136953 0.131391
13.778 3 NAVIGATION 9 0 0. 0. 0. 0. 0 19 19 1 0 0
13.793 3 CALIBRATION -150. 0
13.826 3 SHT_STATUS 0 0 0.1 -39.66
13.827 3 ATTITUDE 0.007496 -3.136893 0.131389
13.842 3 ENERGY 0 11.337105 0. 0. 0. 0. 0.
13.871 3 LINK_REPORT 3 -1 14 0 13853 583 0 973. 41. 2 49.21
13.874 3 FBW_STATUS 2 0 1 11.337105 0.
13.875 3 GPS 0 0 0 0 0 0 0 0 0 0 0
13.889 3 SVINFO 0 0 0 0 0 0 0
13.891 3 DESIRED 0.36 0.09 0.8 60. 60. 2595. 3. 15.
13.921 3 ATTITUDE 0.007509 -3.136814 0.131386
14.018 3 ATTITUDE 0.007533 -3.136741 0.131377
14.098 3 DESIRED 0.36 0.09 0.8 60. 60. 2595. 3. 15.
14.145 3 ESTIMATOR 2578.300293 0.40156
14.146 3 GPS 0 0 0 0 0 0 0 0 0 0 0
14.147 3 SVINFO 0 0 0 0 0 0 0
14.147 3 ATTITUDE 0.00753 -3.136639 0.131384
14.220 3 CIRCLE 0. 0. -60.
14.220 3 WP_MOVED 1 649123. 5253077. 2595. 32
14.235 3 ATTITUDE 0.007561 -3.136558 0.13138
14.252 3 IMU_GYRO 1 -0.028076 0.025146 -0.045166
14.300 3 IMU_MAG 0 0. 0. 0.
14.301 3 DESIRED 0.36 0.09 0.8 60. 60. 2595. 3. 15.
14.331 3 SHT_STATUS 0 0 0.1 -39.66
14.332 3 ATTITUDE 0.007582 -3.136503 0.131408
14.380 3 GPS 0 0 0 0 0 0 0 0 0 0 0
14.381 3 SVINFO 0 0 0 0 0 0 0
14.428 3 ATTITUDE 0.007577 -3.136459 0.131407
14.428 3 IMU_ACCEL 1 1.219727 -0.064453 -9.233398
14.476 3 GPS_SOL 0 0 0 0
14.491 3 AIRSPEED 0. 0. 0. 0.
14.492 3 DESIRED 0.36 0.09 0.8 60. 60. 2595. 3. 15.
14.523 3 ATTITUDE 0.007557 -3.136375 0.131414
14.620 3 ESTIMATOR 2578.265869 0.294322
14.647 3 GPS 0 0 0 0 0 0 0 0 0 0 0
14.649 3 SVINFO 0 0 0 0 0 0 0
14.650 3 ATTITUDE 0.007581 -3.136279 0.131407
14.663 3 FBW_STATUS 2 0 1 11.34329 0.
14.695 3 DESIRED 0.36 0.09 0.8 60. 60. 2595. 3. 15.
14.711 3 WP_MOVED 2 649046.125 5253124. 2595. 32
14.727 3 ATTITUDE 0.007583 -3.136194 0.131417
14.776 3 NAVIGATION 9 0 0. 0. 0. 0. 0 20 20 1 0 0
14.777 3 COMMANDS 0,3126,-564
14.823 3 SHT_STATUS 0 0 0.1 -39.66
14.839 3 ATTITUDE 0.007613 -3.136124 0.131419
14.855 3 IMU_GYRO 1 -0.028564 0.025146 -0.044678
14.871 3 GPS 0 0 0 0 0 0 0 0 0 0 0
14.872 3 LINK_REPORT 3 -1 15 0 14843 624 0 990. 41. 2 49.21
14.887 3 SVINFO 0 0 0 0 0 0 0
14.903 3 DESIRED 0.36 0.09 0.8 60. 60. 2595. 3. 15.
14.919 3 ATTITUDE 0.007603 -3.136056 0.131438
14.951 3 ENERGY 0 11.349475 0. 0. 0. 0. 0.
15.014 3 ATTITUDE 0.007618 -3.135981 0.131482
15.096 3 DESIRED 0.36 0.09 0.8 60. 60. 2595. 3. 15.
15.142 3 DL_VALUE 13 70.
15.143 3 ESTIMATOR 2578.105469 0.110288
15.144 3 GPS 0 0 0 0 0 0 0 0 0 0 0
15.145 3 SVINFO 0 0 0 0 0 0 0
15.147 3 ATTITUDE 0.007594 -3.1359 0.131473
15.147 3 LOGGER_STATUS 0 0 0 none
15.222 3 WP_MOVED 0 649123. 5253077. 2595. 32
15.238 3 ATTITUDE 0.007623 -3.135829 0.131479
15.239 3 IMU_ACCEL 1 1.212891 -0.071289 -9.25293
15.270 3 CIRCLE 0. 0. -60.
15.286 3 DESIRED 0.36 0.09 0.8 60. 60. 2595. 3. 15.
15.318 3 SHT_STATUS 0 0 0.1 -39.66
15.334 3 ATTITUDE 0.007659 -3.135757 0.13145
15.366 3 GPS 0 0 0 0 0 0 0 0 0 0 0
15.382 3 SVINFO 0 0 0 0 0 0 0
15.398 3 PONG 
15.430 3 ATTITUDE 0.007652 -3.135641 0.131427
15.446 3 IMU_GYRO 1 -0.028564 0.025635 -0.044678
15.462 3 AIRSPEED 0. 0. 0. 0.
15.494 3 DESIRED 0.36 0.09 0.8 60. 60. 2595. 3.1 15.
15.526 3 ATTITUDE 0.007682 -3.135558 0.131467
15.590 3 IMU_MAG 0 0. 0. 0.
15.606 3 STATE_FILTER_STATUS 6 3 0
15.622 3 ESTIMATOR 2577.888672 -0.041037
15.639 3 GPS 0 0 0 0 0 0 0 0 0 0 0
15.640 3 SVINFO 0 0 0 0 0 0 0
15.641 3 ATTITUDE 0.007705 -3.135493 0.131496
15.686 3 DESIRED 0.36 0.09 0.8 60. 60. 2595. 3.1 15.
15.719 3 WP_MOVED 1 649123. 5253077. 2595. 32
15.734 3 ATTITUDE 0.00773 -3.135384 0.131492
15.767 3 NAVIGATION 9 0 0. 0. 0. 0. 0 21 21 1 0 0
15.782 3 ACTUATORS 1040,1358,1399
15.830 3 SHT_STATUS 0 0 0.1 -39.66
15.831 3 ATTITUDE 0.007802 -3.135314 0.131491
15.871 3 LINK_REPORT 3 -1 16 0 15770 664 0 927. 40. 3 33.25
15.905 3 NAVIGATION_REF 649123 5253077 32 2575.
15.906 3 FBW_STATUS 2 0 1 11.349475 0.
15.907 3 GPS 0 0 0 0 0 0 0 0 0 0 0
15.908 3 SVINFO 0 0 0 0 0 0 0
15.909 3 DESIRED 0.36 0.09 0.8 60. 60. 2595. 3.1 15.
15.910 3 CALIBRATION -150. 0
15.921 3 ATTITUDE 0.007791 -3.135212 0.1315
16.033 3 ATTITUDE 0.007803 -3.135139 0.131514
16.033 3 IMU_ACCEL 1 1.209961 -0.081055 -9.25293
16.049 3 ENERGY 0 11.349475 0. 0. 0. 0. 0.
16.050 3 IMU_GYRO 1 -0.028076 0.024658 -0.045166
16.098 3 DESIRED 0.36 0.09 0.8 60. 60. 2595. 3.1 15.
16.140 3 ESTIMATOR 2577.580322 -0.182973
16.141 3 GPS 0 0 0 0 0 0 0 0 0 0 0
16.142 3 SVINFO 0 0 0 0 0 0 0
16.143 3 ATTITUDE 0.007791 -3.135072 0.131492
16.144 3 ALIVE 8,144,6,66,11,198,81,189,7,217,216,157,220,111,57,170
16.220 3 WP_MOVED 2 649046.125 5253124. 2595. 32
16.236 3 ATTITUDE 0.00777 -3.134999 0.131511
16.285 3 DESIRED 0.36 0.09 0.8 60. 60. 2595. 3.1 15.
16.316 3 PPRZ_MODE 2 3 3 2 0 4
16.332 3 CIRCLE 0. 0. -60.
16.333 3 SHT_STATUS 0 0 0.1 -39.66
16.334 3 ATTITUDE 0.007807 -3.134875 0.131515
16.381 3 GPS 0 0 0 0 0 0 0 0 0 0 0
16.382 3 SVINFO 0 0 0 0 0 0 0
16.428 3 ATTITUDE 0.007792 -3.134812 0.131543
16.476 3 GPS_SOL 0 0 0 0
16.477 3 AIRSPEED 0. 0. 0. 0.
16.493 3 DESIRED 0.36 0.09 0.8 60. 60. 2595. 3.2 15.
16.524 3 ATTITUDE 0.007816 -3.134718 0.131534
16.620 3 DL_VALUE 14 0.
16.646 3 ESTIMATOR 2577.497803 -0.189473
16.647 3 GPS 0 0 0 0 0 0 0 0 0 0 0
16.649 3 SVINFO 0 0 0 0 0 0 0
16.649 3 ATTITUDE 0.007819 -3.13463 0.1315
16.650 3 IMU_GYRO 1 -0.028564 0.02417 -0.045166
16.662 3 FBW_STATUS 2 0 1 11.349475 0.
16.695 3 DESIRED 0.36 0.1 0.8 60. 60. 2595. 3.2 15.
16.710 3 WP_MOVED 0 649123. 5253077. 2595. 32
16.726 3 ATTITUDE 0.007815 -3.134542 0.131499
16.775 3 NAVIGATION 9 0 0. 0. 0. 0. 0 22 22 1 0 0
16.822 3 SHT_STATUS 0 0 0.1 -39.66
16.838 3 ATTITUDE 0.007826 -3.134448 0.131503
16.839 3 IMU_ACCEL 1 1.219727 -0.081055 -9.198242
16.871 3 GPS 0 0 0 0 0 0 0 0 0 0 0
16.872 3 SVINFO 0 0 0 0 0 0 0
16.873 3 LINK_REPORT 3 -1 17 0 16880 711 0 1110. 47. 3 33.25
16.886 3 IMU_MAG 0 0. 0. 0.
16.903 3 DESIRED 0.36 0.1 0.8 60. 60. 2595. 3.2 15.
16.907 3 WIND_INFO 3 5 0. 0. 0. 0.
16.918 3 ATTITUDE 0.007841 -3.13436 0.1315
17.030 3 ATTITUDE 0.007855 -3.134291 0.131491
17.095 3 DESIRED 0.36 0.1 0.8 60. 60. 2595. 3.1 15.
17.140 3 ESTIMATOR 2577.553467 -0.090482
17.141 3 GPS 0 0 0 0 0 0 0 0 0 0 0
17.143 3 SVINFO 0 0 0 0 0 0 0
17.143 3 ATTITUDE 0.007828 -3.134193 0.13147
17.156 3 ENERGY 0 11.349475 0. 0. 0. 0. 0.
17.221 3 WP_MOVED 1 649123. 5253077. 2595. 32
17.236 3 ATTITUDE 0.007838 -3.13409 0.131456
17.253 3 IMU_GYRO 1 -0.028564 0.025146 -0.045166
17.285 3 DESIRED 0.36 0.09 0.8 60. 60. 2595. 3.1 15.
17.333 3 SHT_STATUS 0 0 0.1 -39.66
17.334 3 ATTITUDE 0.007868 -3.134007 0.131438
17.381 3 CIRCLE 0. 0. -60.
17.382 3 GPS 0 0 0 0 0 0 0 0 0 0 0
17.384 3 SVINFO 0 0 0 0 0 0 0
17.429 3 ATTITUDE 0.007856 -3.133923 0.131458
17.461 3 AIRSPEED 0. 0. 0. 0.
17.495 3 DESIRED 0.36 0.09 0.8 60. 60. 2595. 3.1 15.
17.524 3 ATTITUDE 0.007849 -3.133812 0.13145
17.572 3 AUTOPILOT_VERSION 60400 v6.4.0_stable
17.621 3 ESTIMATOR 2577.913086 0.136226
17.649 3 GPS 0 0 0 0 0 0 0 0 0 0 0
17.650 3 SVINFO 0 0 0 0 0 0 0
17.651 3 ATTITUDE 0.007836 -3.1337 0.131487
17.652 3 IMU_ACCEL 1 1.219727 -0.035156 -9.219727
17.698 3 DESIRED 0.36 0.09 0.8 60. 60. 2595. 3.1 15.
17.714 3 WP_MOVED 2 649046.125 5253124. 2595. 32
17.729 3 ATTITUDE 0.007841 -3.1336 0.13153
17.778 3 COMMANDS 0,3124,-542
17.779 3 NAVIGATION 9 0 0. 0. 0. 0. 0 23 23 1 0 0
17.793 3 STATE_FILTER_STATUS 6 3 0
17.826 3 SHT_STATUS 0 0 0.1 -39.66
17.827 3 ATTITUDE 0.007852 -3.133495 0.131531
17.841 3 IMU_GYRO 1 -0.028564 0.025146 -0.045166
17.874 3 LINK_REPORT 3 -1 18 0 17798 749 0 918. 38. 4 33.25
17.890 3 FBW_STATUS 2 0 1 11.34329 0.
17.891 3 GPS 0 0 0 0 0 0 0 0 0 0 0
17.893 3 SVINFO 0 0 0 0 0 0 0
17.894 3 DESIRED 0.36 0.09 0.8 60. 60. 2595. 3. 15.
17.921 3 ATTITUDE 0.007881 -3.133379 0.131545
17.993 3 CALIBRATION -150. 0
18.017 3 ATTITUDE 0.007884 -3.133281 0.131558
18.098 3 DESIRED 0.36 0.09 0.8 60. 60. 2595. 3. 15.
18.143 3 DL_VALUE 15 70.
18.143 3 ESTIMATOR 2578.17334 0.233511
18.144 3 GPS 0 0 0 0 0 0 0 0 0 0 0
18.146 3 SVINFO 0 0 0 0 0 0 0
18.147 3 ATTITUDE 0.007895 -3.133227 0.131539
18.191 3 IMU_MAG 0 0. 0. 0.
18.206 3 WP_MOVED 0 649123. 5253077. 2595. 32
18.222 3 ATTITUDE 0.007889 -3.133131 0.131508
18.255 3 ENERGY 0 11.337105 0. 0. 0. 0. 0.
18.287 3 DESIRED 0.36 0.09 0.8 60. 60. 2595. 3. 15.
18.319 3 SHT_STATUS 0 0 0.1 -39.66
18.334 3 ATTITUDE 0.007921 -3.133032 0.131491
18.367 3 GPS 0 0 0 0 0 0 0 0 0 0 0
18.368 3 SVINFO 0 0 0 0 0 0 0
18.415 3 CIRCLE 0. 0. -60.
18.430 3 ATTITUDE 0.007925 -3.132936 0.131486
18.431 3 IMU_ACCEL 1 1.209961 -0.076172 -9.302734
18.447 3 IMU_GYRO 1 -0.028564 0.024658 -0.044678
18.463 3 GPS_SOL 0 0 0 0
18.479 3 AIRSPEED 0. 0. 0. 0.
18.495 3 DESIRED 0.36 0.09 0.8 60. 60. 2595. 3. 15.
18.526 3 ATTITUDE 0.007956 -3.13283 0.131467
18.623 3 ESTIMATOR 2578.421387 0.322016
18.623 3 GPS 0 0 0 0 0 0 0 0 0 0 0
18.639 3 SVINFO 0 0 0 0 0 0 0
18.639 3 ATTITUDE 0.007984 -3.132727 0.131431
18.671 3 FBW_STATUS 2 0 1 11.324735 0.
18.687 3 DESIRED 0.36 0.09 0.8 60. 60. 2595. 3. 15.
18.703 3 DATALINK_REPORT 2 4 0 1015 0 0
18.719 3 WP_MOVED 1 649123. 5253077. 2595. 32
18.735 3 ATTITUDE 0.008012 -3.132643 0.131425
18.767 3 NAVIGATION 9 0 0. 0. 0. 0. 0 24 24 1 0 0
18.831 3 SHT_STATUS 0 0 0.1 -39.66
18.832 3 ATTITUDE 0.008008 -3.132501 0.1314
18.874 3 LINK_REPORT 3 -1 19 0 18795 791 0 997. 42. 4 33.25
18.880 3 GPS 0 0 0 0 0 0 0 0 0 0 0
18.881 3 SVINFO 0 0 0 0 0 0 0
18.895 3 DESIRED 0.36 0.09 0.8 60. 60. 2595. 3. 15.
18.927 3 ATTITUDE 0.008048 -3.132388 0.131394
19.023 3 ATTITUDE 0.008049 -3.132315 0.131399
19.038 3 IMU_GYRO 1 -0.028076 0.02417 -0.045166
19.087 3 DESIRED 0.36 0.09 0.8 60. 60. 2595. 2.9 15.
19.119 3 ESTIMATOR 2578.624756 0.324192
19.145 3 GPS 0 0 0 0 0 0 0 0 0 0 0
19.146 3 SVINFO 0 0 0 0 0 0 0
19.147 3 ATTITUDE 0.008078 -3.132233 0.131373
19.209 3 WP_MOVED 2 649046.125 5253124. 2595. 32
19.241 3 ATTITUDE 0.008089 -3.132113 0.131385
19.241 3 IMU_ACCEL 1 1.217773 -0.066406 -9.329102
19.289 3 DESIRED 0.36 0.09 0.8 60. 60. 2595. 2.9 15.
19.321 3 SHT_STATUS 0 0 0.1 -39.66
19.322 3 ATTITUDE 0.008122 -3.13203 0.131396
19.353 3 ENERGY 0 11.349475 0. 0. 0. 0. 0.
19.369 3 GPS 0 0 0 0 0 0 0 0 0 0 0
19.370 3 SVINFO 0 0 0 0 0 0 0
19.417 3 ATTITUDE 0.008158 -3.13193 0.131376
19.465 3 CIRCLE 0. 0. -60.
19.466 3 AIRSPEED 0. 0. 0. 0.
19.497 3 IMU_MAG 0 0. 0. 0.
19.498 3 DESIRED 0.36 0.09 0.8 60. 60. 2595. 2.9 15.
19.529 3 ATTITUDE 0.008157 -3.131839 0.131342
19.625 3 DL_VALUE 16 0.
19.626 3 ESTIMATOR 2578.71582 0.303192
19.656 3 GPS 0 0 0 0 0 0 0 0 0 0 0
19.657 3 SVINFO 0 0 0 0 0 0 0
19.658 3 ATTITUDE 0.008182 -3.13172 0.131332
19.658 3 IMU_GYRO 1 -0.028564 0.026123 -0.044678
19.688 3 DESIRED 0.36 0.09 0.8 60. 60. 2595. 2.9 15.
19.720 3 WP_MOVED 0 649123. 5253077. 2595. 32
19.736 3 ATTITUDE 0.0082 -3.131616 0.131326
19.768 3 NAVIGATION 9 0 0. 0. 0. 0. 0 25 25 1 0 0
19.770 3 COMMANDS 0,3120,-603
19.816 3 SHT_STATUS 0 0 0.1 -39.66
19.832 3 ATTITUDE 0.008203 -3.131511 0.131338
19.875 3 LINK_REPORT 3 -1 20 0 19739 830 0 944. 39. 4 33.25
19.890 3 FBW_STATUS 2 0 1 11.34329 0.
19.891 3 GPS 0 0 0 0 0 0 0 0 0 0 0
19.893 3 SVINFO 0 0 0 0 0 0 0
19.893 3 DESIRED 0.36 0.09 0.8 60. 60. 2595. 2.9 15.
19.922 3 ATTITUDE 0.008236 -3.131418 0.131347
20.002 3 STATE_FILTER_STATUS 6 3 0
20.033 3 ATTITUDE 0.008229 -3.131304 0.131358
20.034 3 IMU_ACCEL 1 1.212891 -0.074219 -9.254883
20.098 3 DESIRED 0.36 0.09 0.8 60. 60. 2595. 2.9 15.
20.100 3 CALIBRATION -150. 0
20.142 3 ESTIMATOR 2578.822266 0.259618
20.143 3 GPS 0 0 0 0 0 0 0 0 0 0 0
20.144 3 SVINFO 0 0 0 0 0 0 0
20.145 3 ATTITUDE 0.008236 -3.131187 0.131317
20.206 3 WP_MOVED 1 649123. 5253077. 2595. 32
20.222 3 LOGGER_STATUS 0 0 0 none
20.238 3 ATTITUDE 0.008231 -3.131104 0.131313
20.254 3 IMU_GYRO 1 -0.028564 0.026123 -0.044678
20.287 3 DESIRED 0.36 0.09 0.8 60. 60. 2595. 2.9 15.
20.318 3 SHT_STATUS 0 0 0.1 -39.66
20.334 3 ATTITUDE 0.008228 -3.130967 0.131304
20.366 3 GPS 0 0 0 0 0 0 0 0 0 0 0
20.383 3 SVINFO 0 0 0 0 0 0 0
20.398 3 PONG 
20.430 3 ATTITUDE 0.008234 -3.130851 0.131287
20.446 3 ENERGY 0 11.349475 0. 0. 0. 0. 0.
20.461 3 GPS_SOL 0 0 0 0
20.477 3 AIRSPEED 0. 0. 0. 0.
20.493 3 DESIRED 0.36 0.09 0.8 60. 60. 2595. 2.9 15.
20.510 3 CIRCLE 0. 0. -60.
20.525 3 ATTITUDE 0.008253 -3.130733 0.131252
20.622 3 ESTIMATOR 2578.68042 0.120896
20.639 3 GPS 0 0 0 0 0 0 0 0 0 0 0
20.640 3 SVINFO 0 0 0 0 0 0 0
20.641 3 ATTITUDE 0.008244 -3.130607 0.131238
20.670 3 FBW_STATUS 2 0 1 11.349475 0.
20.686 3 DESIRED 0.36 0.09 0.8 60. 60. 2595. 3. 15.
20.718 3 WP_MOVED 2 649046.125 5253124. 2595. 32
20.734 3 ATTITUDE 0.00824 -3.130484 0.1312
20.766 3 NAVIGATION 9 0 0. 0. 0. 0. 0 26 26 1 0 0
20.782 3 ACTUATORS 1040,1356,1401
20.783 3 IMU_MAG 0 0. 0. 0.
20.830 3 SHT_STATUS 0 0 0.1 -39.66
20.831 3 ATTITUDE 0.008238 -3.130418 0.13116
20.832 3 IMU_ACCEL 1 1.219727 -0.051758 -9.274414
20.846 3 IMU_GYRO 1 -0.028564 0.025146 -0.044678
20.876 3 LINK_REPORT 3 -1 21 0 20800 876 0 1061. 46. 5 32.69
20.879 3 GPS 0 0 0 0 0 0 0 0 0 0 0
20.880 3 SVINFO 0 0 0 0 0 0 0
20.894 3 DESIRED 0.36 0.09 0.8 60. 60. 2595. 3. 15.
20.926 3 ATTITUDE 0.008253 -3.130332 0.131141
21.022 3 ATTITUDE 0.008225 -3.130246 0.131155
21.087 3 DESIRED 0.36 0.09 0.8 60. 60. 2595. 3. 15.
21.118 3 DL_VALUE 17 2.
21.144 3 ESTIMATOR 2578.366943 -0.081134
21.146 3 GPS 0 0 0 0 0 0 0 0 0 0 0
21.147 3 SVINFO 0 0 0 0 0 0 0
21.148 3 ATTITUDE 0.008233 -3.130145 0.131109
21.208 3 PPRZ_MODE 2 3 3 2 0 4
21.224 3 WP_MOVED 0 649123. 5253077. 2595. 32
21.240 3 ATTITUDE 0.008218 -3.130037 0.131098
21.242 3 ALIVE 8,144,6,66,11,198,81,189,7,217,216,157,220,111,57,170
21.289 3 DESIRED 0.36 0.09 0.8 60. 60. 2595. 3. 15.
21.321 3 SHT_STATUS 0 0 0.1 -39.66
21.322 3 ATTITUDE 0.008208 -3.12993 0.131082
21.369 3 GPS 0 0 0 0 0 0 0 0 0 0 0
21.370 3 SVINFO 0 0 0 0 0 0 0
21.416 3 ATTITUDE 0.00824 -3.129816 0.131044
21.448 3 IMU_GYRO 1 -0.028564 0.025146 -0.044678
21.464 3 AIRSPEED 0. 0. 0. 0.
21.497 3 DESIRED 0.36 0.09 0.8 60. 60. 2595. 3. 15.
21.528 3 ATTITUDE 0.008212 -3.129717 0.131033
21.544 3 ENERGY 0 11.34329 0. 0. 0. 0. 0.
21.560 3 CIRCLE 0. 0. -60.
21.625 3 ESTIMATOR 2578.436523 -0.022455
21.641 3 GPS 0 0 0 0 0 0 0 0 0 0 0
21.642 3 SVINFO 0 0 0 0 0 0 0
21.643 3 ATTITUDE 0.00821 -3.129575 0.131048
21.644 3 IMU_ACCEL 1 1.201172 -0.061523 -9.262695
21.689 3 DESIRED 0.36 0.09 0.8 60. 60. 2595. 3. 15.
21.720 3 WP_MOVED 1 649123. 5253077. 2595. 32
21.736 3 ATTITUDE 0.00822 -3.129491 0.131051
21.769 3 NAVIGATION 9 0 0. 0. 0. 0. 0 27 27 1 0 0
21.817 3 SHT_STATUS 0 0 0.1 -39.66
21.832 3 ATTITUDE 0.008242 -3.129381 0.131036
21.877 3 LINK_REPORT 3 -1 22 0 21726 914 0 926. 38. 5 32.69
21.891 3 FBW_STATUS 2 0 1 11.34329 0.
21.893 3 GPS 0 0 0 0 0 0 0 0 0 0 0
21.895 3 SVINFO 0 0 0 0 0 0 0
21.897 3 DESIRED 0.36 0.09 0.8 60. 60. 2595. 3. 15.
21.923 3 ATTITUDE 0.008241 -3.129297 0.131065
22.018 3 ATTITUDE 0.00825 -3.129181 0.131058
22.050 3 IMU_GYRO 1 -0.028564 0.026123 -0.044678
22.099 3 IMU_MAG 0 0. 0. 0.
22.100 3 DESIRED 0.36 0.09 0.8 60. 60. 2595. 3. 15.
22.142 3 ESTIMATOR 2578.397461 -0.04504
22.143 3 GPS 0 0 0 0 0 0 0 0 0 0 0
22.144 3 SVINFO 0 0 0 0 0 0 0
22.145 3 ATTITUDE 0.008258 -3.129042 0.131081
22.189 3 CALIBRATION -150. 0
22.222 3 STATE_FILTER_STATUS 6 3 0
22.223 3 WP_MOVED 2 649046.125 5253124. 2595. 32
22.238 3 ATTITUDE 0.008256 -3.12892 0.131043
22.286 3 DESIRED 0.36 0.09 0.8 60. 60. 2595. 3. 15.
22.334 3 SHT_STATUS 0 0 0.1 -39.66
22.335 3 ATTITUDE 0.008279 -3.128812 0.131079
22.366 3 GPS 0 0 0 0 0 0 0 0 0 0 0
22.382 3 SVINFO 0 0 0 0 0 0 0
22.430 3 ATTITUDE 0.008278 -3.128702 0.131068
22.430 3 IMU_ACCEL 1 1.227539 -0.038086 -9.254883
22.462 3 GPS_SOL 0 0 0 0
22.478 3 AIRSPEED 0. 0. 0. 0.
22.499 3 DESIRED 0.36 0.09 0.8 60. 60. 2595. 3. 15.
22.525 3 ATTITUDE 0.008306 -3.128582 0.131057
22.622 3 DL_VALUE 18 0.
22.638 3 CIRCLE 0. 0. -60.
22.639 3 ESTIMATOR 2578.552246 0.048984
22.640 3 GPS 0 0 0 0 0 0 0 0 0 0 0
22.666 3 SVINFO 0 0 0 0 0 0 0
22.667 3 ATTITUDE 0.00834 -3.128464 0.13103
22.667 3 ENERGY 0 11.34329 0. 0. 0. 0. 0.
22.668 3 IMU_GYRO 1 -0.028564 0.024658 -0.044678
22.669 3 FBW_STATUS 2 0 1 11.34329 0.
22.698 3 DESIRED 0.36 0.09 0.8 60. 60. 2595. 2.9 15.
22.714 3 WP_MOVED 0 649123. 5253077. 2595. 32
22.730 3 ATTITUDE 0.008357 -3.128348 0.13102
22.778 3 COMMANDS 0,3119,-585
22.785 3 NAVIGATION 9 0 0. 0. 0. 0. 0 28 28 1 0 0
22.826 3 SHT_STATUS 0 0 0.1 -39.66
22.827 3 ATTITUDE 0.008357 -3.128249 0.131027
22.874 3 GPS 0 0 0 0 0 0 0 0 0 0 0
22.875 3 SVINFO 0 0 0 0 0 0 0
22.878 3 LINK_REPORT 3 -1 23 0 22803 960 0 1077. 46. 5 32.69
22.890 3 DESIRED 0.36 0.09 0.8 60. 60. 2595. 2.9 15.
22.922 3 ATTITUDE 0.008325 -3.128133 0.131006
23.017 3 ATTITUDE 0.008332 -3.128009 0.131033
23.099 3 DESIRED 0.36 0.09 0.8 60. 60. 2595. 2.9 15.
23.142 3 ESTIMATOR 2578.77417 0.151746
23.143 3 GPS 0 0 0 0 0 0 0 0 0 0 0
23.144 3 SVINFO 0 0 0 0 0 0 0
23.145 3 ATTITUDE 0.008358 -3.127866 0.13104
23.222 3 WP_MOVED 1 649123. 5253077. 2595. 32
23.238 3 ATTITUDE 0.008335 -3.127746 0.131032
23.239 3 IMU_ACCEL 1 1.206055 -0.078125 -9.272461
23.254 3 IMU_GYRO 1 -0.028076 0.024658 -0.043945
23.287 3 DESIRED 0.36 0.09 0.8 60. 60. 2595. 2.9 15.
23.318 3 SHT_STATUS 0 0 0.1 -39.66
23.334 3 ATTITUDE 0.008358 -3.127619 0.131046
23.366 3 GPS 0 0 0 0 0 0 0 0 0 0 0
23.382 3 SVINFO 0 0 0 0 0 0 0
23.383 3 IMU_MAG 0 0. 0. 0.
23.430 3 ATTITUDE 0.008381 -3.127485 0.131061
23.462 3 AIRSPEED 0. 0. 0. 0.
23.506 3 DESIRED 0.36 0.09 0.8 60. 60. 2595. 2.9 15.
23.525 3 ATTITUDE 0.008411 -3.127352 0.131053
23.622 3 ESTIMATOR 2578.788086 0.124246
23.638 3 GPS 0 0 0 0 0 0 0 0 0 0 0
23.640 3 SVINFO 0 0 0 0 0 0 0
23.641 3 ATTITUDE 0.008425 -3.127253 0.131075
23.670 3 CIRCLE 0. 0. -60.
23.686 3 DESIRED 0.36 0.09 0.8 60. 60. 2595. 2.9 15.
23.718 3 WP_MOVED 2 649046.125 5253124. 2595. 32
23.734 3 ATTITUDE 0.008439 -3.12714 0.131067
23.750 3 ENERGY 0 11.349475 0. 0. 0. 0. 0.
23.766 3 NAVIGATION 9 0 0. 0. 0. 0. 0 29 29 1 0 0
23.798 3 DATALINK_REPORT 4 5 0 972 0 0
23.814 3 SHT_STATUS 0 0 0.1 -39.66
23.846 3 ATTITUDE 0.008399 -3.127048 0.131071
23.862 3 IMU_GYRO 1 -0.029785 0.025635 -0.045166
23.879 3 LINK_REPORT 3 -1 24 0 23687 996 0 884. 36. 5 32.69
23.891 3 FBW_STATUS 2 0 1 11.337105 0.
23.893 3 GPS 0 0 0 0 0 0 0 0 0 0 0
23.895 3 SVINFO 0 0 0 0 0 0 0
23.896 3 DESIRED 0.36 0.09 0.8 60. 60. 2595. 2.9 15.
23.923 3 ATTITUDE 0.008408 -3.126939 0.131082
24.035 3 ATTITUDE 0.008409 -3.12681 0.131075
24.035 3 IMU_ACCEL 1 1.224609 -0.081055 -9.276367
24.100 3 DESIRED 0.36 0.09 0.8 60. 60. 2595. 2.9 15.
24.142 3 DL_VALUE 19 0.
24.143 3 ESTIMATOR 2578.762451 0.074579
24.145 3 GPS 0 0 0 0 0 0 0 0 0 0 0
24.147 3 SVINFO 0 0 0 0 0 0 0
24.148 3 ATTITUDE 0.008418 -3.126672 0.131102
24.222 3 WP_MOVED 0 649123. 5253077. 2595. 32
24.238 3 ATTITUDE 0.008467 -3.126535 0.131085
24.286 3 DESIRED 0.36 0.09 0.8 60. 60. 2595. 2.9 15.
24.302 3 CALIBRATION -150. 0
24.318 3 SHT_STATUS 0 0 0.1 -39.66
24.334 3 ATTITUDE 0.008454 -3.126437 0.131075
24.366 3 GPS 0 0 0 0 0 0 0 0 0 0 0
24.382 3 SVINFO 0 0 0 0 0 0 0
24.398 3 STATE_FILTER_STATUS 6 3 0
24.430 3 ATTITUDE 0.008492 -3.126327 0.131059
24.446 3 IMU_GYRO 1 -0.027588 0.026123 -0.043945
24.479 3 GPS_SOL 0 0 0 0
24.479 3 AIRSPEED 0. 0. 0. 0.
24.504 3 DESIRED 0.36 0.09 0.8 60. 60. 2595. 2.9 15.
24.526 3 ATTITUDE 0.008499 -3.126218 0.131061
24.622 3 ESTIMATOR 2578.755371 0.055289
24.638 3 GPS 0 0 0 0 0 0 0 0 0 0 0
24.639 3 SVINFO 0 0 0 0 0 0 0
24.640 3 ATTITUDE 0.008531 -3.126094 0.131103
24.670 3 FBW_STATUS 2 0 1 11.34329 0.
24.686 3 IMU_MAG 0 0. 0. 0.
24.703 3 DESIRED 0.36 0.09 0.8 60. 60. 2595. 2.9 15.
24.718 3 CIRCLE 0. 0. -60.
24.719 3 WP_MOVED 1 649123. 5253077. 2595. 32
24.734 3 ATTITUDE 0.008489 -3.12599 0.131108
24.767 3 NAVIGATION 9 0 0. 0. 0. 0. 0 30 30 1 0 0
24.783 3 COMMANDS 0,3118,-585
24.830 3 SHT_STATUS 0 0 0.1 -39.66
24.846 3 ATTITUDE 0.008486 -3.125902 0.13115
24.847 3 IMU_ACCEL 1 1.241211 -0.066406 -9.267578
24.862 3 ENERGY 0 11.34329 0. 0. 0. 0. 0.
24.879 3 LINK_REPORT 3 -1 25 0 24713 1040 0 1026. 44. 5 32.69
24.891 3 NAVIGATION_REF 649123 5253077 32 2575.
24.892 3 GPS 0 0 0 0 0 0 0 0 0 0 0
24.894 3 SVINFO 0 0 0 0 0 0 0
24.895 3 DESIRED 0.36 0.09 0.8 60. 60. 2595. 3. 15.
24.923 3 ATTITUDE 0.008486 -3.125783 0.131158
25.019 3 ATTITUDE 0.008489 -3.125672 0.131161
25.051 3 IMU_GYRO 1 -0.028076 0.025635 -0.044678
25.100 3 DESIRED 0.36 0.09 0.8 60. 60. 2595. 3. 15.
25.141 3 ESTIMATOR 2578.535889 -0.067352
25.143 3 GPS 0 0 0 0 0 0 0 0 0 0 0
25.144 3 SVINFO 0 0 0 0 0 0 0
25.146 3 ATTITUDE 0.008505 -3.125548 0.131198
25.221 3 WP_MOVED 2 649046.125 5253124. 2595. 32
25.237 3 ATTITUDE 0.008499 -3.125404 0.131204
25.286 3 DESIRED 0.36 0.09 0.8 60. 60. 2595. 3. 15.
25.345 3 LOGGER_STATUS 1 0 0 PPRZ\pprzlog_0118.LOG,FLIGHT_RECORDER\fr_0121.LOG
25.345 3 SHT_STATUS 0 0 0.1 -39.66
25.346 3 ATTITUDE 0.008473 -3.12527 0.131187
25.376 3 GPS 0 0 0 0 0 0 0 0 0 0 0
25.377 3 SVINFO 0 0 0 0 0 0 0
25.391 3 PONG 
25.423 3 ATTITUDE 0.008499 -3.125112 0.131176
25.472 3 AIRSPEED 0. 0. 0. 0.
25.488 3 DESIRED 0.36 0.09 0.8 60. 60. 2595. 3. 15.
25.519 3 ATTITUDE 0.008507 -3.124963 0.13118
25.660 3 DL_VALUE 20 0.
25.661 3 ESTIMATOR 2578.437256 -0.106545
25.661 3 GPS 0 0 0 0 0 0 0 0 0 0 0
25.663 3 SVINFO 0 0 0 0 0 0 0
25.664 3 ATTITUDE 0.008471 -3.124837 0.131174
25.665 3 IMU_ACCEL 1 1.208008 -0.069336 -9.241211
25.665 3 IMU_GYRO 1 -0.027588 0.025146 -0.044678
25.692 3 DESIRED 0.36 0.09 0.8 60. 60. 2595. 3. 15.
25.724 3 WP_MOVED 0 649123. 5253077. 2595. 32
25.725 3 ATTITUDE 0.008492 -3.124719 0.131191
25.772 3 CIRCLE 0. 0. -60.
25.788 3 NAVIGATION 9 0 0. 0. 0. 0. 0 31 31 1 0 0
25.791 3 ACTUATORS 1040,1357,1401
25.820 3 SHT_STATUS 0 0 0.1 -39.66
25.836 3 ATTITUDE 0.008508 -3.124574 0.131207
25.867 3 FBW_STATUS 2 0 1 11.34329 0.
25.880 3 LINK_REPORT 3 -1 26 0 25715 1081 0 1002. 41. 6 24.86
25.898 3 GPS 0 0 0 0 0 0 0 0 0 0 0
25.899 3 SVINFO 0 0 0 0 0 0 0
25.900 3 DESIRED 0.36 0.09 0.8 60. 60. 2595. 3. 15.
25.930 3 ATTITUDE 0.008518 -3.124432 0.131198
25.946 3 ENERGY 0 11.349475 0. 0. 0. 0. 0.
25.978 3 IMU_MAG 0 0. 0. 0.
26.025 3 ATTITUDE 0.008513 -3.124306 0.131197
26.090 3 DESIRED 0.36 0.09 0.8 60. 60. 2595. 3. 15.
26.122 3 PPRZ_MODE 2 3 3 2 0 4
26.150 3 ESTIMATOR 2578.125977 -0.234728
26.151 3 GPS 0 0 0 0 0 0 0 0 0 0 0
26.152 3 SVINFO 0 0 0 0 0 0 0
26.153 3 ATTITUDE 0.00849 -3.124176 0.131169
26.214 3 WP_MOVED 1 649123. 5253077. 2595. 32
26.230 3 ATTITUDE 0.00847 -3.124058 0.131204
26.246 3 IMU_GYRO 1 -0.029053 0.025146 -0.045166
26.294 3 DESIRED 0.36 0.09 0.8 60. 60. 2595. 3. 15.
26.326 3 SHT_STATUS 0 0 0.1 -39.66
26.342 3 ALIVE 8,144,6,66,11,198,81,189,7,217,216,157,220,111,57,170
26.343 3 ATTITUDE 0.008485 -3.123938 0.131204
26.374 3 GPS 0 0 0 0 0 0 0 0 0 0 0
26.375 3 SVINFO 0 0 0 0 0 0 0
26.390 3 CALIBRATION -150. 0
26.438 3 ATTITUDE 0.008483 -3.123817 0.131209
26.438 3 IMU_ACCEL 1 1.232422 -0.042969 -9.310547
26.470 3 GPS_SOL 0 0 0 0
26.471 3 AIRSPEED 0. 0. 0. 0.
26.486 3 DESIRED 0.36 0.09 0.8 60. 60. 2595. 3. 15.
26.517 3 ATTITUDE 0.008489 -3.123685 0.131244
26.598 3 STATE_FILTER_STATUS 6 3 0
26.642 3 ESTIMATOR 2578.104004 -0.197549
26.643 3 GPS 0 0 0 0 0 0 0 0 0 0 0
26.644 3 SVINFO 0 0 0 0 0 0 0
26.645 3 ATTITUDE 0.008491 -3.123567 0.131275
26.658 3 FBW_STATUS 2 0 1 11.34329 0.
26.690 3 DESIRED 0.36 0.09 0.8 60. 60. 2595. 3. 15.
26.722 3 WP_MOVED 2 649046.125 5253124. 2595. 32
26.738 3 ATTITUDE 0.008487 -3.123429 0.131267
26.770 3 NAVIGATION 9 0 0. 0. 0. 0. 0 32 32 1 0 0
26.818 3 CIRCLE 0. 0. -60.
26.834 3 SHT_STATUS 0 0 0.1 -39.66
26.834 3 ATTITUDE 0.00848 -3.123323 0.131273
26.849 3 IMU_GYRO 1 -0.028076 0.025146 -0.044678
26.881 3 LINK_REPORT 3 -1 27 0 26733 1124 0 1018. 43. 6 24.86
26.882 3 GPS 0 0 0 0 0 0 0 0 0 0 0
26.883 3 SVINFO 0 0 0 0 0 0 0
26.898 3 DESIRED 0.36 0.09 0.8 60. 60. 2595. 3. 15.
26.908 3 WIND_INFO 3 5 0. 0. 0. 0.
26.930 3 ATTITUDE 0.008506 -3.123174 0.13127
27.026 3 ATTITUDE 0.008479 -3.123068 0.131291
27.042 3 ENERGY 0 11.349475 0. 0. 0. 0. 0.
27.091 3 DESIRED 0.36 0.09 0.8 60. 60. 2595. 3. 15.
27.122 3 DL_VALUE 21 0.
27.122 3 ESTIMATOR 2578.084229 -0.153704
27.151 3 GPS 0 0 0 0 0 0 0 0 0 0 0
27.152 3 SVINFO 0 0 0 0 0 0 0
27.153 3 ATTITUDE 0.008484 -3.122931 0.13129
27.215 3 WP_MOVED 0 649123. 5253077. 2595. 32
27.231 3 ATTITUDE 0.008499 -3.122838 0.131299
27.231 3 IMU_ACCEL 1 1.214844 -0.049805 -9.293945
27.295 3 IMU_MAG 0 0. 0. 0.
27.297 3 DESIRED 0.36 0.09 0.8 60. 60. 2595. 3. 15.
27.327 3 SHT_STATUS 0 0 0.1 -39.66
27.343 3 ATTITUDE 0.008533 -3.122713 0.131304
27.375 3 GPS 0 0 0 0 0 0 0 0 0 0 0
27.376 3 SVINFO 0 0 0 0 0 0 0
27.423 3 ATTITUDE 0.008522 -3.122573 0.131309
27.439 3 IMU_GYRO 1 -0.029053 0.025146 -0.044678
27.471 3 AIRSPEED 0. 0. 0. 0.
27.487 3 DESIRED 0.36 0.09 0.8 60. 60. 2595. 3. 15.
27.519 3 ATTITUDE 0.008506 -3.122438 0.13131
27.642 3 ESTIMATOR 2578.095703 -0.116836
27.643 3 GPS 0 0 0 0 0 0 0 0 0 0 0
27.645 3 SVINFO 0 0 0 0 0 0 0
27.645 3 ATTITUDE 0.0085 -3.12232 0.131307
27.690 3 DESIRED 0.36 0.09 0.8 60. 60. 2595. 3. 15.
27.722 3 WP_MOVED 1 649123. 5253077. 2595. 32
27.738 3 ATTITUDE 0.0085 -3.122206 0.131284
27.770 3 COMMANDS 0,3118,-548
27.771 3 NAVIGATION 9 0 0. 0. 0. 0. 0 33 33 1 0 0
27.818 3 SHT_STATUS 0 0 0.1 -39.66
27.834 3 ATTITUDE 0.008507 -3.12208 0.131282
27.882 3 LINK_REPORT 3 -1 28 0 27636 1161 0 903. 37. 7 24.86
27.907 3 FBW_STATUS 2 0 1 11.349475 0.
27.908 3 CIRCLE 0. 0. -60.
27.910 3 GPS 0 0 0 0 0 0 0 0 0 0 0
27.911 3 SVINFO 0 0 0 0 0 0 0
27.913 3 DESIRED 0.36 0.09 0.8 60. 60. 2595. 3.1 15.
27.923 3 ATTITUDE 0.008534 -3.121964 0.131245
28.034 3 ATTITUDE 0.008561 -3.121835 0.131238
28.035 3 IMU_ACCEL 1 1.224609 -0.056641 -9.269531
28.050 3 IMU_GYRO 1 -0.028076 0.025146 -0.044678
28.100 3 DESIRED 0.36 0.09 0.8 60. 60. 2595. 3.1 15.
28.141 3 ESTIMATOR 2577.880371 -0.198288
28.143 3 GPS 0 0 0 0 0 0 0 0 0 0 0
28.144 3 SVINFO 0 0 0 0 0 0 0
28.145 3 ATTITUDE 0.008608 -3.12171 0.131263
28.157 3 ENERGY 0 11.34329 0. 0. 0. 0. 0.
28.221 3 WP_MOVED 2 649046.125 5253124. 2595. 32
28.237 3 ATTITUDE 0.008595 -3.121629 0.131258
28.285 3 DESIRED 0.36 0.09 0.8 60. 60. 2595. 3.1 15.
28.333 3 SHT_STATUS 0 0 0.1 -39.66
28.334 3 ATTITUDE 0.008607 -3.121508 0.131249
28.366 3 GPS 0 0 0 0 0 0 0 0 0 0 0
28.381 3 SVINFO 0 0 0 0 0 0 0
28.429 3 ATTITUDE 0.008615 -3.121378 0.131252
28.461 3 GPS_SOL 0 0 0 0
28.477 3 AIRSPEED 0. 0. 0. 0.
28.494 3 DESIRED 0.36 0.09 0.8 60. 60. 2595. 3.1 15.
28.509 3 CALIBRATION -150. 0
28.525 3 ATTITUDE 0.008654 -3.121279 0.131233
28.590 3 IMU_MAG 0 0. 0. 0.
28.621 3 DL_VALUE 22 0.
28.647 3 ESTIMATOR 2577.825195 -0.187973
28.648 3 GPS 0 0 0 0 0 0 0 0 0 0 0
28.649 3 SVINFO 0 0 0 0 0 0 0
28.650 3 ATTITUDE 0.008667 -3.121142 0.131212
28.650 3 IMU_GYRO 1 -0.028076 0.025146 -0.044678
28.663 3 FBW_STATUS 2 0 1 11.34329 0.
28.706 3 AUTOPILOT_VERSION 60400 v6.4.0_stable
28.707 3 DESIRED 0.36 0.09 0.8 60. 60. 2595. 3.1 15.
28.721 3 WP_MOVED 0 649123. 5253077. 2595. 32
28.737 3 ATTITUDE 0.008671 -3.121031 0.131185
28.770 3 NAVIGATION 9 0 0. 0. 0. 0. 0 34 34 1 0 0
28.801 3 STATE_FILTER_STATUS 6 3 0
28.833 3 SHT_STATUS 0 0 0.1 -39.66
28.834 3 ATTITUDE 0.008695 -3.12088 0.131166
28.835 3 IMU_ACCEL 1 1.209961 -0.047852 -9.293945
28.881 3 GPS 0 0 0 0 0 0 0 0 0 0 0
28.882 3 SVINFO 0 0 0 0 0 0 0
28.883 3 LINK_REPORT 3 -1 29 0 28745 1208 0 1109. 47. 7 24.86
28.897 3 DATALINK_REPORT 2 7 0 49665 0 0
28.898 3 DESIRED 0.36 0.09 0.8 60. 60. 2595. 3.1 15.
28.913 3 CIRCLE 0. 0. -60.
28.929 3 ATTITUDE 0.008709 -3.120778 0.131135
29.025 3 ATTITUDE 0.008712 -3.120642 0.131092
29.089 3 DESIRED 0.36 0.09 0.8 60. 60. 2595. 3.1 15.
29.121 3 ESTIMATOR 2577.790527 -0.143626
29.138 3 GPS 0 0 0 0 0 0 0 0 0 0 0
29.139 3 SVINFO 0 0 0 0 0 0 0
29.140 3 ATTITUDE 0.00872 -3.120475 0.131094
29.217 3 WP_MOVED 1 649123. 5253077. 2595. 32
29.233 3 ATTITUDE 0.008708 -3.120353 0.131115
29.250 3 ENERGY 0 11.34329 0. 0. 0. 0. 0.
29.265 3 IMU_GYRO 1 -0.028564 0.025146 -0.044678
29.298 3 DESIRED 0.36 0.09 0.8 60. 60. 2595. 3.1 15.
29.329 3 SHT_STATUS 0 0 0.1 -39.66
29.330 3 ATTITUDE 0.008718 -3.120208 0.13112
29.378 3 GPS 0 0 0 0 0 0 0 0 0 0 0
29.378 3 SVINFO 0 0 0 0 0 0 0
29.425 3 ATTITUDE 0.008698 -3.120084 0.131086
29.473 3 AIRSPEED 0. 0. 0. 0.
29.490 3 DESIRED 0.36 0.09 0.8 60. 60. 2595. 3.1 15.
29.521 3 ATTITUDE 0.008722 -3.119958 0.131066
29.644 3 ESTIMATOR 2577.581299 -0.223097
29.645 3 GPS 0 0 0 0 0 0 0 0 0 0 0
29.646 3 SVINFO 0 0 0 0 0 0 0
29.647 3 ATTITUDE 0.008707 -3.11982 0.131058
29.647 3 IMU_ACCEL 1 1.209961 -0.078125 -9.272461
29.692 3 DESIRED 0.36 0.09 0.8 60. 60. 2595. 3.1 15.
29.724 3 WP_MOVED 2 649046.125 5253124. 2595. 32
29.739 3 ATTITUDE 0.008675 -3.11971 0.131054
29.772 3 NAVIGATION 9 0 0. 0. 0. 0. 0 35 35 1 0 0
29.773 3 COMMANDS 0,3116,-506
29.820 3 SHT_STATUS 0 0 0.1 -39.66
29.835 3 ATTITUDE 0.008691 -3.119602 0.131054
29.851 3 IMU_GYRO 1 -0.029053 0.025146 -0.043945
29.868 3 FBW_STATUS 2 0 1 11.34329 0.
29.884 3 GPS 0 0 0 0 0 0 0 0 0 0 0
29.885 3 SVINFO 0 0 0 0 0 0 0
29.885 3 LINK_REPORT 3 -1 30 0 29693 1247 0 948. 39. 7 24.86
29.900 3 IMU_MAG 0 0. 0. 0.
29.901 3 DESIRED 0.36 0.09 0.8 60. 60. 2595. 3.1 15.
29.931 3 ATTITUDE 0.008677 -3.11944 0.131071
29.964 3 CIRCLE 0. 0. -60.
30.027 3 ATTITUDE 0.008665 -3.119348 0.131074
30.092 3 DESIRED 0.36 0.09 0.8 60. 60. 2595. 3.1 15.
30.124 3 DL_VALUE 23 0.
30.125 3 ESTIMATOR 2577.719238 -0.078081
30.154 3 GPS 0 0 0 0 0 0 0 0 0 0 0
30.155 3 SVINFO 0 0 0 0 0 0 0
30.157 3 ATTITUDE 0.008671 -3.119236 0.13108
30.218 3 WP_MOVED 0 649123. 5253077. 2595. 32
30.233 3 ATTITUDE 0.008671 -3.119094 0.131043
30.299 3 DESIRED 0.36 0.09 0.8 60. 60. 2595. 3.1 15.
30.330 3 SHT_STATUS 0 0 0.1 -39.66
30.331 3 ATTITUDE 0.008656 -3.119009 0.130998
30.346 3 ENERGY 0 11.34329 0. 0. 0. 0. 0.
30.378 3 GPS 0 0 0 0 0 0 0 0 0 0 0
30.378 3 SVINFO 0 0 0 0 0 0 0
30.442 3 LOGGER_STATUS 1 0 32768 PPRZ\pprzlog_0118.LOG,FLIGHT_RECORDER\fr_0121.LOG
30.443 3 PONG 
30.443 3 ATTITUDE 0.008663 -3.118884 0.130992
30.444 3 IMU_ACCEL 1 1.241211 -0.085938 -9.300781
30.457 3 IMU_GYRO 1 -0.028076 0.025146 -0.044678
30.472 3 GPS_SOL 0 0 0 0
30.473 3 AIRSPEED 0. 0. 0. 0.
30.489 3 DESIRED 0.36 0.09 0.8 60. 60. 2595. 3.1 15.
30.521 3 ATTITUDE 0.00865 -3.118759 0.130985
30.584 3 CALIBRATION -150. 0
30.642 3 ESTIMATOR 2577.662354 -0.093539
30.643 3 GPS 0 0 0 0 0 0 0 0 0 0 0
30.643 3 SVINFO 0 0 0 0 0 0 0
30.644 3 ATTITUDE 0.008655 -3.118643 0.130944
30.658 3 FBW_STATUS 2 0 1 11.349475 0.
30.690 3 DESIRED 0.36 0.09 0.8 60. 60. 2595. 3.1 15.
30.722 3 WP_MOVED 1 649123. 5253077. 2595. 32
30.738 3 ATTITUDE 0.008619 -3.118505 0.13094
30.771 3 NAVIGATION 9 0 0. 0. 0. 0. 0 36 36 1 0 0
30.772 3 ACTUATORS 1040,1359,1399
30.819 3 SHT_STATUS 0 0 0.1 -39.66
30.835 3 ATTITUDE 0.008615 -3.118386 0.130915
30.867 3 GPS 0 0 0 0 0 0 0 0 0 0 0
30.883 3 SVINFO 0 0 0 0 0 0 0
30.885 3 LINK_REPORT 3 -1 31 0 30739 1290 0 1046. 43. 8 75.53
30.899 3 DESIRED 0.36 0.09 0.8 60. 60. 2595. 3.1 15.
30.931 3 ATTITUDE 0.008633 -3.118287 0.130895
30.995 3 STATE_FILTER_STATUS 6 3 0
31.026 3 PPRZ_MODE 2 3 3 2 0 4
31.027 3 CIRCLE 0. 0. -60.
31.028 3 ATTITUDE 0.008632 -3.118148 0.130863
31.042 3 IMU_GYRO 1 -0.029053 0.026123 -0.045166
31.091 3 DESIRED 0.36 0.09 0.8 60. 60. 2595. 3.1 15.
31.123 3 ESTIMATOR 2577.666748 -0.068507
31.139 3 GPS 0 0 0 0 0 0 0 0 0 0 0
31.140 3 SVINFO 0 0 0 0 0 0 0
31.141 3 ATTITUDE 0.008622 -3.11802 0.130903
31.187 3 IMU_MAG 0 0. 0. 0.
31.224 3 WP_MOVED 2 649046.125 5253124. 2595. 32
31.235 3 ATTITUDE 0.00863 -3.117873 0.130867
31.235 3 IMU_ACCEL 1 1.201172 -0.05957 -9.329102
31.299 3 DESIRED 0.36 0.09 0.8 60. 60. 2595. 3.1 15.
31.315 3 SHT_STATUS 0 0 0.1 -39.66
31.331 3 ATTITUDE 0.008648 -3.117735 0.130839
31.379 3 GPS 0 0 0 0 0 0 0 0 0 0 0
31.381 3 SVINFO 0 0 0 0 0 0 0
31.411 3 ALIVE 8,144,6,66,11,198,81,189,7,217,216,157,220,111,57,170
31.427 3 ATTITUDE 0.008643 -3.117632 0.130807
31.443 3 ENERGY 0 11.34329 0. 0. 0. 0. 0.
31.459 3 AIRSPEED 0. 0. 0. 0.
31.491 3 DESIRED 0.36 0.09 0.8 60. 60. 2595. 3.1 15.
31.523 3 ATTITUDE 0.008655 -3.117501 0.130776
31.619 3 DL_VALUE 24 0.
31.645 3 ESTIMATOR 2577.689453 -0.03634
31.646 3 GPS 0 0 0 0 0 0 0 0 0 0 0
31.647 3 SVINFO 0 0 0 0 0 0 0
31.647 3 ATTITUDE 0.008671 -3.117376 0.130776
31.648 3 IMU_GYRO 1 -0.029785 0.025635 -0.045166
31.694 3 DESIRED 0.36 0.09 0.8 60. 60. 2595. 3.1 15.
31.709 3 WP_MOVED 0 649123. 5253077. 2595. 32
31.725 3 ATTITUDE 0.008657 -3.11726 0.130777
31.773 3 NAVIGATION 9 0 0. 0. 0. 0. 0 37 37 1 0 0
31.821 3 SHT_STATUS 0 0 0.1 -39.66
31.822 3 ATTITUDE 0.00863 -3.117131 0.130745
31.869 3 FBW_STATUS 2 0 1 11.349475 0.
31.885 3 LINK_REPORT 3 -1 32 0 31687 1330 0 948. 40. 8 75.53
31.900 3 GPS 0 0 0 0 0 0 0 0 0 0 0
31.901 3 SVINFO 0 0 0 0 0 0 0
31.902 3 DESIRED 0.36 0.09 0.8 60. 60. 2595. 3.1 15.
31.932 3 ATTITUDE 0.00866 -3.11696 0.130709
32.028 3 ATTITUDE 0.00863 -3.116831 0.130668
32.029 3 IMU_ACCEL 1 1.229492 -0.076172 -9.28418
32.059 3 CIRCLE 0. 0. -60.
32.108 3 DESIRED 0.36 0.09 0.8 60. 60. 2595. 3.1 15.
32.124 3 ESTIMATOR 2577.677246 -0.032308
32.125 3 GPS 0 0 0 0 0 0 0 0 0 0 0
32.140 3 SVINFO 0 0 0 0 0 0 0
32.141 3 ATTITUDE 0.008634 -3.116693 0.130679
32.220 3 WP_MOVED 1 649123. 5253077. 2595. 32
32.236 3 ATTITUDE 0.008642 -3.116594 0.130661
32.252 3 IMU_GYRO 1 -0.028564 0.026123 -0.044678
32.300 3 DESIRED 0.36 0.09 0.8 60. 60. 2595. 3.1 15.
32.332 3 SHT_STATUS 0 0 0.1 -39.66
32.332 3 ATTITUDE 0.008659 -3.116498 0.130684
32.381 3 GPS 0 0 0 0 0 0 0 0 0 0 0
32.382 3 SVINFO 0 0 0 0 0 0 0
32.428 3 ATTITUDE 0.008719 -3.116354 0.130711
32.476 3 GPS_SOL 0 0 0 0
32.477 3 AIRSPEED 0. 0. 0. 0.
32.492 3 IMU_MAG 0 0. 0. 0.
32.511 3 DESIRED 0.36 0.09 0.8 60. 60. 2595. 3.1 15.
32.524 3 ATTITUDE 0.008704 -3.116217 0.130695
32.555 3 ENERGY 0 11.337105 0. 0. 0. 0. 0.
32.620 3 ESTIMATOR 2577.538086 -0.107042
32.650 3 GPS 0 0 0 0 0 0 0 0 0 0 0
32.651 3 SVINFO 0 0 0 0 0 0 0
32.652 3 ATTITUDE 0.008704 -3.116085 0.130666
32.665 3 FBW_STATUS 2 0 1 11.34329 0.
32.697 3 DESIRED 0.36 0.1 0.8 60. 60. 2595. 3.1 15.
32.713 3 CALIBRATION -150. 0
32.729 3 WP_MOVED 2 649046.125 5253124. 2595. 32
32.730 3 ATTITUDE 0.008694 -3.115962 0.130633
32.777 3 COMMANDS 0,3116,-498
32.778 3 NAVIGATION 9 0 0. 0. 0. 0. 0 38 38 1 0 0
32.825 3 SHT_STATUS 0 0 0.1 -39.66
32.841 3 ATTITUDE 0.008686 -3.115865 0.130594
32.842 3 IMU_ACCEL 1 1.196289 -0.064453 -9.250977
32.857 3 IMU_GYRO 1 -0.028564 0.025146 -0.045166
32.874 3 GPS 0 0 0 0 0 0 0 0 0 0 0
32.875 3 SVINFO 0 0 0 0 0 0 0
32.886 3 LINK_REPORT 3 -1 33 0 32741 1374 0 1054. 44. 8 75.53
32.889 3 DESIRED 0.36 0.1 0.8 60. 60. 2595. 3.1 15.
32.922 3 ATTITUDE 0.008663 -3.115741 0.130599
33.017 3 ATTITUDE 0.008656 -3.115608 0.130632
33.098 3 DESIRED 0.36 0.1 0.8 60. 60. 2595. 3.1 15.
33.143 3 DL_VALUE 25 140.
33.144 3 CIRCLE 0. 0. -60.
33.145 3 ESTIMATOR 2577.560791 -0.059001
33.146 3 GPS 0 0 0 0 0 0 0 0 0 0 0
33.148 3 SVINFO 0 0 0 0 0 0 0
33.150 3 ATTITUDE 0.008687 -3.115463 0.130616
33.207 3 STATE_FILTER_STATUS 6 3 0
33.223 3 WP_MOVED 0 649123. 5253077. 2595. 32
33.239 3 ATTITUDE 0.008669 -3.115332 0.130644
33.288 3 DESIRED 0.36 0.1 0.8 60. 60. 2595. 3.1 15.
33.319 3 SHT_STATUS 0 0 0.1 -39.66
33.335 3 ATTITUDE 0.008662 -3.115187 0.130621
33.367 3 GPS 0 0 0 0 0 0 0 0 0 0 0
33.383 3 SVINFO 0 0 0 0 0 0 0
33.431 3 ATTITUDE 0.008679 -3.115076 0.130633
33.448 3 IMU_GYRO 1 -0.028564 0.024658 -0.043945
33.463 3 AIRSPEED 0. 0. 0. 0.
33.496 3 DESIRED 0.36 0.09 0.8 60. 60. 2595. 3.1 15.
33.528 3 ATTITUDE 0.008695 -3.114938 0.130624
33.624 3 ESTIMATOR 2577.709961 0.033594
33.640 3 GPS 0 0 0 0 0 0 0 0 0 0 0
33.641 3 SVINFO 0 0 0 0 0 0 0
33.642 3 ATTITUDE 0.008672 -3.114814 0.130599
33.655 3 IMU_ACCEL 1 1.229492 -0.071289 -9.298828
33.656 3 ENERGY 0 11.34329 0. 0. 0. 0. 0.
33.688 3 DESIRED 0.36 0.09 0.8 60. 60. 2595. 3.1 15.
33.720 3 WP_MOVED 1 649123. 5253077. 2595. 32
33.735 3 ATTITUDE 0.008693 -3.114687 0.130589
33.768 3 NAVIGATION 9 0 0. 0. 0. 0. 0 39 39 1 0 0
33.784 3 IMU_MAG 0 0. 0. 0.
33.816 3 SHT_STATUS 0 0 0.1 -39.66
33.831 3 ATTITUDE 0.008726 -3.114565 0.130607
33.887 3 LINK_REPORT 3 -1 34 0 33610 1410 0 869. 36. 8 75.53
33.907 3 NAVIGATION_REF 649123 5253077 32 2575.
33.907 3 FBW_STATUS 2 0 1 11.34329 0.
33.909 3 GPS 0 0 0 0 0 0 0 0 0 0 0
33.911 3 SVINFO 0 0 0 0 0 0 0
33.912 3 DESIRED 0.36 0.09 0.8 60. 60. 2595. 3.1 15.
33.922 3 ATTITUDE 0.008753 -3.114432 0.13062
33.970 3 DATALINK_REPORT 4 8 0 50365 0 0
34.018 3 ATTITUDE 0.008747 -3.114327 0.130604
34.050 3 IMU_GYRO 1 -0.028076 0.025146 -0.045166
34.099 3 DESIRED 0.36 0.09 0.8 60. 60. 2595. 3.1 15.
34.143 3 ESTIMATOR 2577.638672 -0.019968
34.144 3 GPS 0 0 0 0 0 0 0 0 0 0 0
34.146 3 SVINFO 0 0 0 0 0 0 0
34.147 3 ATTITUDE 0.008758 -3.114197 0.130591
34.159 3 CIRCLE 0. 0. -60.
34.222 3 WP_MOVED 2 649046.125 5253124. 2595. 32
34.238 3 ATTITUDE 0.00878 -3.114058 0.130614
34.287 3 DESIRED 0.36 0.09 0.8 60. 60. 2595. 3.1 15.
34.319 3 SHT_STATUS 0 0 0.1 -39.66
34.334 3 ATTITUDE 0.00878 -3.113946 0.130599
34.367 3 GPS 0 0 0 0 0 0 0 0 0 0 0
34.383 3 SVINFO 0 0 0 0 0 0 0
34.431 3 ATTITUDE 0.008826 -3.113782 0.130592
34.431 3 IMU_ACCEL 1 1.234375 -0.051758 -9.289062
34.463 3 GPS_SOL 0 0 0 0
34.478 3 AIRSPEED 0. 0. 0. 0.
34.495 3 DESIRED 0.36 0.1 0.8 60. 60. 2595. 3.2 15.
34.527 3 ATTITUDE 0.008833 -3.11364 0.130565
34.623 3 DL_VALUE 26 0.
34.623 3 ESTIMATOR 2577.410645 -0.141856
34.652 3 GPS 0 0 0 0 0 0 0 0 0 0 0
34.653 3 SVINFO 0 0 0 0 0 0 0
34.654 3 ATTITUDE 0.008841 -3.113496 0.130573
34.655 3 IMU_GYRO 1 -0.028564 0.024658 -0.044678
34.668 3 FBW_STATUS 2 0 1 11.34329 0.
34.684 3 DESIRED 0.36 0.1 0.8 60. 60. 2595. 3.1 15.
34.716 3 WP_MOVED 0 649123. 5253077. 2595. 32
34.732 3 ATTITUDE 0.008822 -3.113402 0.130599
34.748 3 ENERGY 0 11.34329 0. 0. 0. 0. 0.
34.780 3 NAVIGATION 9 0 0. 0. 0. 0. 0 40 40 1 0 0
34.782 3 COMMANDS 0,3115,-493
34.795 3 CALIBRATION -150. 0
34.828 3 SHT_STATUS 0 0 0.1 -39.66
34.828 3 ATTITUDE 0.00885 -3.113308 0.130613
34.876 3 GPS 0 0 0 0 0 0 0 0 0 0 0
34.877 3 SVINFO 0 0 0 0 0 0 0
34.887 3 LINK_REPORT 3 -1 35 0 34694 1456 0 1084. 46. 8 75.53
34.892 3 DESIRED 0.36 0.1 0.8 60. 60. 2595. 3.1 15.
34.924 3 ATTITUDE 0.00887 -3.113185 0.130614
35.020 3 ATTITUDE 0.008898 -3.113075 0.130616
35.100 3 IMU_MAG 0 0. 0. 0.
35.101 3 DESIRED 0.36 0.1 0.8 60. 60. 2595. 3.1 15.
35.142 3 ESTIMATOR 2577.586914 -0.006335
35.143 3 GPS 0 0 0 0 0 0 0 0 0 0 0
35.144 3 SVINFO 0 0 0 0 0 0 0
35.145 3 ATTITUDE 0.008926 -3.112939 0.130626
35.222 3 CIRCLE 0. 0. -60.
35.223 3 WP_MOVED 1 649123. 5253077. 2595. 32
35.254 3 ATTITUDE 0.008916 -3.112797 0.130622
35.254 3 IMU_ACCEL 1 1.224609 -0.087891 -9.34668
35.255 3 IMU_GYRO 1 -0.029053 0.025146 -0.045166
35.286 3 DESIRED 0.36 0.09 0.8 60. 60. 2595. 3.2 15.
35.318 3 SHT_STATUS 0 0 0.1 -39.66
35.334 3 ATTITUDE 0.008917 -3.11268 0.13061
35.382 3 GPS 0 0 0 0 0 0 0 0 0 0 0
35.384 3 SVINFO 0 0 0 0 0 0 0
35.397 3 STATE_FILTER_STATUS 6 3 0
35.429 3 PONG 
35.430 3 ATTITUDE 0.008926 -3.112536 0.130595
35.462 3 AIRSPEED 0. 0. 0. 0.
35.494 3 DESIRED 0.36 0.1 0.8 60. 60. 2595. 3.2 15.
35.526 3 LOGGER_STATUS 1 0 73728 PPRZ\pprzlog_0118.LOG,FLIGHT_RECORDER\fr_0121.LOG
35.526 3 ATTITUDE 0.00893 -3.112404 0.130581
35.621 3 ESTIMATOR 2577.373291 -0.124411
35.647 3 GPS 0 0 0 0 0 0 0 0 0 0 0
35.648 3 SVINFO 0 0 0 0 0 0 0
35.649 3 ATTITUDE 0.008923 -3.112266 0.13057
35.695 3 DESIRED 0.36 0.1 0.8 60. 60. 2595. 3.2 15.
35.711 3 WP_MOVED 2 649046.125 5253124. 2595. 32
35.727 3 ATTITUDE 0.008948 -3.112132 0.130567
35.775 3 NAVIGATION 9 0 0. 0. 0. 0. 0 41 41 1 0 0
35.777 3 ACTUATORS 1040,1360,1398
35.823 3 SHT_STATUS 0 0 0.1 -39.66
35.839 3 ATTITUDE 0.008949 -3.112004 0.130574
35.855 3 ENERGY 0 11.34329 0. 0. 0. 0. 0.
35.871 3 IMU_GYRO 1 -0.027588 0.025635 -0.044678
35.871 3 FBW_STATUS 2 0 1 11.34329 0.
35.888 3 LINK_REPORT 3 -1 36 0 35677 1496 0 983. 40. 9 61.87
35.902 3 GPS 0 0 0 0 0 0 0 0 0 0 0
35.903 3 SVINFO 0 0 0 0 0 0 0
35.904 3 DESIRED 0.36 0.1 0.8 60. 60. 2595. 3.2 15.
35.918 3 PPRZ_MODE 2 3 3 2 0 4
35.934 3 ATTITUDE 0.008962 -3.111867 0.130559
36.030 3 ATTITUDE 0.008984 -3.111743 0.130566
36.030 3 IMU_ACCEL 1 1.232422 -0.102539 -9.322266
36.095 3 DESIRED 0.36 0.1 0.8 60. 60. 2595. 3.2 15.
36.126 3 DL_VALUE 27 0.
36.127 3 ESTIMATOR 2577.398193 -0.07503
36.143 3 GPS 0 0 0 0 0 0 0 0 0 0 0
36.144 3 SVINFO 0 0 0 0 0 0 0
36.144 3 ATTITUDE 0.008976 -3.111632 0.130573
36.222 3 WP_MOVED 0 649123. 5253077. 2595. 32
36.238 3 ATTITUDE 0.009014 -3.111502 0.130567
36.270 3 CIRCLE 0. 0. -60.
36.286 3 DESIRED 0.36 0.1 0.8 60. 60. 2595. 3.2 15.
36.319 3 SHT_STATUS 0 0 0.1 -39.66
36.334 3 ATTITUDE 0.009002 -3.111383 0.130582
36.366 3 GPS 0 0 0 0 0 0 0 0 0 0 0
36.382 3 SVINFO 0 0 0 0 0 0 0
36.383 3 IMU_MAG 0 0. 0. 0.
36.430 3 ATTITUDE 0.009011 -3.111234 0.130572
36.446 3 IMU_GYRO 1 -0.029785 0.025635 -0.044678
36.462 3 GPS_SOL 0 0 0 0
36.478 3 AIRSPEED 0. 0. 0. 0.
36.495 3 DESIRED 0.36 0.1 0.8 60. 60. 2595. 3.2 15.
36.517 3 ALIVE 8,144,6,66,11,198,81,189,7,217,216,157,220,111,57,170
36.526 3 ATTITUDE 0.008997 -3.111084 0.130588
36.622 3 ESTIMATOR 2577.404785 -0.051257
36.638 3 GPS 0 0 0 0 0 0 0 0 0 0 0
36.639 3 SVINFO 0 0 0 0 0 0 0
36.640 3 ATTITUDE 0.00897 -3.11093 0.130567
36.670 3 FBW_STATUS 2 0 1 11.337105 0.
36.686 3 DESIRED 0.36 0.1 0.8 60. 60. 2595. 3.2 15.
36.718 3 WP_MOVED 1 649123. 5253077. 2595. 32
36.734 3 ATTITUDE 0.008975 -3.110808 0.130546
36.767 3 NAVIGATION 9 0 0. 0. 0. 0. 0 42 42 1 0 0
36.830 3 SHT_STATUS 0 0 0.1 -39.66
36.831 3 ATTITUDE 0.008976 -3.110651 0.13057
36.838 3 IMU_ACCEL 1 1.217773 -0.049805 -9.28125
36.879 3 GPS 0 0 0 0 0 0 0 0 0 0 0
36.880 3 SVINFO 0 0 0 0 0 0 0
36.889 3 LINK_REPORT 3 -1 37 0 36701 1539 0 1024. 43. 9 61.87
36.894 3 DESIRED 0.36 0.1 0.8 60. 60. 2595. 3.2 15.
36.909 3 WIND_INFO 3 5 0. 0. 0. 0.
36.910 3 CALIBRATION -150. 0
36.926 3 ATTITUDE 0.008932 -3.110498 0.130563
36.958 3 ENERGY 0 11.34329 0. 0. 0. 0. 0.
37.022 3 ATTITUDE 0.008936 -3.110307 0.130573
37.038 3 IMU_GYRO 1 -0.028564 0.025635 -0.045166
37.086 3 DESIRED 0.36 0.1 0.8 60. 60. 2595. 3.2 15.
37.118 3 ESTIMATOR 2577.24292 -0.119174
37.145 3 GPS 0 0 0 0 0 0 0 0 0 0 0
37.146 3 SVINFO 0 0 0 0 0 0 0
37.148 3 ATTITUDE 0.008938 -3.110178 0.130591
37.209 3 WP_MOVED 2 649046.125 5253124. 2595. 32
37.225 3 ATTITUDE 0.008949 -3.11006 0.13061
37.290 3 DESIRED 0.36 0.1 0.8 60. 60. 2595. 3.2 15.
37.321 3 CIRCLE 0. 0. -60.
37.337 3 SHT_STATUS 0 0 0.1 -39.66
37.338 3 ATTITUDE 0.008964 -3.109944 0.130607
37.369 3 GPS 0 0 0 0 0 0 0 0 0 0 0
37.371 3 SVINFO 0 0 0 0 0 0 0
37.417 3 ATTITUDE 0.008956 -3.109788 0.130598
37.465 3 AIRSPEED 0. 0. 0. 0.
37.498 3 DESIRED 0.36 0.1 0.8 60. 60. 2595. 3.2 15.
37.530 3 ATTITUDE 0.008943 -3.109624 0.130592
37.593 3 STATE_FILTER_STATUS 6 3 0
37.625 3 DL_VALUE 28 0.
37.626 3 ESTIMATOR 2577.206055 -0.114395
37.656 3 GPS 0 0 0 0 0 0 0 0 0 0 0
37.658 3 SVINFO 0 0 0 0 0 0 0
37.659 3 ATTITUDE 0.008943 -3.109473 0.130612
37.667 3 IMU_ACCEL 1 1.249023 -0.061523 -9.329102
37.668 3 IMU_GYRO 1 -0.028564 0.025146 -0.045166
37.689 3 IMU_MAG 0 0. 0. 0.
37.705 3 DESIRED 0.36 0.1 0.8 60. 60. 2595. 3.2 15.
37.720 3 WP_MOVED 0 649123. 5253077. 2595. 32
37.736 3 ATTITUDE 0.008936 -3.109357 0.130636
37.768 3 COMMANDS 0,3114,-484
37.770 3 NAVIGATION 9 0 0. 0. 0. 0. 0 43 43 1 0 0
37.816 3 SHT_STATUS 0 0 0.1 -39.66
37.832 3 ATTITUDE 0.00894 -3.10921 0.130623
37.890 3 LINK_REPORT 3 -1 38 0 37619 1578 0 918. 39. 10 61.87
37.890 3 FBW_STATUS 2 0 1 11.34329 0.
37.891 3 GPS 0 0 0 0 0 0 0 0 0 0 0
37.892 3 SVINFO 0 0 0 0 0 0 0
37.893 3 DESIRED 0.36 0.1 0.8 60. 60. 2595. 3.2 15.
37.923 3 ATTITUDE 0.008887 -3.109088 0.130655
38.023 3 ATTITUDE 0.008872 -3.108953 0.130681
38.050 3 ENERGY 0 11.34329 0. 0. 0. 0. 0.
38.098 3 DESIRED 0.36 0.1 0.8 60. 60. 2595. 3.2 15.
38.141 3 ESTIMATOR 2577.380127 0.002647
38.142 3 GPS 0 0 0 0 0 0 0 0 0 0 0
38.144 3 SVINFO 0 0 0 0 0 0 0
38.144 3 ATTITUDE 0.008871 -3.108808 0.130655
38.222 3 WP_MOVED 1 649123. 5253077. 2595. 32
38.238 3 ATTITUDE 0.008882 -3.108675 0.130665
38.254 3 IMU_GYRO 1 -0.028564 0.024658 -0.044678
38.286 3 DESIRED 0.36 0.1 0.8 60. 60. 2595. 3.2 15.
38.318 3 SHT_STATUS 0 0 0.1 -39.66
38.334 3 ATTITUDE 0.008875 -3.108568 0.130626
38.382 3 CIRCLE 0. 0. -60.
38.383 3 GPS 0 0 0 0 0 0 0 0 0 0 0
38.385 3 SVINFO 0 0 0 0 0 0 0
38.429 3 ATTITUDE 0.00884 -3.108392 0.130631
38.430 3 IMU_ACCEL 1 1.236328 -0.05957 -9.310547
38.478 3 GPS_SOL 0 0 0 0
38.479 3 AIRSPEED 0. 0. 0. 0.
38.494 3 DESIRED 0.36 0.1 0.8 60. 60. 2595. 3.2 15.
38.525 3 ATTITUDE 0.008822 -3.108246 0.130656
38.622 3 ESTIMATOR 2577.295898 -0.038955
38.638 3 GPS 0 0 0 0 0 0 0 0 0 0 0
38.639 3 SVINFO 0 0 0 0 0 0 0
38.640 3 ATTITUDE 0.008795 -3.108116 0.130672
38.670 3 FBW_STATUS 2 0 1 11.34329 0.
38.686 3 DESIRED 0.36 0.1 0.8 60. 60. 2595. 3.2 15.
38.718 3 WP_MOVED 2 649046.125 5253124. 2595. 32
38.734 3 ATTITUDE 0.008789 -3.108009 0.130675
38.765 3 NAVIGATION 9 0 0. 0. 0. 0. 0 44 44 1 0 0
38.829 3 SHT_STATUS 0 0 0.1 -39.66
38.830 3 ATTITUDE 0.008788 -3.107877 0.130696
38.846 3 IMU_GYRO 1 -0.028564 0.02417 -0.042969
38.878 3 GPS 0 0 0 0 0 0 0 0 0 0 0
38.880 3 SVINFO 0 0 0 0 0 0 0
38.891 3 LINK_REPORT 3 -1 39 0 38622 1619 0 1003. 41. 10 61.87
38.894 3 DESIRED 0.36 0.1 0.8 60. 60. 2595. 3.2 15.
38.926 3 ATTITUDE 0.008801 -3.10773 0.130691
38.990 3 IMU_MAG 0 0. 0. 0.
39.005 3 CALIBRATION -150. 0
39.021 3 ATTITUDE 0.008824 -3.107584 0.130705
39.069 3 DATALINK_REPORT 2 10 0 50873 0 0
39.086 3 DESIRED 0.36 0.1 0.8 60. 60. 2595. 3.2 15.
39.159 3 DL_VALUE 29 0.45
39.160 3 ESTIMATOR 2577.206543 -0.073973
39.160 3 GPS 0 0 0 0 0 0 0 0 0 0 0
39.162 3 SVINFO 0 0 0 0 0 0 0
39.163 3 ATTITUDE 0.008848 -3.10745 0.130711
39.164 3 ENERGY 0 11.349475 0. 0. 0. 0. 0.
39.223 3 WP_MOVED 0 649123. 5253077. 2595. 32
39.238 3 ATTITUDE 0.008828 -3.107328 0.130712
39.239 3 IMU_ACCEL 1 1.222656 -0.076172 -9.351562
39.287 3 DESIRED 0.36 0.1 0.8 60. 60. 2595. 3.2 15.
39.319 3 SHT_STATUS 0 0 0.1 -39.66
39.334 3 ATTITUDE 0.008842 -3.107161 0.13073
39.367 3 GPS 0 0 0 0 0 0 0 0 0 0 0
39.383 3 SVINFO 0 0 0 0 0 0 0
39.415 3 CIRCLE 0. 0. -60.
39.431 3 ATTITUDE 0.00885 -3.107035 0.130744
39.447 3 IMU_GYRO 1 -0.028076 0.025146 -0.043945
39.463 3 AIRSPEED 0. 0. 0. 0.
39.495 3 DESIRED 0.36 0.1 0.8 60. 60. 2595. 3.2 15.
39.528 3 ATTITUDE 0.00888 -3.106877 0.130743
39.623 3 ESTIMATOR 2577.192627 -0.061396
39.639 3 GPS 0 0 0 0 0 0 0 0 0 0 0
39.643 3 SVINFO 0 0 0 0 0 0 0
39.644 3 ATTITUDE 0.008892 -3.106706 0.130766
39.687 3 DESIRED 0.36 0.1 0.8 60. 60. 2595. 3.2 15.
39.719 3 WP_MOVED 1 649123. 5253077. 2595. 32
39.735 3 ATTITUDE 0.008891 -3.106575 0.130765
39.793 3 NAVIGATION 9 0 0. 0. 0. 0. 0 45 45 1 0 0
39.794 3 COMMANDS 0,3114,-473
39.795 3 AUTOPILOT_VERSION 60400 v6.4.0_stable
39.809 3 STATE_FILTER_STATUS 6 3 0
39.825 3 SHT_STATUS 0 0 0.1 -39.66
39.831 3 ATTITUDE 0.008891 -3.106426 0.130755
39.873 3 FBW_STATUS 2 0 1 11.349475 0.
39.889 3 GPS 0 0 0 0 0 0 0 0 0 0 0
39.891 3 SVINFO 0 0 0 0 0 0 0
39.891 3 DESIRED 0.36 0.1 0.8 60. 60. 2595. 3.2 15.
39.893 3 LINK_REPORT 3 -1 40 0 39674 1663 0 1052. 44. 10 61.87
39.921 3 ATTITUDE 0.008889 -3.106309 0.13077
40.033 3 ATTITUDE 0.008913 -3.106155 0.130806
40.033 3 IMU_ACCEL 1 1.232422 -0.069336 -9.307617
40.049 3 IMU_GYRO 1 -0.029053 0.026123 -0.043945
40.097 3 DESIRED 0.36 0.1 0.8 60. 60. 2595. 3.2 15.
40.142 3 ESTIMATOR 2577.222168 -0.018894
40.144 3 GPS 0 0 0 0 0 0 0 0 0 0 0
40.145 3 SVINFO 0 0 0 0 0 0 0
40.146 3 ATTITUDE 0.008882 -3.106027 0.130811
40.222 3 WP_MOVED 2 649046.125 5253124. 2595. 32
40.238 3 ATTITUDE 0.008915 -3.105854 0.130827
40.254 3 ENERGY 0 11.34329 0. 0. 0. 0. 0.
40.286 3 IMU_MAG 0 0. 0. 0.
40.302 3 DESIRED 0.36 0.1 0.8 60. 60. 2595. 3.2 15.
40.318 3 SHT_STATUS 0 0 0.1 -39.66
40.334 3 ATTITUDE 0.008917 -3.105716 0.130806
40.366 3 GPS 0 0 0 0 0 0 0 0 0 0 0
40.382 3 SVINFO 0 0 0 0 0 0 0
40.398 3 PONG 
40.430 3 ATTITUDE 0.008899 -3.105585 0.130805
40.489 3 GPS_SOL 0 0 0 0
40.490 3 CIRCLE 0. 0. -60.
40.491 3 AIRSPEED 0. 0. 0. 0.
40.492 3 DESIRED 0.36 0.1 0.8 60. 60. 2595. 3.2 15.
40.521 3 ATTITUDE 0.008918 -3.10547 0.130791
40.602 3 LOGGER_STATUS 1 0 106496 PPRZ\pprzlog_0118.LOG,FLIGHT_RECORDER\fr_0121.LOG
40.643 3 DL_VALUE 30 0.
40.644 3 ESTIMATOR 2577.050293 -0.112148
40.645 3 GPS 0 0 0 0 0 0 0 0 0 0 0
40.647 3 SVINFO 0 0 0 0 0 0 0
40.648 3 ATTITUDE 0.008901 -3.10534 0.130806
40.648 3 IMU_GYRO 1 -0.028564 0.02417 -0.043945
40.659 3 FBW_STATUS 2 0 1 11.34329 0.
40.692 3 DESIRED 0.36 0.1 0.8 60. 60. 2595. 3.2 15.
40.707 3 WP_MOVED 0 649123. 5253077. 2595. 32
40.739 3 ATTITUDE 0.008909 -3.105169 0.130814
40.772 3 NAVIGATION 9 0 0. 0. 0. 0. 0 46 46 1 0 0
40.773 3 ACTUATORS 1040,1361,1397
40.819 3 PPRZ_MODE 2 3 3 2 0 4
40.835 3 SHT_STATUS 0 0 0.1 -39.66
40.836 3 ATTITUDE 0.008884 -3.105022 0.130824
40.837 3 IMU_ACCEL 1 1.219727 -0.030273 -9.298828
40.868 3 GPS 0 0 0 0 0 0 0 0 0 0 0
40.883 3 SVINFO 0 0 0 0 0 0 0
40.891 3 LINK_REPORT 3 -1 41 0 40723 1707 0 1049. 44. 11 29.23
40.900 3 DESIRED 0.36 0.1 0.8 60. 60. 2595. 3.2 15.
40.931 3 ATTITUDE 0.008864 -3.104904 0.130813
41.030 3 ATTITUDE 0.008881 -3.104739 0.130818
41.091 3 DESIRED 0.36 0.1 0.8 60. 60. 2595. 3.2 15.
41.107 3 CALIBRATION -150. 0
41.123 3 ESTIMATOR 2577.039307 -0.083221
41.140 3 GPS 0 0 0 0 0 0 0 0 0 0 0
41.141 3 SVINFO 0 0 0 0 0 0 0
41.142 3 ATTITUDE 0.008867 -3.104604 0.13083
41.219 3 WP_MOVED 1 649123. 5253077. 2595. 32
41.235 3 ATTITUDE 0.008861 -3.104443 0.130826
41.251 3 IMU_GYRO 1 -0.028076 0.024658 -0.044678
41.300 3 DESIRED 0.36 0.1 0.8 60. 60. 2595. 3.2 15.
41.331 3 SHT_STATUS 0 0 0.1 -39.66
41.332 3 ATTITUDE 0.008858 -3.104302 0.130797
41.347 3 ENERGY 0 11.337105 0. 0. 0. 0. 0.
41.380 3 GPS 0 0 0 0 0 0 0 0 0 0 0
41.381 3 SVINFO 0 0 0 0 0 0 0
41.427 3 ATTITUDE 0.008864 -3.104133 0.130799
41.459 3 AIRSPEED 0. 0. 0. 0.
41.492 3 DESIRED 0.36 0.1 0.8 60. 60. 2595. 3.3 15.
41.507 3 CIRCLE 0. 0. -60.
41.523 3 ATTITUDE 0.00885 -3.103998 0.130766
41.587 3 IMU_MAG 0 0. 0. 0.
41.605 3 ALIVE 8,144,6,66,11,198,81,189,7,217,216,157,220,111,57,170
41.619 3 ESTIMATOR 2576.903076 -0.141064
41.645 3 GPS 0 0 0 0 0 0 0 0 0 0 0
41.647 3 SVINFO 0 0 0 0 0 0 0
41.648 3 ATTITUDE 0.008863 -3.103826 0.130724
41.648 3 IMU_ACCEL 1 1.241211 -0.071289 -9.34375
41.694 3 DESIRED 0.36 0.1 0.8 60. 60. 2595. 3.3 15.
41.710 3 WP_MOVED 2 649046.125 5253124. 2595. 32
41.725 3 ATTITUDE 0.008858 -3.103729 0.130706
41.774 3 NAVIGATION 9 0 0. 0. 0. 0. 0 47 47 1 0 0
41.822 3 SHT_STATUS 0 0 0.1 -39.66
41.822 3 ATTITUDE 0.008828 -3.103586 0.130702
41.838 3 IMU_GYRO 1 -0.028564 0.024658 -0.043457
41.870 3 FBW_STATUS 2 0 1 11.31855 0.
41.886 3 GPS 0 0 0 0 0 0 0 0 0 0 0
41.886 3 SVINFO 0 0 0 0 0 0 0
41.892 3 LINK_REPORT 3 -1 42 0 41696 1747 0 973. 40. 11 29.23
41.902 3 DESIRED 0.36 0.1 0.8 60. 60. 2595. 3.3 15.
41.917 3 ATTITUDE 0.008815 -3.103444 0.130674
41.997 3 STATE_FILTER_STATUS 6 3 0
42.029 3 ATTITUDE 0.008826 -3.103275 0.130649
42.094 3 DESIRED 0.36 0.1 0.8 60. 60. 2595. 3.3 15.
42.125 3 DL_VALUE 31 0.002
42.126 3 ESTIMATOR 2576.917236 -0.077435
42.142 3 GPS 0 0 0 0 0 0 0 0 0 0 0
42.143 3 SVINFO 0 0 0 0 0 0 0
42.143 3 ATTITUDE 0.00881 -3.103127 0.130663
42.221 3 WP_MOVED 0 649123. 5253077. 2595. 32
42.237 3 ATTITUDE 0.008798 -3.103 0.130608
42.286 3 DESIRED 0.36 0.1 0.8 60. 60. 2595. 3.2 15.
42.318 3 SHT_STATUS 0 0 0.1 -39.66
42.333 3 ATTITUDE 0.008774 -3.102872 0.130622
42.366 3 GPS 0 0 0 0 0 0 0 0 0 0 0
42.381 3 SVINFO 0 0 0 0 0 0 0
42.429 3 ATTITUDE 0.008761 -3.102731 0.130621
42.430 3 IMU_ACCEL 1 1.236328 -0.061523 -9.300781
42.462 3 ENERGY 0 11.34329 0. 0. 0. 0. 0.
42.463 3 IMU_GYRO 1 -0.028564 0.025146 -0.043945
42.478 3 GPS_SOL 0 0 0 0
42.478 3 AIRSPEED 0. 0. 0. 0.
42.494 3 DESIRED 0.36 0.1 0.8 60. 60. 2595. 3.2 15.
42.526 3 ATTITUDE 0.00875 -3.102605 0.130627
42.557 3 CIRCLE 0. 0. -60.
42.622 3 ESTIMATOR 2577.069824 0.026598
42.638 3 GPS 0 0 0 0 0 0 0 0 0 0 0
42.639 3 SVINFO 0 0 0 0 0 0 0
42.640 3 ATTITUDE 0.008763 -3.102437 0.130592
42.669 3 FBW_STATUS 2 0 1 11.34329 0.
42.686 3 DESIRED 0.36 0.1 0.8 60. 60. 2595. 3.3 15.
42.717 3 WP_MOVED 1 649123. 5253077. 2595. 32
42.733 3 ATTITUDE 0.008756 -3.10231 0.130577
42.766 3 COMMANDS 0,3116,-446
42.782 3 NAVIGATION 9 0 0. 0. 0. 0. 0 48 48 1 0 0
42.814 3 SHT_STATUS 0 0 0.1 -39.66
42.829 3 ATTITUDE 0.008767 -3.102118 0.130611
42.890 3 NAVIGATION_REF 649123 5253077 32 2575.
42.891 3 GPS 0 0 0 0 0 0 0 0 0 0 0
42.893 3 SVINFO 0 0 0 0 0 0 0
42.894 3 IMU_MAG 0 0. 0. 0.
42.894 3 LINK_REPORT 3 -1 43 0 42690 1789 0 994. 42. 11 29.23
42.906 3 DESIRED 0.36 0.1 0.8 60. 60. 2595. 3.3 15.
42.922 3 ATTITUDE 0.008762 -3.101973 0.130566
43.023 3 ATTITUDE 0.008774 -3.101824 0.13058
43.049 3 IMU_GYRO 1 -0.029053 0.024658 -0.044678
43.098 3 DESIRED 0.36 0.1 0.8 60. 60. 2595. 3.3 15.
43.141 3 ESTIMATOR 2576.832764 -0.095624
43.142 3 GPS 0 0 0 0 0 0 0 0 0 0 0
43.144 3 SVINFO 0 0 0 0 0 0 0
43.145 3 ATTITUDE 0.008769 -3.101656 0.130568
43.189 3 CALIBRATION -150. 0
43.221 3 WP_MOVED 2 649046.125 5253124. 2595. 32
43.237 3 ATTITUDE 0.008775 -3.101475 0.130571
43.237 3 IMU_ACCEL 1 1.246094 -0.066406 -9.341797
43.285 3 DESIRED 0.36 0.1 0.8 60. 60. 2595. 3.3 15.
43.317 3 SHT_STATUS 0 0 0.1 -39.66
43.333 3 ATTITUDE 0.008759 -3.101346 0.130521
43.381 3 GPS 0 0 0 0 0 0 0 0 0 0 0
43.382 3 SVINFO 0 0 0 0 0 0 0
43.429 3 ATTITUDE 0.00877 -3.101202 0.130527
43.461 3 AIRSPEED 0. 0. 0. 0.
43.493 3 DESIRED 0.36 0.1 0.8 60. 60. 2595. 3.3 15.
43.525 3 ATTITUDE 0.008725 -3.101054 0.130535
43.541 3 ENERGY 0 11.337105 0. 0. 0. 0. 0.
43.621 3 DL_VALUE 32 0.004
43.647 3 CIRCLE 0. 0. -60.
43.648 3 ESTIMATOR 2576.765137 -0.11359
43.649 3 GPS 0 0 0 0 0 0 0 0 0 0 0
43.650 3 SVINFO 0 0 0 0 0 0 0
43.651 3 ATTITUDE 0.008707 -3.100896 0.130525
43.651 3 IMU_GYRO 1 -0.028076 0.025146 -0.044678
43.695 3 DESIRED 0.36 0.1 0.8 60. 60. 2595. 3.3 15.
43.711 3 WP_MOVED 0 649123. 5253077. 2595. 32
43.726 3 ATTITUDE 0.008706 -3.100745 0.130525
43.775 3 NAVIGATION 9 0 0. 0. 0. 0. 0 49 49 1 0 0
43.823 3 SHT_STATUS 0 0 0.1 -39.66
43.824 3 ATTITUDE 0.008693 -3.10061 0.130501
43.871 3 FBW_STATUS 2 0 1 11.34329 0.
43.887 3 GPS 0 0 0 0 0 0 0 0 0 0 0
43.888 3 SVINFO 0 0 0 0 0 0 0
43.889 3 DESIRED 0.36 0.1 0.8 60. 60. 2595. 3.3 15.
43.894 3 LINK_REPORT 3 -1 44 0 43670 1829 0 980. 40. 11 29.23
43.919 3 ATTITUDE 0.008701 -3.100444 0.130525
44.031 3 ATTITUDE 0.008663 -3.100276 0.1305
44.031 3 IMU_ACCEL 1 1.227539 -0.074219 -9.341797
44.095 3 DESIRED 0.36 0.1 0.8 60. 60. 2595. 3.3 15.
44.141 3 ESTIMATOR 2576.664307 -0.131349
44.142 3 GPS 0 0 0 0 0 0 0 0 0 0 0
44.143 3 SVINFO 0 0 0 0 0 0 0
44.143 3 ATTITUDE 0.008669 -3.100115 0.130496
44.157 3 DATALINK_REPORT 4 11 0 51439 0 0
44.189 3 IMU_MAG 0 0. 0. 0.
44.205 3 STATE_FILTER_STATUS 6 3 0
44.221 3 WP_MOVED 1 649123. 5253077. 2595. 32
44.237 3 ATTITUDE 0.008622 -3.099976 0.130448
44.253 3 IMU_GYRO 1 -0.027588 0.025146 -0.043945
44.285 3 DESIRED 0.36 0.1 0.8 60. 60. 2595. 3.3 15.
44.333 3 SHT_STATUS 0 0 0.1 -39.66
44.334 3 ATTITUDE 0.008665 -3.099842 0.130442
44.381 3 GPS 0 0 0 0 0 0 0 0 0 0 0
44.382 3 SVINFO 0 0 0 0 0 0 0
44.429 3 ATTITUDE 0.008652 -3.099693 0.130456
44.461 3 GPS_SOL 0 0 0 0
44.477 3 AIRSPEED 0. 0. 0. 0.
44.494 3 DESIRED 0.36 0.1 0.8 60. 60. 2595. 3.3 15.
44.538 3 ATTITUDE 0.008689 -3.099516 0.13043
44.621 3 ESTIMATOR 2576.723633 -0.06403
44.637 3 GPS 0 0 0 0 0 0 0 0 0 0 0
44.639 3 SVINFO 0 0 0 0 0 0 0
44.640 3 ATTITUDE 0.00867 -3.099339 0.130397
44.653 3 ENERGY 0 11.34329 0. 0. 0. 0. 0.
44.669 3 CIRCLE 0. 0. -60.
44.670 3 FBW_STATUS 2 0 1 11.34329 0.
44.686 3 DESIRED 0.36 0.1 0.8 60. 60. 2595. 3.3 15.
44.717 3 WP_MOVED 2 649046.125 5253124. 2595. 32
44.733 3 ATTITUDE 0.008674 -3.099171 0.130396
44.782 3 NAVIGATION 9 0 0. 0. 0. 0. 0 50 50 1 0 0
44.783 3 COMMANDS 0,3116,-426
44.829 3 SHT_STATUS 0 0 0.1 -39.66
44.830 3 ATTITUDE 0.008676 -3.099009 0.130415
44.831 3 IMU_ACCEL 1 1.203125 -0.076172 -9.325195
44.845 3 IMU_GYRO 1 -0.028076 0.024658 -0.043945
44.878 3 GPS 0 0 0 0 0 0 0 0 0 0 0
44.879 3 SVINFO 0 0 0 0 0 0 0
44.893 3 DESIRED 0.36 0.1 0.8 60. 60. 2595. 3.3 15.
44.895 3 LINK_REPORT 3 -1 45 0 44691 1872 0 1021. 43. 11 29.23
44.925 3 ATTITUDE 0.008657 -3.09884 0.1304
45.028 3 ATTITUDE 0.008658 -3.098688 0.130389
45.085 3 DESIRED 0.36 0.1 0.8 60. 60. 2595. 3.3 15.
45.117 3 DL_VALUE 33 0.
45.143 3 ESTIMATOR 2576.794678 0.007487
45.144 3 GPS 0 0 0 0 0 0 0 0 0 0 0
45.145 3 SVINFO 0 0 0 0 0 0 0
45.147 3 ATTITUDE 0.008661 -3.098547 0.130405
45.207 3 WP_MOVED 0 649123. 5253077. 2595. 32
45.223 3 ATTITUDE 0.008638 -3.098398 0.13043
45.287 3 DESIRED 0.36 0.1 0.8 60. 60. 2595. 3.3 15.
45.303 3 CALIBRATION -150. 0
45.319 3 SHT_STATUS 0 0 0.1 -39.66
45.335 3 ATTITUDE 0.008644 -3.098229 0.130443
45.367 3 GPS 0 0 0 0 0 0 0 0 0 0 0
45.369 3 SVINFO 0 0 0 0 0 0 0
45.399 3 PONG 
45.431 3 ATTITUDE 0.008664 -3.098047 0.130448
45.447 3 IMU_GYRO 1 -0.029785 0.024658 -0.044678
45.463 3 AIRSPEED 0. 0. 0. 0.
45.496 3 IMU_MAG 0 0. 0. 0.
45.497 3 DESIRED 0.36 0.1 0.8 60. 60. 2595. 3.3 15.
45.527 3 ATTITUDE 0.008664 -3.097883 0.130436
45.624 3 ESTIMATOR 2576.818604 0.017966
45.651 3 GPS 0 0 0 0 0 0 0 0 0 0 0
45.652 3 SVINFO 0 0 0 0 0 0 0
45.653 3 ATTITUDE 0.00866 -3.097702 0.1304
45.653 3 IMU_ACCEL 1 1.222656 -0.081055 -9.322266
45.712 3 LOGGER_STATUS 1 0 147456 PPRZ\pprzlog_0118.LOG,FLIGHT_RECORDER\fr_0121.LOG
45.713 3 DESIRED 0.36 0.1 0.8 60. 60. 2595. 3.3 15.
45.728 3 PPRZ_MODE 2 3 3 2 0 4
45.728 3 CIRCLE 0. 0. -60.
45.729 3 WP_MOVED 1 649123. 5253077. 2595. 32
45.742 3 ATTITUDE 0.008656 -3.097569 0.130378
45.743 3 ENERGY 0 11.34329 0. 0. 0. 0. 0.
45.775 3 NAVIGATION 9 0 0. 0. 0. 0. 0 51 51 1 0 0
45.776 3 ACTUATORS 1040,1362,1396
45.822 3 SHT_STATUS 0 0 0.1 -39.66
45.838 3 ATTITUDE 0.008647 -3.097433 0.130393
45.871 3 FBW_STATUS 2 0 1 11.34329 0.
45.887 3 GPS 0 0 0 0 0 0 0 0 0 0 0
45.888 3 SVINFO 0 0 0 0 0 0 0
45.894 3 LINK_REPORT 3 -1 46 0 45692 1914 0 1001. 42. 12 29.32
45.903 3 DESIRED 0.36 0.1 0.8 60. 60. 2595. 3.3 15.
45.918 3 ATTITUDE 0.008661 -3.09725 0.130387
46.030 3 ATTITUDE 0.008672 -3.097072 0.130376
46.046 3 IMU_GYRO 1 -0.028564 0.025146 -0.044678
46.094 3 DESIRED 0.36 0.1 0.8 60. 60. 2595. 3.3 15.
46.141 3 ESTIMATOR 2576.739258 -0.023971
46.142 3 GPS 0 0 0 0 0 0 0 0 0 0 0
46.143 3 SVINFO 0 0 0 0 0 0 0
46.145 3 ATTITUDE 0.008651 -3.096912 0.1304
46.221 3 WP_MOVED 2 649046.125 5253124. 2595. 32
46.236 3 ATTITUDE 0.008647 -3.09676 0.130373
46.285 3 DESIRED 0.36 0.1 0.8 60. 60. 2595. 3.3 15.
46.332 3 SHT_STATUS 0 0 0.1 -39.66
46.333 3 ATTITUDE 0.008634 -3.096611 0.130357
46.381 3 GPS 0 0 0 0 0 0 0 0 0 0 0
46.382 3 SVINFO 0 0 0 0 0 0 0
46.396 3 STATE_FILTER_STATUS 6 3 0
46.428 3 ATTITUDE 0.008628 -3.09645 0.130371
46.429 3 IMU_ACCEL 1 1.229492 -0.054688 -9.338867
46.477 3 GPS_SOL 0 0 0 0
46.478 3 AIRSPEED 0. 0. 0. 0.
46.493 3 DESIRED 0.36 0.1 0.8 60. 60. 2595. 3.3 15.
46.531 3 ATTITUDE 0.008605 -3.0963 0.130347
46.620 3 DL_VALUE 34 0.1
46.646 3 ESTIMATOR 2576.64502 -0.068628
46.647 3 GPS 0 0 0 0 0 0 0 0 0 0 0
46.649 3 SVINFO 0 0 0 0 0 0 0
46.649 3 ATTITUDE 0.008603 -3.09614 0.130362
46.650 3 IMU_GYRO 1 -0.028564 0.025146 -0.044678
46.662 3 FBW_STATUS 2 0 1 11.337105 0.
46.709 3 ALIVE 8,144,6,66,11,198,81,189,7,217,216,157,220,111,57,170
46.710 3 DESIRED 0.36 0.1 0.8 60. 60. 2595. 3.3 15.
46.711 3 WP_MOVED 0 649123. 5253077. 2595. 32
46.725 3 ATTITUDE 0.008598 -3.095977 0.130357
46.773 3 CIRCLE 0. 0. -60.
46.774 3 NAVIGATION 9 0 0. 0. 0. 0. 0 52 52 1 0 0
46.788 3 IMU_MAG 0 0. 0. 0.
46.821 3 SHT_STATUS 0 0 0.1 -39.66
46.836 3 ATTITUDE 0.008623 -3.09581 0.130361
46.853 3 ENERGY 0 11.337105 0. 0. 0. 0. 0.
46.869 3 GPS 0 0 0 0 0 0 0 0 0 0 0
46.870 3 SVINFO 0 0 0 0 0 0 0
46.885 3 DESIRED 0.36 0.1 0.8 60. 60. 2595. 3.3 15.
46.895 3 LINK_REPORT 3 -1 47 0 46736 1957 0 1044. 43. 12 29.32
46.910 3 WIND_INFO 3 5 0. 0. 0. 0.
46.917 3 ATTITUDE 0.008625 -3.095617 0.13035
47.032 3 ATTITUDE 0.008642 -3.09546 0.13036
47.092 3 DESIRED 0.36 0.1 0.8 60. 60. 2595. 3.3 15.
47.151 3 ESTIMATOR 2576.643555 -0.042427
47.152 3 GPS 0 0 0 0 0 0 0 0 0 0 0
47.153 3 SVINFO 0 0 0 0 0 0 0
47.154 3 ATTITUDE 0.008629 -3.095318 0.130326
47.214 3 WP_MOVED 1 649123. 5253077. 2595. 32
47.231 3 ATTITUDE 0.008584 -3.095161 0.130352
47.231 3 IMU_ACCEL 1 1.217773 -0.049805 -9.327148
47.246 3 IMU_GYRO 1 -0.028076 0.025635 -0.044678
47.295 3 DESIRED 0.36 0.1 0.8 60. 60. 2595. 3.3 15.
47.327 3 SHT_STATUS 0 0 0.1 -39.66
47.328 3 ATTITUDE 0.008592 -3.094984 0.130329
47.375 3 GPS 0 0 0 0 0 0 0 0 0 0 0
47.376 3 SVINFO 0 0 0 0 0 0 0
47.390 3 CALIBRATION -150. 0
47.423 3 ATTITUDE 0.008601 -3.094815 0.130352
47.471 3 AIRSPEED 0. 0. 0. 0.
47.487 3 DESIRED 0.36 0.1 0.8 60. 60. 2595. 3.3 15.
47.530 3 ATTITUDE 0.008632 -3.09466 0.130346
47.642 3 ESTIMATOR 2576.696289 -0.007678
47.643 3 GPS 0 0 0 0 0 0 0 0 0 0 0
47.644 3 SVINFO 0 0 0 0 0 0 0
47.645 3 ATTITUDE 0.008612 -3.094506 0.130368
47.690 3 DESIRED 0.36 0.1 0.8 60. 60. 2595. 3.3 15.
47.706 3 WP_MOVED 2 649046.125 5253124. 2595. 32
47.738 3 ATTITUDE 0.008592 -3.094329 0.130361
47.770 3 COMMANDS 0,3117,-427
47.771 3 NAVIGATION 9 0 0. 0. 0. 0. 0 53 53 1 0 0
47.818 3 CIRCLE 0. 0. -60.
47.834 3 SHT_STATUS 0 0 0.1 -39.66
47.834 3 ATTITUDE 0.008603 -3.094154 0.130366
47.850 3 IMU_GYRO 1 -0.028564 0.024658 -0.043945
47.882 3 FBW_STATUS 2 0 1 11.34329 0.
47.884 3 GPS 0 0 0 0 0 0 0 0 0 0 0
47.885 3 SVINFO 0 0 0 0 0 0 0
47.896 3 LINK_REPORT 3 -1 48 0 47605 1994 0 869. 37. 13 29.32
47.898 3 DESIRED 0.36 0.1 0.8 60. 60. 2595. 3.3 15.
47.930 3 ATTITUDE 0.008595 -3.093971 0.130356
47.946 3 ENERGY 0 11.34329 0. 0. 0. 0. 0.
48.033 3 ATTITUDE 0.008579 -3.09382 0.130365
48.033 3 IMU_ACCEL 1 1.232422 -0.064453 -9.348633
48.089 3 IMU_MAG 0 0. 0. 0.
48.106 3 DESIRED 0.36 0.1 0.8 60. 60. 2595. 3.3 15.
48.122 3 DL_VALUE 35 0.03
48.122 3 ESTIMATOR 2576.652832 -0.027382
48.150 3 GPS 0 0 0 0 0 0 0 0 0 0 0
48.151 3 SVINFO 0 0 0 0 0 0 0
48.152 3 ATTITUDE 0.008564 -3.093667 0.13037
48.214 3 WP_MOVED 0 649123. 5253077. 2595. 32
48.234 3 ATTITUDE 0.008567 -3.0935 0.130338
48.294 3 DESIRED 0.36 0.1 0.8 60. 60. 2595. 3.3 15.
48.326 3 SHT_STATUS 0 0 0.1 -39.66
48.342 3 ATTITUDE 0.008563 -3.093288 0.130348
48.374 3 GPS 0 0 0 0 0 0 0 0 0 0 0
48.375 3 SVINFO 0 0 0 0 0 0 0
48.422 3 ATTITUDE 0.008561 -3.09309 0.130388
48.438 3 IMU_GYRO 1 -0.028564 0.024658 -0.044678
48.470 3 GPS_SOL 0 0 0 0
48.471 3 AIRSPEED 0. 0. 0. 0.
48.486 3 DESIRED 0.36 0.1 0.8 60. 60. 2595. 3.3 15.
48.518 3 ATTITUDE 0.008551 -3.092944 0.130375
48.598 3 STATE_FILTER_STATUS 6 3 0
48.642 3 ESTIMATOR 2576.786865 0.051583
48.643 3 GPS 0 0 0 0 0 0 0 0 0 0 0
48.644 3 SVINFO 0 0 0 0 0 0 0
48.645 3 ATTITUDE 0.00857 -3.092761 0.130368
48.658 3 FBW_STATUS 2 0 1 11.34329 0.
48.690 3 DESIRED 0.36 0.1 0.8 60. 60. 2595. 3.3 15.
48.722 3 WP_MOVED 1 649123. 5253077. 2595. 32
48.738 3 ATTITUDE 0.008564 -3.092611 0.130393
48.771 3 NAVIGATION 9 0 0. 0. 0. 0. 0 54 54 1 0 0
48.818 3 SHT_STATUS 0 0 0.1 -39.66
48.834 3 ATTITUDE 0.0086 -3.092442 0.130412
48.850 3 IMU_ACCEL 1 1.236328 -0.074219 -9.34375
48.897 3 LINK_REPORT 3 -1 49 0 48513 2032 0 908. 38. 13 29.32
48.897 3 CIRCLE 0. 0. -60.
48.899 3 GPS 0 0 0 0 0 0 0 0 0 0 0
48.900 3 SVINFO 0 0 0 0 0 0 0
48.902 3 DESIRED 0.36 0.1 0.8 60. 60. 2595. 3.3 15.
48.929 3 ATTITUDE 0.008592 -3.092307 0.130432
49.025 3 ATTITUDE 0.008604 -3.092163 0.130425
49.056 3 ENERGY 0 11.337105 0. 0. 0. 0. 0.
49.057 3 IMU_GYRO 1 -0.028564 0.025635 -0.043945
49.089 3 DESIRED 0.36 0.1 0.8 60. 60. 2595. 3.3 15.
49.121 3 ESTIMATOR 2576.710693 -0.020442
49.137 3 GPS 0 0 0 0 0 0 0 0 0 0 0
49.139 3 SVINFO 0 0 0 0 0 0 0
49.139 3 ATTITUDE 0.008598 -3.092006 0.130412
49.217 3 WP_MOVED 2 649046.125 5253124. 2595. 32
49.233 3 ATTITUDE 0.00857 -3.091865 0.130418
49.249 3 DATALINK_REPORT 2 13 0 39644 0 0
49.298 3 DESIRED 0.36 0.1 0.8 60. 60. 2595. 3.3 15.
49.330 3 SHT_STATUS 0 0 0.1 -39.66
49.331 3 ATTITUDE 0.008579 -3.091702 0.130398
49.377 3 GPS 0 0 0 0 0 0 0 0 0 0 0
49.379 3 SVINFO 0 0 0 0 0 0 0
49.393 3 IMU_MAG 0 0. 0. 0.
49.425 3 ATTITUDE 0.00858 -3.091522 0.130392
49.457 3 AIRSPEED 0. 0. 0. 0.
49.490 3 DESIRED 0.36 0.1 0.8 60. 60. 2595. 3.2 15.
49.505 3 CALIBRATION -150. 0
49.532 3 ATTITUDE 0.008598 -3.091343 0.130392
49.657 3 DL_VALUE 36 0.
49.658 3 ESTIMATOR 2577.053955 0.178713
49.660 3 GPS 0 0 0 0 0 0 0 0 0 0 0
49.661 3 SVINFO 0 0 0 0 0 0 0
49.662 3 ATTITUDE 0.008593 -3.091157 0.13039
49.663 3 IMU_ACCEL 1 1.229492 -0.066406 -9.291016
49.664 3 IMU_GYRO 1 -0.027588 0.024658 -0.043945
49.690 3 DESIRED 0.36 0.1 0.8 60. 60. 2595. 3.2 15.
49.721 3 WP_MOVED 0 649123. 5253077. 2595. 32
49.737 3 ATTITUDE 0.008609 -3.090952 0.130401
49.770 3 NAVIGATION 9 0 0. 0. 0. 0. 0 55 55 1 0 0
49.771 3 COMMANDS 0,3117,-465
49.833 3 SHT_STATUS 0 0 0.1 -39.66
49.834 3 ATTITUDE 0.008605 -3.090769 0.130403
49.892 3 FBW_STATUS 2 0 1 11.34329 0.
49.893 3 GPS 0 0 0 0 0 0 0 0 0 0 0
49.897 3 SVINFO 0 0 0 0 0 0 0
49.898 3 DESIRED 0.36 0.1 0.8 60. 60. 2595. 3.2 15.
49.899 3 LINK_REPORT 3 -1 50 0 49599 2077 0 1086. 45. 13 29.32
49.907 3 CIRCLE 0. 0. -60.
49.923 3 ATTITUDE 0.008595 -3.0906 0.130416
50.019 3 ATTITUDE 0.008583 -3.090432 0.130421
50.083 3 DESIRED 0.36 0.1 0.8 60. 60. 2595. 3.2 15.
50.141 3 ESTIMATOR 2577.261963 0.233554
50.143 3 GPS 0 0 0 0 0 0 0 0 0 0 0
50.143 3 SVINFO 0 0 0 0 0 0 0
50.144 3 ATTITUDE 0.00857 -3.09026 0.130423
50.145 3 ENERGY 0 11.34329 0. 0. 0. 0. 0.
50.221 3 WP_MOVED 1 649123. 5253077. 2595. 32
50.238 3 ATTITUDE 0.00857 -3.090099 0.130403
50.253 3 IMU_GYRO 1 -0.028076 0.024658 -0.044678
50.286 3 DESIRED 0.36 0.1 0.8 60. 60. 2595. 3.2 15.
50.317 3 SHT_STATUS 0 0 0.1 -39.66
50.334 3 ATTITUDE 0.008582 -3.089967 0.130435
50.382 3 GPS 0 0 0 0 0 0 0 0 0 0 0
50.383 3 SVINFO 0 0 0 0 0 0 0
50.397 3 PONG 
50.429 3 ATTITUDE 0.008591 -3.089808 0.130433
50.430 3 IMU_ACCEL 1 1.206055 -0.083008 -9.291016
50.461 3 GPS_SOL 0 0 0 0
50.478 3 AIRSPEED 0. 0. 0. 0.
50.494 3 DESIRED 0.36 0.1 0.8 60. 60. 2595. 3.2 15.
50.539 3 ATTITUDE 0.00859 -3.089672 0.130468
50.622 3 PPRZ_MODE 2 3 3 2 0 4
50.622 3 ESTIMATOR 2577.458984 0.29082
50.649 3 GPS 0 0 0 0 0 0 0 0 0 0 0
50.649 3 SVINFO 0 0 0 0 0 0 0
50.650 3 ATTITUDE 0.00861 -3.089473 0.130515
50.664 3 FBW_STATUS 2 0 1 11.349475 0.
50.696 3 IMU_MAG 0 0. 0. 0.
50.698 3 DESIRED 0.36 0.1 0.8 60. 60. 2595. 3.2 15.
50.712 3 WP_MOVED 2 649046.125 5253124. 2595. 32
50.728 3 ATTITUDE 0.008617 -3.089319 0.130507
50.794 3 LOGGER_STATUS 1 0 188416 PPRZ\pprzlog_0118.LOG,FLIGHT_RECORDER\fr_0121.LOG
50.795 3 NAVIGATION 9 0 0. 0. 0. 0. 0 56 56 1 0 0
50.797 3 ACTUATORS 1040,1360,1398
50.808 3 STATE_FILTER_STATUS 6 3 0
50.825 3 SHT_STATUS 0 0 0.1 -39.66
50.840 3 ATTITUDE 0.008643 -3.08915 0.130534
50.841 3 IMU_GYRO 1 -0.028564 0.024658 -0.044678
50.873 3 GPS 0 0 0 0 0 0 0 0 0 0 0
50.898 3 LINK_REPORT 3 -1 51 0 50610 2119 0 1011. 42. 14 26.77
50.902 3 SVINFO 0 0 0 0 0 0 0
50.903 3 AUTOPILOT_VERSION 60400 v6.4.0_stable
50.904 3 DESIRED 0.36 0.1 0.8 60. 60. 2595. 3.1 15.
50.917 3 ATTITUDE 0.008655 -3.088976 0.130538
50.966 3 CIRCLE 0. 0. -60.
51.035 3 ATTITUDE 0.008682 -3.088823 0.130556
51.093 3 DESIRED 0.36 0.1 0.8 60. 60. 2595. 3.1 15.
51.125 3 DL_VALUE 37 0.04
51.126 3 ESTIMATOR 2577.614502 0.287687
51.142 3 GPS 0 0 0 0 0 0 0 0 0 0 0
51.143 3 SVINFO 0 0 0 0 0 0 0
51.144 3 ATTITUDE 0.008696 -3.088677 0.130542
51.221 3 WP_MOVED 0 649123. 5253077. 2595. 32
51.222 3 ATTITUDE 0.008709 -3.088509 0.13056
51.237 3 IMU_ACCEL 1 1.249023 -0.085938 -9.307617
51.254 3 ENERGY 0 11.349475 0. 0. 0. 0. 0.
51.286 3 DESIRED 0.36 0.09 0.8 60. 60. 2595. 3.1 15.
51.317 3 SHT_STATUS 0 0 0.1 -39.66
51.333 3 ATTITUDE 0.008721 -3.08834 0.130568
51.366 3 GPS 0 0 0 0 0 0 0 0 0 0 0
51.381 3 SVINFO 0 0 0 0 0 0 0
51.430 3 ATTITUDE 0.008715 -3.088194 0.130578
51.446 3 IMU_GYRO 1 -0.028076 0.025635 -0.043945
51.462 3 AIRSPEED 0. 0. 0. 0.
51.494 3 DESIRED 0.36 0.09 0.8 60. 60. 2595. 3.1 15.
51.537 3 ATTITUDE 0.008727 -3.088021 0.130597
51.589 3 CALIBRATION -150. 0
51.622 3 ESTIMATOR 2577.702637 0.274387
51.638 3 GPS 0 0 0 0 0 0 0 0 0 0 0
51.639 3 SVINFO 0 0 0 0 0 0 0
51.640 3 ATTITUDE 0.008693 -3.087866 0.130615
51.686 3 DESIRED 0.36 0.09 0.8 60. 60. 2595. 3.1 15.
51.718 3 WP_MOVED 1 649123. 5253077. 2595. 32
51.734 3 ATTITUDE 0.008714 -3.087659 0.130628
51.766 3 NAVIGATION 9 0 0. 0. 0. 0. 0 57 57 1 0 0
51.782 3 ALIVE 8,144,6,66,11,198,81,189,7,217,216,157,220,111,57,170
51.814 3 SHT_STATUS 0 0 0.1 -39.66
51.830 3 ATTITUDE 0.008682 -3.087498 0.130629
51.899 3 LINK_REPORT 3 -1 52 0 51526 2157 0 916. 38. 14 26.77
51.905 3 NAVIGATION_REF 649123 5253077 32 2575.
51.906 3 FBW_STATUS 2 0 1 11.349475 0.
51.907 3 GPS 0 0 0 0 0 0 0 0 0 0 0
51.908 3 SVINFO 0 0 0 0 0 0 0
51.908 3 DESIRED 0.36 0.09 0.8 60. 60. 2595. 3.1 15.
51.920 3 ATTITUDE 0.008692 -3.087309 0.130627
51.985 3 IMU_MAG 0 0. 0. 0.
52.017 3 CIRCLE 0. 0. -60.
52.034 3 ATTITUDE 0.008679 -3.087144 0.130651
52.034 3 IMU_ACCEL 1 1.217773 -0.061523 -9.332031
52.048 3 IMU_GYRO 1 -0.028564 0.026123 -0.043945
52.096 3 DESIRED 0.36 0.09 0.8 60. 60. 2595. 3.1 15.
52.141 3 ESTIMATOR 2577.905029 0.299251
52.143 3 GPS 0 0 0 0 0 0 0 0 0 0 0
52.144 3 SVINFO 0 0 0 0 0 0 0
52.146 3 ATTITUDE 0.008696 -3.086968 0.130693
52.221 3 WP_MOVED 2 649046.125 5253124. 2595. 32
52.236 3 ATTITUDE 0.008694 -3.086772 0.13071
52.285 3 DESIRED 0.36 0.09 0.8 60. 60. 2595. 3.1 15.
52.317 3 SHT_STATUS 0 0 0.1 -39.66
52.333 3 ATTITUDE 0.008685 -3.086623 0.130727
52.349 3 ENERGY 0 11.349475 0. 0. 0. 0. 0.
52.365 3 GPS 0 0 0 0 0 0 0 0 0 0 0
52.381 3 SVINFO 0 0 0 0 0 0 0
52.429 3 ATTITUDE 0.008684 -3.086459 0.130701
52.461 3 GPS_SOL 0 0 0 0
52.477 3 AIRSPEED 0. 0. 0. 0.
52.493 3 DESIRED 0.36 0.09 0.8 60. 60. 2595. 3.1 15.
52.537 3 ATTITUDE 0.008687 -3.086293 0.130718
52.621 3 DL_VALUE 38 0.
52.622 3 ESTIMATOR 2577.922852 0.243892
52.651 3 GPS 0 0 0 0 0 0 0 0 0 0 0
52.652 3 SVINFO 0 0 0 0 0 0 0
52.653 3 ATTITUDE 0.008646 -3.086138 0.130719
52.654 3 IMU_GYRO 1 -0.028076 0.024658 -0.044678
52.667 3 FBW_STATUS 2 0 1 11.337105 0.
52.699 3 DESIRED 0.36 0.09 0.8 60. 60. 2595. 3.1 15.
52.714 3 WP_MOVED 0 649123. 5253077. 2595. 32
52.730 3 ATTITUDE 0.008667 -3.086002 0.130734
52.763 3 COMMANDS 0,3116,-536
52.779 3 NAVIGATION 9 0 0. 0. 0. 0. 0 58 58 1 0 0
52.827 3 SHT_STATUS 0 0 0.1 -39.66
52.828 3 ATTITUDE 0.008674 -3.085829 0.130722
52.843 3 IMU_ACCEL 1 1.246094 -0.066406 -9.327148
52.875 3 GPS 0 0 0 0 0 0 0 0 0 0 0
52.876 3 SVINFO 0 0 0 0 0 0 0
52.891 3 DESIRED 0.36 0.09 0.8 60. 60. 2595. 3.1 15.
52.899 3 LINK_REPORT 3 -1 53 0 52660 2204 0 1134. 47. 14 26.77
52.923 3 ATTITUDE 0.008689 -3.085659 0.130752
53.003 3 STATE_FILTER_STATUS 6 3 0
53.019 3 ATTITUDE 0.008675 -3.085488 0.130745
53.066 3 CIRCLE 0. 0. -60.
53.083 3 DESIRED 0.36 0.09 0.8 60. 60. 2595. 3. 15.
53.142 3 ESTIMATOR 2578.06958 0.23658
53.145 3 GPS 0 0 0 0 0 0 0 0 0 0 0
53.149 3 SVINFO 0 0 0 0 0 0 0
53.149 3 ATTITUDE 0.008685 -3.085336 0.13077
53.206 3 WP_MOVED 1 649123. 5253077. 2595. 32
53.222 3 ATTITUDE 0.008697 -3.085173 0.130769
53.238 3 IMU_GYRO 1 -0.028564 0.025635 -0.044678
53.286 3 IMU_MAG 0 0. 0. 0.
53.303 3 DESIRED 0.36 0.09 0.8 60. 60. 2595. 3.1 15.
53.318 3 SHT_STATUS 0 0 0.1 -39.66
53.334 3 ATTITUDE 0.008709 -3.085017 0.130793
53.366 3 GPS 0 0 0 0 0 0 0 0 0 0 0
53.367 3 SVINFO 0 0 0 0 0 0 0
53.430 3 ATTITUDE 0.008697 -3.084828 0.13082
53.446 3 ENERGY 0 11.34329 0. 0. 0. 0. 0.
53.462 3 AIRSPEED 0. 0. 0. 0.
53.495 3 DESIRED 0.36 0.09 0.8 60. 60. 2595. 3.1 15.
53.526 3 ATTITUDE 0.008687 -3.084684 0.130848
53.622 3 ESTIMATOR 2577.89624 0.09053
53.652 3 GPS 0 0 0 0 0 0 0 0 0 0 0
53.653 3 SVINFO 0 0 0 0 0 0 0
53.654 3 ATTITUDE 0.008646 -3.084497 0.130864
53.655 3 IMU_ACCEL 1 1.219727 -0.064453 -9.307617
53.685 3 DESIRED 0.36 0.09 0.8 60. 60. 2595. 3.1 15.
53.700 3 CALIBRATION -150. 0
53.733 3 WP_MOVED 2 649046.125 5253124. 2595. 32
53.734 3 ATTITUDE 0.008669 -3.084323 0.130871
53.764 3 NAVIGATION 9 0 0. 0. 0. 0. 0 59 59 1 0 0
53.812 3 SHT_STATUS 0 0 0.1 -39.66
53.844 3 ATTITUDE 0.008641 -3.084149 0.130901
53.860 3 IMU_GYRO 1 -0.028564 0.024658 -0.043457
53.889 3 FBW_STATUS 2 0 1 11.337105 0.
53.890 3 GPS 0 0 0 0 0 0 0 0 0 0 0
53.892 3 SVINFO 0 0 0 0 0 0 0
53.893 3 DESIRED 0.36 0.09 0.8 60. 60. 2595. 3.1 15.
53.900 3 LINK_REPORT 3 -1 54 0 53620 2244 0 960. 40. 14 26.77
53.921 3 ATTITUDE 0.008638 -3.083961 0.1309
54.017 3 ATTITUDE 0.008632 -3.083811 0.130906
54.097 3 DESIRED 0.36 0.09 0.8 60. 60. 2595. 3.2 15.
54.143 3 DL_VALUE 39 0.
54.144 3 CIRCLE 0. 0. -60.
54.145 3 ESTIMATOR 2577.497803 -0.149581
54.146 3 GPS 0 0 0 0 0 0 0 0 0 0 0
54.148 3 SVINFO 0 0 0 0 0 0 0
54.148 3 ATTITUDE 0.008626 -3.083643 0.13093
54.207 3 WP_MOVED 0 649123. 5253077. 2595. 32
54.223 3 ATTITUDE 0.008612 -3.08345 0.130975
54.287 3 DESIRED 0.36 0.1 0.8 60. 60. 2595. 3.2 15.
54.319 3 SHT_STATUS 0 0 0.1 -39.66
54.335 3 ATTITUDE 0.008589 -3.083256 0.130952
54.335 3 DATALINK_REPORT 4 14 0 31541 0 0
54.367 3 GPS 0 0 0 0 0 0 0 0 0 0 0
54.383 3 SVINFO 0 0 0 0 0 0 0
54.431 3 ATTITUDE 0.008582 -3.083097 0.130975
54.431 3 IMU_ACCEL 1 1.224609 -0.078125 -9.336914
54.447 3 IMU_GYRO 1 -0.028564 0.025146 -0.044678
54.463 3 GPS_SOL 0 0 0 0
54.479 3 AIRSPEED 0. 0. 0. 0.
54.495 3 DESIRED 0.36 0.1 0.8 60. 60. 2595. 3.2 15.
54.533 3 ATTITUDE 0.008575 -3.082951 0.130948
54.543 3 ENERGY 0 11.34329 0. 0. 0. 0. 0.
54.575 3 IMU_MAG 0 0. 0. 0.
54.624 3 ESTIMATOR 2577.383545 -0.176574
54.651 3 GPS 0 0 0 0 0 0 0 0 0 0 0
54.652 3 SVINFO 0 0 0 0 0 0 0
54.653 3 ATTITUDE 0.008565 -3.082757 0.130963
54.655 3 FBW_STATUS 2 0 1 11.349475 0.
54.688 3 DESIRED 0.36 0.1 0.8 60. 60. 2595. 3.2 15.
54.719 3 WP_MOVED 1 649123. 5253077. 2595. 32
54.735 3 ATTITUDE 0.008548 -3.08258 0.130992
54.767 3 NAVIGATION 9 0 0. 0. 0. 0. 0 60 60 1 0 0
54.768 3 COMMANDS 0,3117,-490
54.815 3 SHT_STATUS 0 0 0.1 -39.66
54.831 3 ATTITUDE 0.008553 -3.082396 0.130986
54.880 3 GPS 0 0 0 0 0 0 0 0 0 0 0
54.881 3 SVINFO 0 0 0 0 0 0 0
54.896 3 DESIRED 0.36 0.1 0.8 60. 60. 2595. 3.2 15.
54.901 3 LINK_REPORT 3 -1 55 0 54600 2285 0 980. 41. 14 26.77
54.928 3 ATTITUDE 0.008535 -3.082239 0.13097
