7.455 3 ATTITUDE 0.006114 -3.109027 0.137621
7.472 3 IMU_GYRO 1 -0.028076 0.024658 -0.040283
7.520 3 DESIRED 0.36 0.11 0.8 60. 60. 2595. 3.5 15.
7.552 3 ESTIMATOR 2575.646973 -0.159975
7.568 3 GPS 0 16602145 0 0 -17000 0 0 1867 42500 31 0
7.568 3 SVINFO 0 4 16 1 0 -91 0
7.568 3 ATTITUDE 0.006141 -3.108877 0.137587
7.647 3 WP_MOVED 2 649046.125 5253124. 2595. 32
7.664 3 ATTITUDE 0.006166 -3.108703 0.137557
7.728 3 DESIRED 0.36 0.11 0.8 60. 60. 2595. 3.5 15.
7.743 3 CIRCLE 0. 0. -60.
7.760 3 SHT_STATUS 0 0 0.1 -39.66
7.760 3 ATTITUDE 0.00619 -3.108565 0.137507
7.808 3 GPS 0 16602145 0 0 -17000 0 0 1867 42750 31 0
7.808 3 SVINFO 0 4 16 1 0 -91 0
7.854 3 LINK_REPORT 3 -1 8 0 5180 217 5 951. 39. 1 37.14
7.855 3 ATTITUDE 0.00619 -3.108452 0.137459
7.888 3 AIRSPEED 0. 0. 0. 0.
7.920 3 DESIRED 0.36 0.11 0.8 60. 60. 2595. 3.5 15.
7.952 3 ATTITUDE 0.006181 -3.108301 0.137448
8.032 3 STATE_FILTER_STATUS 6 3 0
8.090 3 DL_VALUE 28 0.
8.090 3 ESTIMATOR 2575.626953 -0.132017
8.090 3 GPS 0 16602145 0 0 -17000 0 0 1867 43000 31 0
8.090 3 SVINFO 0 4 16 1 0 -91 0
8.091 3 ATTITUDE 0.006175 -3.108158 0.137426
8.091 3 IMU_ACCEL 1 1.339844 -0.054688 -9.533203
8.091 3 IMU_GYRO 1 -0.027588 0.023682 -0.040283
8.120 3 IMU_MAG 0 0. 0. 0.
8.136 3 DESIRED 0.36 0.11 0.8 60. 60. 2595. 3.5 15.
8.152 3 WP_MOVED 0 649123. 5253077. 2595. 32
8.168 3 ATTITUDE 0.006175 -3.108003 0.13743
8.200 3 COMMANDS 0,3138,-456
8.200 3 NAVIGATION 9 0 0. 0. 0. 0. 0 43 43 1 0 0
8.248 3 SHT_STATUS 0 0 0.1 -39.66
8.264 3 ATTITUDE 0.006188 -3.107889 0.137411
8.312 3 FBW_STATUS 2 0 1 11.35566 0.
8.313 3 GPS 0 16602145 0 0 -17000 0 0 1867 43250 31 0
8.314 3 SVINFO 0 4 16 1 0 -91 0
8.329 3 DESIRED 0.36 0.1 0.8 60. 60. 2595. 3.5 15.
8.361 3 ATTITUDE 0.006174 -3.107766 0.13741
8.456 3 ATTITUDE 0.006158 -3.107627 0.137395
8.473 3 ENERGY 0 11.35566 0. 0. 0. 0. 0.
8.521 3 DESIRED 0.36 0.1 0.8 60. 60. 2595. 3.5 15.
8.553 3 ESTIMATOR 2575.736328 -0.039569
8.570 3 GPS 0 16602145 0 0 -17000 0 0 1867 43500 31 0
8.571 3 SVINFO 0 4 16 1 0 -91 0
8.571 3 ATTITUDE 0.006179 -3.107478 0.137412
8.648 3 WP_MOVED 1 649123. 5253077. 2595. 32
8.665 3 ATTITUDE 0.006164 -3.107347 0.137357
8.680 3 IMU_GYRO 1 -0.028076 0.02417 -0.040771
8.729 3 DESIRED 0.36 0.1 0.8 60. 60. 2595. 3.5 15.
8.746 3 SHT_STATUS 0 0 0.1 -39.66
8.761 3 ATTITUDE 0.006129 -3.107223 0.137372
8.820 3 CIRCLE 0. 0. -60.
8.820 3 GPS 0 16602145 0 0 -17000 0 0 1867 43750 31 0
8.822 3 SVINFO 0 4 16 1 0 -91 0
8.851 3 ATTITUDE 0.006115 -3.107082 0.137388
8.855 3 LINK_REPORT 3 -1 9 0 6175 259 5 995. 42. 1 37.14
8.867 3 IMU_ACCEL 1 1.308594 -0.021484 -9.535156
8.900 3 GPS_SOL 649563776 100000 9999 0
8.900 3 AIRSPEED 0. 0. 0. 0.
8.917 3 DESIRED 0.36 0.11 0.8 60. 60. 2595. 3.5 15.
8.948 3 ATTITUDE 0.006123 -3.106949 0.137341
9.073 3 ESTIMATOR 2575.732178 -0.026754
9.075 3 GPS 0 16602145 0 0 -17000 0 0 1867 44000 31 0
9.076 3 SVINFO 0 4 16 1 0 -91 0
9.077 3 ATTITUDE 0.006084 -3.106823 0.137306
9.089 3 FBW_STATUS 2 0 1 11.349475 0.
9.121 3 DESIRED 0.36 0.1 0.8 60. 60. 2595. 3.5 15.
9.137 3 WP_MOVED 2 649046.125 5253124. 2595. 32
9.153 3 ATTITUDE 0.006074 -3.106675 0.137308
9.201 3 NAVIGATION 9 0 0. 0. 0. 0. 0 44 44 1 0 0
9.248 3 SHT_STATUS 0 0 0.1 -39.66
9.264 3 ATTITUDE 0.006006 -3.106529 0.137271
9.281 3 IMU_GYRO 1 -0.027588 0.02417 -0.041504
9.297 3 GPS 0 16602145 0 0 -17000 0 0 1867 44250 31 0
9.313 3 SVINFO 0 4 16 1 0 -91 0
9.329 3 DESIRED 0.36 0.1 0.8 60. 60. 2595. 3.5 15.
9.360 3 ATTITUDE 0.006014 -3.106415 0.137194
9.409 3 IMU_MAG 0 0. 0. 0.
9.424 3 CALIBRATION -150. 0
9.457 3 ATTITUDE 0.006015 -3.106274 0.137157
9.489 3 DATALINK_REPORT 4 1 0 50240 0 0
9.520 3 DESIRED 0.36 0.11 0.8 60. 60. 2595. 3.5 15.
9.552 3 DL_VALUE 29 0.45
9.552 3 ESTIMATOR 2575.583496 -0.100337
9.583 3 GPS 0 16602145 0 0 -17000 0 0 1867 44500 31 0
9.583 3 SVINFO 0 4 16 1 0 -91 0
9.584 3 ATTITUDE 0.005996 -3.106133 0.137158
9.584 3 ENERGY 0 11.349475 0. 0. 0. 0. 0.
9.648 3 WP_MOVED 0 649123. 5253077. 2595. 32
9.663 3 ATTITUDE 0.005982 -3.106011 0.137177
9.664 3 IMU_ACCEL 1 1.330078 -0.035156 -9.581055
9.728 3 DESIRED 0.36 0.11 0.8 60. 60. 2595. 3.5 15.
9.760 3 SHT_STATUS 0 0 0.1 -39.66
9.760 3 ATTITUDE 0.005922 -3.105877 0.137142
9.808 3 GPS 0 16602145 0 0 -17000 0 0 1867 44750 31 0
9.809 3 SVINFO 0 4 16 1 0 -91 0
9.840 3 CIRCLE 0. 0. -60.
9.856 3 ATTITUDE 0.005866 -3.105737 0.137123
9.857 3 LINK_REPORT 3 -1 10 0 7174 301 5 999. 42. 1 37.14
9.871 3 IMU_GYRO 1 -0.028076 0.02417 -0.041504
9.920 3 AIRSPEED 0. 0. 0. 0.
9.943 3 DESIRED 0.36 0.1 0.8 60. 60. 2595. 3.5 15.
9.952 3 ATTITUDE 0.005842 -3.105631 0.137121
10.074 3 ESTIMATOR 2575.67749 -0.028019
10.075 3 GPS 0 16602145 0 0 -17000 0 0 1867 45000 31 0
10.076 3 SVINFO 0 4 16 1 0 -91 0
10.077 3 ATTITUDE 0.005811 -3.105529 0.137168
10.122 3 DESIRED 0.36 0.1 0.8 60. 60. 2595. 3.5 15.
10.138 3 WP_MOVED 1 649123. 5253077. 2595. 32
10.154 3 ATTITUDE 0.005789 -3.10539 0.137138
10.202 3 NAVIGATION 9 0 0. 0. 0. 0. 0 45 45 1 0 0
10.218 3 COMMANDS 0,3142,-457
10.220 3 AUTOPILOT_VERSION 60400 v6.4.0_stable
10.234 3 STATE_FILTER_STATUS 6 3 0
10.249 3 SHT_STATUS 0 0 0.1 -39.66
10.265 3 ATTITUDE 0.005782 -3.105237 0.137144
10.297 3 FBW_STATUS 2 0 1 11.349475 0.
10.329 3 GPS 0 16602145 0 0 -17000 0 0 1867 45250 31 0
10.329 3 SVINFO 0 4 16 1 0 -91 0
10.330 3 DESIRED 0.36 0.1 0.8 60. 60. 2595. 3.5 15.
10.361 3 ATTITUDE 0.005786 -3.105097 0.137146
10.393 3 PONG 
10.456 3 ATTITUDE 0.005759 -3.104934 0.137128
10.457 3 IMU_ACCEL 1 1.31543 -0.025391 -9.579102
10.473 3 IMU_GYRO 1 -0.028076 0.024658 -0.040283
10.521 3 DESIRED 0.36 0.1 0.8 60. 60. 2595. 3.5 15.
10.553 3 ESTIMATOR 2575.719482 -0.001605
10.569 3 GPS 0 16602145 0 0 -17000 0 0 1867 45500 31 0
10.570 3 SVINFO 0 4 16 1 0 -91 0
10.571 3 ATTITUDE 0.005737 -3.104791 0.137141
10.649 3 WP_MOVED 2 649046.125 5253124. 2595. 32
10.665 3 ATTITUDE 0.005736 -3.104644 0.137163
10.681 3 ENERGY 0 11.349475 0. 0. 0. 0. 0.
10.729 3 IMU_MAG 0 0. 0. 0.
10.729 3 DESIRED 0.36 0.1 0.8 60. 60. 2595. 3.5 15.
10.761 3 SHT_STATUS 0 0 0.1 -39.66
10.762 3 ATTITUDE 0.005733 -3.104556 0.137172
10.809 3 GPS 0 16602145 0 0 -17000 0 0 1867 45750 31 0
10.811 3 SVINFO 0 4 16 1 0 -91 0
10.856 3 LINK_REPORT 3 -1 11 0 8130 341 5 956. 40. 2 40.2
10.857 3 ATTITUDE 0.005738 -3.104399 0.137148
10.918 3 GPS_SOL 649567872 100000 9999 0
10.919 3 CIRCLE 0. 0. -60.
10.920 3 AIRSPEED 0. 0. 0. 0.
10.921 3 DESIRED 0.36 0.1 0.8 60. 60. 2595. 3.5 15.
10.950 3 ATTITUDE 0.005747 -3.104274 0.137106
11.031 3 LOGGER_STATUS 1 0 106496 PPRZ\pprzlog_0116.LOG,FLIGHT_RECORDER\fr_0119.LOG
11.071 3 DL_VALUE 30 0.
11.072 3 ESTIMATOR 2575.71875 -0.004091
11.072 3 GPS 0 16602145 0 0 -17000 0 0 1867 46000 31 0
11.073 3 SVINFO 0 4 16 1 0 -91 0
11.073 3 ATTITUDE 0.005743 -3.104136 0.137109
11.073 3 IMU_GYRO 1 -0.028076 0.02417 -0.039795
11.087 3 FBW_STATUS 2 0 1 11.349475 0.
11.120 3 DESIRED 0.36 0.1 0.8 60. 60. 2595. 3.5 15.
11.152 3 WP_MOVED 0 649123. 5253077. 2595. 32
11.168 3 ATTITUDE 0.00574 -3.103982 0.137087
11.203 3 NAVIGATION 9 0 0. 0. 0. 0. 0 46 46 1 0 0
11.205 3 ACTUATORS 1040,1360,1395
11.247 3 PPRZ_MODE 2 3 3 2 0 4
11.263 3 SHT_STATUS 0 0 0.1 -39.66
11.264 3 ATTITUDE 0.005716 -3.103852 0.13706
11.264 3 IMU_ACCEL 1 1.298828 -0.02832 -9.540039
11.312 3 GPS 0 16602145 0 0 -17000 0 0 1867 46250 31 0
11.312 3 SVINFO 0 4 16 1 0 -91 0
11.328 3 DESIRED 0.36 0.1 0.8 60. 60. 2595. 3.5 15.
11.360 3 ATTITUDE 0.005758 -3.1037 0.137087
11.456 3 ATTITUDE 0.00576 -3.103556 0.13709
