6.715 3 ESTIMATOR 2574.963867 0.955841
6.733 3 GPS 3 64648825 548988346 0 306402 4 -3 2366 383977800 32 0
6.736 3 ATTITUDE 0.010392 -3.133236 0.135517
6.747 3 ENERGY 0 11.423695 0. 0. 0. 0. 0.
6.805 3 IMU_MAG 0 0. 0. 0.
6.806 3 DESIRED -0.8 0.11 3.1 -61. 59. 2595. 3.6 15.
6.806 3 CALIBRATION -150. 0
6.806 3 WP_MOVED 2 649046.125 5253124. 2595. 32
6.821 3 ATTITUDE 0.010243 -3.133141 0.13497
6.869 3 NAVIGATION 9 0 -2634.8 236806.5 0. 236821.2 0 17 17 1 0 0
6.917 3 ATTITUDE 0.010327 -3.133032 0.135052
6.933 3 IMU_GYRO 1 -0.016846 0.056152 -0.030762
6.965 3 FBW_STATUS 2 0 1 11.41751 0.
6.965 3 GPS 3 64648826 548988346 0 306412 1 3 2366 383978000 32 0
6.973 3 LINK_REPORT 3 -1 7 0 2857 115 3 895. 36. 1 31.55
6.981 3 DESIRED -0.01 0.11 3.1 -61. 59. 2595. 3.6 15.
7.013 3 ATTITUDE 0.010305 -3.13293 0.135291
7.125 3 ATTITUDE 0.010352 -3.132802 0.135443
7.125 3 IMU_ACCEL 1 1.328125 -0.119141 -9.698242
7.189 3 DESIRED 0.8 0.11 3.1 -61. 59. 2595. 3.6 15.
7.236 3 DL_VALUE 11 0.
7.237 3 CIRCLE 0. 0. -60.
7.237 3 ESTIMATOR 2574.775635 0.546967
7.237 3 GPS 3 64648827 548988346 0 306417 3 0 2366 383978200 32 0
7.237 3 ATTITUDE 0.010151 -3.132585 0.133967
7.300 3 WP_MOVED 0 649123. 5253077. 2595. 32
7.316 3 ATTITUDE 0.010319 -3.132508 0.134837
7.380 3 DESIRED 0.21 0.11 3.1 -61. 59. 2595. 3.6 15.
7.412 3 ATTITUDE 0.01046 -3.132378 0.135168
7.461 3 GPS 3 64648829 548988346 0 306406 4 9 2366 383978600 32 0
7.525 3 ATTITUDE 0.010441 -3.13225 0.13525
7.541 3 IMU_GYRO 1 -0.02124 0.02417 -0.03125
7.557 3 GPS_SOL 102 25 152 20
7.574 3 AIRSPEED 0. 0. 0. 0.
7.589 3 DESIRED 0.61 0.11 3.1 -61. 59. 2595. 3.7 15.
7.621 3 ATTITUDE 0.010495 -3.132133 0.135216
7.717 3 ESTIMATOR 2574.697021 0.376189
7.718 3 GPS 3 64648830 548988346 0 306420 1 1 2366 383978800 32 0
7.733 3 ATTITUDE 0.01035 -3.131996 0.134624
7.765 3 FBW_STATUS 2 0 1 11.436065 0.
7.781 3 DESIRED 0.72 0.11 3.1 -61. 59. 2595. 3.7 15.
7.813 3 WP_MOVED 1 649123. 5253077. 2595. 32
7.829 3 ATTITUDE 0.010356 -3.131827 0.13465
7.845 3 ENERGY 0 11.44225 0. 0. 0. 0. 0.
7.861 3 COMMANDS 0,6250,-334
7.877 3 NAVIGATION 9 0 -2634.7 236806.5 0. 236821.2 0 18 18 1 0 0
7.925 3 ATTITUDE 0.010377 -3.131691 0.134644
7.926 3 IMU_ACCEL 1 1.306641 -0.09082 -9.749023
7.973 3 GPS 3 64648832 548988346 0 306432 0 -1 2366 383979000 32 0
7.975 3 LINK_REPORT 3 -1 8 0 3714 149 3 857. 34. 1 31.55
7.989 3 DESIRED 0.8 0.11 3.1 -61. 59. 2595. 3.7 15.
8.021 3 ATTITUDE 0.010236 -3.13151 0.134158
8.085 3 IMU_MAG 0 0. 0. 0.
8.117 3 ATTITUDE 0.010444 -3.131424 0.135115
8.133 3 IMU_GYRO 1 -0.01416 0.060791 -0.03125
8.182 3 DESIRED -0.8 0.11 3.1 -61. 59. 2595. 3.7 15.
8.213 3 ESTIMATOR 2574.637207 0.224405
8.214 3 GPS 3 64648832 548988345 0 306428 4 -13 2366 383979200 32 0
8.229 3 ATTITUDE 0.010665 -3.131283 0.135251
8.261 3 CIRCLE 0. 0. -60.
8.309 3 WP_MOVED 2 649046.125 5253124. 2595. 32
8.325 3 ATTITUDE 0.010706 -3.131145 0.135519
8.389 3 DESIRED -0.46 0.11 3.1 -61. 59. 2595. 3.7 15.
8.421 3 ATTITUDE 0.010649 -3.131032 0.135618
8.470 3 GPS 3 64648835 548988344 0 306444 7 -13 2366 383979600 32 0
8.501 3 STATE_FILTER_STATUS 6 3 0
8.517 3 ATTITUDE 0.010611 -3.130937 0.135552
8.565 3 AIRSPEED 0. 0. 0. 0.
8.581 3 DESIRED -0.8 0.11 3.1 -61. 59. 2595. 3.7 15.
8.614 3 ATTITUDE 0.010565 -3.130824 0.135369
8.751 3 DATALINK_REPORT 3 1 0 858 0 0
8.752 3 DL_VALUE 12 0.
8.752 3 ESTIMATOR 2574.566406 0.135258
8.752 3 GPS 3 64648835 548988344 0 306447 8 -20 2366 383979800 32 0
8.752 3 ATTITUDE 0.010582 -3.130679 0.135326
8.753 3 IMU_ACCEL 1 1.244141 -0.087891 -9.724609
8.753 3 IMU_GYRO 1 -0.025879 0.022461 -0.032227
8.783 3 DESIRED -0.8 0.11 3.1 -61. 59. 2595. 3.7 15.
8.815 3 WP_MOVED 0 649123. 5253077. 2595. 32
8.815 3 ATTITUDE 0.010617 -3.130561 0.135293
8.863 3 NAVIGATION 9 0 -2634.6 236806.5 0. 236821.2 0 19 19 1 0 0
8.879 3 CALIBRATION -150. 0
8.911 3 ATTITUDE 0.010621 -3.130439 0.135279
8.943 3 ENERGY 0 11.42988 0. 0. 0. 0. 0.
8.960 3 FBW_STATUS 2 0 1 11.42988 0.
8.975 3 LINK_REPORT 3 -1 9 0 4567 184 3 853. 35. 1 31.55
8.976 3 GPS 3 64648836 548988344 0 306443 7 -19 2366 383980000 32 0
8.992 3 DESIRED -0.8 0.11 3.1 -61. 59. 2595. 3.7 15.
9.024 3 ATTITUDE 0.010645 -3.130322 0.135221
9.120 3 ATTITUDE 0.010659 -3.130205 0.135198
9.184 3 DESIRED -0.8 0.11 3.1 -61. 59. 2595. 3.7 15.
9.216 3 ESTIMATOR 2574.306641 -0.053428
9.217 3 GPS 3 64648838 548988343 0 306456 8 -21 2366 383980200 32 0
9.232 3 ATTITUDE 0.01071 -3.130066 0.135206
9.312 3 CIRCLE 0. 0. -60.
9.313 3 WP_MOVED 1 649123. 5253077. 2595. 32
9.328 3 ATTITUDE 0.010695 -3.129966 0.13517
9.344 3 IMU_GYRO 1 -0.025391 0.022949 -0.032227
9.392 3 IMU_MAG 0 0. 0. 0.
9.393 3 DESIRED -0.8 0.11 3.1 -61. 59. 2595. 3.7 15.
9.424 3 ATTITUDE 0.010726 -3.129828 0.135158
9.472 3 GPS 3 64648840 548988343 0 306468 6 -14 2366 383980600 32 0
9.520 3 ATTITUDE 0.010739 -3.12971 0.135145
9.521 3 IMU_ACCEL 1 1.265625 -0.097656 -9.753906
9.570 3 GPS_SOL 98 26 152 20
9.570 3 AIRSPEED 0. 0. 0. 0.
9.584 3 DESIRED -0.8 0.11 3.1 -61. 59. 2595. 3.8 15.
9.616 3 ATTITUDE 0.010777 -3.129583 0.135098
9.711 3 ESTIMATOR 2574.106445 -0.154558
9.728 3 GPS 3 64648841 548988343 0 306459 2 -3 2366 383980800 32 0
9.728 3 ATTITUDE 0.010814 -3.129443 0.135234
9.760 3 FBW_STATUS 2 0 1 11.42988 0.
9.792 3 DESIRED 0.8 0.11 3.1 -61. 59. 2595. 3.8 15.
9.808 3 WP_MOVED 2 649046.125 5253124. 2595. 32
9.824 3 ATTITUDE 0.01063 -3.129266 0.134697
9.872 3 NAVIGATION 9 0 -2634.6 236806.5 0. 236821.2 0 20 20 1 0 0
9.872 3 COMMANDS 0,6949,-276
9.920 3 ATTITUDE 0.010601 -3.12906 0.134431
9.936 3 IMU_GYRO 1 -0.00415 0.087402 -0.033936
9.968 3 GPS 3 64648842 548988343 0 306463 6 -9 2366 383981000 32 0
9.975 3 LINK_REPORT 3 -1 10 0 5434 218 3 867. 34. 1 31.55
9.984 3 DESIRED -0.8 0.11 3.1 -61. 59. 2595. 3.8 15.
10.016 3 ATTITUDE 0.010819 -3.128969 0.135235
10.048 3 ENERGY 0 11.423695 0. 0. 0. 0. 0.
10.112 3 ATTITUDE 0.010933 -3.12882 0.135037
10.192 3 DESIRED 0.8 0.12 3.1 -61. 59. 2595. 3.8 15.
10.234 3 DL_VALUE 13 70.
10.234 3 ESTIMATOR 2573.666992 -0.333297
10.234 3 GPS 3 64648843 548988343 0 306466 1 -7 2366 383981200 32 0
10.235 3 ATTITUDE 0.010768 -3.128656 0.134436
10.235 3 LOGGER_STATUS 0 0 0 none
10.314 3 WP_MOVED 0 649123. 5253077. 2595. 32
10.330 3 ATTITUDE 0.010802 -3.128511 0.134825
10.330 3 IMU_ACCEL 1 1.100586 -0.087891 -9.803711
10.362 3 CIRCLE 0. 0. -60.
10.380 3 DESIRED -0.8 0.12 3.1 -61. 59. 2595. 3.9 15.
10.426 3 ATTITUDE 0.010936 -3.128408 0.134842
10.458 3 GPS 3 64648845 548988344 0 306464 3 -8 2366 383981600 32 0
10.506 3 PONG 
10.522 3 ATTITUDE 0.01091 -3.128278 0.13474
10.538 3 IMU_GYRO 1 -0.023926 0.022949 -0.03125
10.554 3 AIRSPEED 0. 0. 0. 0.
10.586 3 DESIRED -0.8 0.12 3.1 -61. 59. 2595. 3.9 15.
10.618 3 ATTITUDE 0.010939 -3.12812 0.134737
10.682 3 IMU_MAG 0 0. 0. 0.
10.698 3 STATE_FILTER_STATUS 6 3 0
10.714 3 ESTIMATOR 2573.36499 -0.423087
10.730 3 GPS 3 64648845 548988345 0 306451 5 -13 2366 383981800 32 0
10.731 3 ATTITUDE 0.010957 -3.127993 0.134703
10.778 3 DESIRED -0.8 0.12 3.1 -61. 59. 2595. 3.9 15.
10.810 3 WP_MOVED 1 649123. 5253077. 2595. 32
10.826 3 ATTITUDE 0.010965 -3.127842 0.134703
10.874 3 NAVIGATION 9 0 -2634.5 236806.5 0. 236821.2 0 21 21 1 0 0
10.875 3 ACTUATORS 1040,1770,1787
10.922 3 ATTITUDE 0.011017 -3.127705 0.134668
10.976 3 LINK_REPORT 3 -1 11 0 6257 252 3 823. 34. 2 34.59
11.000 3 NAVIGATION_REF 649123 5253077 32 2575.
11.001 3 FBW_STATUS 2 0 1 11.42988 0.
11.001 3 GPS 3 64648846 548988345 0 306449 5 -13 2366 383982000 32 0
11.001 3 DESIRED -0.8 0.12 3.1 -61. 59. 2595. 3.9 15.
11.001 3 CALIBRATION -150. 0
11.016 3 ATTITUDE 0.011037 -3.127563 0.134625
11.128 3 ATTITUDE 0.011046 -3.127453 0.134652
11.128 3 IMU_ACCEL 1 1.262695 -0.107422 -9.760742
11.144 3 ENERGY 0 11.436065 0. 0. 0. 0. 0.
11.145 3 IMU_GYRO 1 -0.025391 0.021973 -0.031738
11.192 3 DESIRED -0.8 0.12 3.1 -61. 59. 2595. 4. 15.
11.235 3 ESTIMATOR 2573.028076 -0.46467
11.236 3 GPS 3 64648847 548988345 0 306448 5 -10 2366 383982200 32 0
11.236 3 ATTITUDE 0.011048 -3.127322 0.134598
11.237 3 ALIVE 8,144,6,66,11,198,81,189,7,217,216,157,220,111,57,170
11.315 3 WP_MOVED 2 649046.125 5253124. 2595. 32
11.316 3 ATTITUDE 0.011028 -3.127195 0.13461
11.379 3 DESIRED -0.8 0.12 3.1 -61. 59. 2595. 4. 15.
11.411 3 PPRZ_MODE 2 3 3 2 0 4
11.412 3 CIRCLE 0. 0. -60.
11.428 3 ATTITUDE 0.011035 -3.127059 0.134574
11.460 3 GPS 3 64648848 548988346 0 306438 2 -8 2366 383982600 32 0
11.523 3 ATTITUDE 0.011037 -3.126952 0.134548
11.556 3 GPS_SOL 94 26 152 20
11.571 3 AIRSPEED 0. 0. 0. 0.
11.588 3 DESIRED -0.8 0.12 3.1 -61. 59. 2595. 4. 15.
11.619 3 ATTITUDE 0.011042 -3.126839 0.134542
11.715 3 DL_VALUE 14 0.
11.716 3 ESTIMATOR 2572.888916 -0.439351
11.732 3 GPS 3 64648849 548988346 0 306438 4 -13 2366 383982800 32 0
11.732 3 ATTITUDE 0.011049 -3.126684 0.134517
11.732 3 IMU_GYRO 1 -0.025391 0.021973 -0.03125
11.764 3 FBW_STATUS 2 0 1 11.42988 0.
11.780 3 DESIRED -0.8 0.12 3.1 -61. 59. 2595. 4. 15.
11.812 3 WP_MOVED 0 649123. 5253077. 2595. 32
11.828 3 ATTITUDE 0.011059 -3.126524 0.134491
11.860 3 NAVIGATION 9 0 -2634.5 236806.5 0. 236821.2 0 22 22 1 0 0
11.924 3 ATTITUDE 0.011061 -3.126385 0.134471
11.924 3 IMU_ACCEL 1 1.306641 -0.085938 -9.749023
11.972 3 GPS 3 64648850 548988346 0 306429 2 -7 2366 383983000 32 0
11.976 3 LINK_REPORT 3 -1 12 0 7247 292 3 990. 40. 2 34.59
11.988 3 IMU_MAG 0 0. 0. 0.
11.988 3 DESIRED -0.73 0.12 3.1 -61. 59. 2595. 4. 15.
12.020 3 ATTITUDE 0.011126 -3.126224 0.134672
12.116 3 ATTITUDE 0.01113 -3.126074 0.134451
12.180 3 DESIRED -0.8 0.12 3.1 -61. 59. 2595. 4. 15.
12.212 3 ESTIMATOR 2572.673828 -0.421496
12.228 3 GPS 3 64648850 548988347 0 306424 6 -10 2366 383983200 32 0
12.228 3 ATTITUDE 0.011177 -3.125955 0.134431
12.244 3 ENERGY 0 11.42988 0. 0. 0. 0. 0.
12.308 3 WP_MOVED 1 649123. 5253077. 2595. 32
12.324 3 ATTITUDE 0.01118 -3.125804 0.134374
12.340 3 IMU_GYRO 1 -0.025879 0.021973 -0.03125
12.388 3 DESIRED -0.8 0.12 3.1 -61. 59. 2595. 4. 15.
12.420 3 ATTITUDE 0.011172 -3.125667 0.134333
12.468 3 CIRCLE 0. 0. -60.
12.469 3 GPS 3 64648851 548988348 0 306415 6 -12 2366 383983600 32 0
12.516 3 ATTITUDE 0.01117 -3.125543 0.134267
12.564 3 AIRSPEED 0. 0. 0. 0.
12.580 3 DESIRED -0.8 0.12 3.1 -61. 59. 2595. 4. 15.
12.612 3 ATTITUDE 0.011192 -3.125398 0.13424
12.676 3 AUTOPILOT_VERSION 60400 v6.4.0_stable
12.736 3 ESTIMATOR 2572.693359 -0.314386
12.736 3 GPS 3 64648853 548988348 0 306411 5 -11 2366 383983800 32 0
12.737 3 ATTITUDE 0.011225 -3.125262 0.134198
12.737 3 IMU_ACCEL 1 1.258789 -0.12207 -9.749023
12.784 3 DESIRED -0.8 0.12 3.1 -61. 59. 2595. 4. 15.
12.816 3 WP_MOVED 2 649046.125 5253124. 2595. 32
12.832 3 ATTITUDE 0.011245 -3.125139 0.134137
12.864 3 COMMANDS 0,-7138,-170
12.864 3 NAVIGATION 9 0 -2634.5 236806.5 0. 236821.2 0 23 23 1 0 0
12.896 3 STATE_FILTER_STATUS 6 3 0
12.912 3 ATTITUDE 0.011253 -3.125014 0.134072
12.944 3 IMU_GYRO 1 -0.024902 0.021484 -0.03125
12.960 3 FBW_STATUS 2 0 1 11.436065 0.
12.976 3 GPS 3 64648853 548988349 0 306393 7 -12 2366 383984000 32 0
12.977 3 LINK_REPORT 3 -1 13 0 8131 327 3 884. 35. 2 34.59
12.992 3 DESIRED -0.8 0.12 3.1 -61. 59. 2595. 4. 15.
13.024 3 ATTITUDE 0.011272 -3.124845 0.134047
13.088 3 CALIBRATION -150. 0
13.120 3 ATTITUDE 0.011276 -3.124658 0.133992
13.184 3 DESIRED -0.8 0.12 3.1 -61. 59. 2595. 4.1 15.
13.216 3 DL_VALUE 15 70.
13.217 3 ESTIMATOR 2572.466553 -0.341191
13.232 3 GPS 3 64648853 548988349 0 306401 5 -14 2366 383984200 32 0
13.233 3 ATTITUDE 0.011267 -3.124502 0.133959
13.280 3 IMU_MAG 0 0. 0. 0.
13.312 3 WP_MOVED 0 649123. 5253077. 2595. 32
13.328 3 ATTITUDE 0.01128 -3.124353 0.133925
13.344 3 ENERGY 0 11.436065 0. 0. 0. 0. 0.
13.393 3 DESIRED -0.8 0.12 3.1 -61. 59. 2595. 4.1 15.
13.424 3 ATTITUDE 0.01128 -3.124212 0.13386
13.472 3 GPS 3 64648854 548988350 0 306387 6 -16 2366 383984600 32 0
13.504 3 CIRCLE 0. 0. -60.
13.520 3 ATTITUDE 0.011315 -3.124072 0.133854
13.521 3 IMU_ACCEL 1 1.291992 -0.095703 -9.777344
13.536 3 IMU_GYRO 1 -0.025391 0.022461 -0.032959
13.569 3 GPS_SOL 91 27 152 20
13.569 3 AIRSPEED 0. 0. 0. 0.
13.585 3 DESIRED -0.8 0.12 3.1 -61. 59. 2595. 4.1 15.
13.616 3 ATTITUDE 0.011333 -3.123967 0.133835
13.713 3 ESTIMATOR 2572.494385 -0.248676
13.729 3 GPS 3 64648855 548988350 0 306378 5 -14 2366 383984800 32 0
13.729 3 ATTITUDE 0.011311 -3.123832 0.133829
13.761 3 FBW_STATUS 2 0 1 11.42988 0.
13.793 3 DESIRED -0.8 0.12 3.1 -61. 59. 2595. 4.1 15.
13.793 3 DATALINK_REPORT 4 2 0 910 0 0
13.825 3 WP_MOVED 1 649123. 5253077. 2595. 32
13.825 3 ATTITUDE 0.011331 -3.123672 0.133812
13.857 3 NAVIGATION 9 0 -2634.4 236806.5 0. 236821.2 0 24 24 1 0 0
13.921 3 ATTITUDE 0.011336 -3.123528 0.133762
13.969 3 GPS 3 64648855 548988349 0 306393 9 -19 2366 383985000 32 0
13.977 3 LINK_REPORT 3 -1 14 0 9005 362 3 874. 35. 2 34.59
13.985 3 DESIRED -0.8 0.12 3.1 -61. 59. 2595. 4.1 15.
14.017 3 ATTITUDE 0.011368 -3.123369 0.13373
14.113 3 ATTITUDE 0.011383 -3.123208 0.133712
14.145 3 IMU_GYRO 1 -0.025879 0.022461 -0.031738
14.193 3 DESIRED -0.8 0.12 3.1 -61. 59. 2595. 4.1 15.
14.235 3 ESTIMATOR 2572.41626 -0.200702
14.235 3 GPS 3 64648855 548988350 0 306369 8 -20 2366 383985200 32 0
14.236 3 ATTITUDE 0.011391 -3.123079 0.13367
14.315 3 WP_MOVED 2 649046.125 5253124. 2595. 32
14.331 3 ATTITUDE 0.011438 -3.122924 0.133633
14.331 3 IMU_ACCEL 1 1.262695 -0.097656 -9.749023
14.379 3 DESIRED -0.8 0.12 3.1 -61. 59. 2595. 4.1 15.
14.427 3 ATTITUDE 0.011412 -3.122799 0.133619
14.443 3 ENERGY 0 11.42988 0. 0. 0. 0. 0.
14.459 3 GPS 3 64648857 548988353 0 306356 9 -13 2366 383985600 32 0
14.523 3 ATTITUDE 0.011423 -3.12265 0.133586
14.555 3 CIRCLE 0. 0. -60.
14.571 3 AIRSPEED 0. 0. 0. 0.
14.587 3 IMU_MAG 0 0. 0. 0.
14.587 3 DESIRED -0.8 0.12 3.1 -61. 59. 2595. 4.1 15.
14.619 3 ATTITUDE 0.011407 -3.12251 0.133569
14.715 3 DL_VALUE 16 0.
14.715 3 ESTIMATOR 2572.309814 -0.220414
14.745 3 GPS 3 64648857 548988353 0 306351 10 -19 2366 383985800 32 0
14.746 3 ATTITUDE 0.011415 -3.122322 0.133522
14.746 3 IMU_GYRO 1 -0.024414 0.021484 -0.03125
14.793 3 DESIRED -0.8 0.12 3.1 -61. 59. 2595. 4.1 15.
14.809 3 WP_MOVED 0 649123. 5253077. 2595. 32
14.825 3 ATTITUDE 0.011423 -3.122162 0.133467
14.874 3 NAVIGATION 9 0 -2634.4 236806.5 0. 236821.2 0 25 25 1 0 0
14.874 3 COMMANDS 0,-7140,-140
14.921 3 ATTITUDE 0.011443 -3.122028 0.133439
14.969 3 FBW_STATUS 2 0 1 11.423695 0.
14.970 3 GPS 3 64648857 548988354 0 306346 6 -21 2366 383986000 32 0
14.978 3 LINK_REPORT 3 -1 15 0 9864 396 3 859. 34. 2 34.59
14.988 3 DESIRED -0.8 0.12 3.1 -61. 59. 2595. 4.1 15.
15.017 3 ATTITUDE 0.011439 -3.121894 0.133408
15.097 3 STATE_FILTER_STATUS 6 3 0
15.129 3 ATTITUDE 0.011515 -3.12173 0.13361
15.130 3 IMU_ACCEL 1 1.301758 -0.097656 -9.793945
15.194 3 DESIRED -0.73 0.12 3.1 -61. 59. 2595. 4.1 15.
15.194 3 CALIBRATION -150. 0
15.235 3 ESTIMATOR 2572.284912 -0.170834
15.236 3 GPS 3 64648859 548988353 0 306350 1 -5 2366 383986200 32 0
15.236 3 ATTITUDE 0.011535 -3.121532 0.133544
15.315 3 WP_MOVED 1 649123. 5253077. 2595. 32
15.332 3 LOGGER_STATUS 0 0 0 none
15.332 3 ATTITUDE 0.011516 -3.121385 0.133288
15.347 3 IMU_GYRO 1 -0.0271 0.019287 -0.031738
15.380 3 DESIRED -0.8 0.12 3.1 -61. 59. 2595. 4.1 15.
15.412 3 ATTITUDE 0.011541 -3.12122 0.133224
15.460 3 GPS 3 64648860 548988354 0 306353 8 -15 2366 383986600 32 0
15.507 3 PONG 
15.524 3 ATTITUDE 0.011551 -3.121031 0.133194
15.540 3 ENERGY 0 11.436065 0. 0. 0. 0. 0.
15.556 3 GPS_SOL 88 31 152 20
15.572 3 AIRSPEED 0. 0. 0. 0.
15.588 3 DESIRED -0.8 0.12 3.1 -61. 59. 2595. 4.1 15.
15.603 3 CIRCLE 0. 0. -60.
15.619 3 ATTITUDE 0.011563 -3.120898 0.13317
15.716 3 ESTIMATOR 2572.374023 -0.089937
15.716 3 GPS 3 64648860 548988355 0 306335 10 -16 2366 383986800 32 0
15.732 3 ATTITUDE 0.011597 -3.120752 0.133146
15.764 3 FBW_STATUS 2 0 1 11.42988 0.
15.780 3 DESIRED -0.8 0.12 3.1 -61. 59. 2595. 4. 15.
15.812 3 WP_MOVED 2 649046.125 5253124. 2595. 32
15.828 3 ATTITUDE 0.01161 -3.120598 0.133113
15.876 3 NAVIGATION 9 0 -2634.4 236806.5 0. 236821.2 0 26 26 1 0 0
15.876 3 ACTUATORS 1040,1773,1784
15.876 3 IMU_MAG 0 0. 0. 0.
15.924 3 ATTITUDE 0.011637 -3.120424 0.133113
15.924 3 IMU_ACCEL 1 1.28418 -0.097656 -9.698242
15.940 3 IMU_GYRO 1 -0.024414 0.021484 -0.031738
15.972 3 GPS 3 64648860 548988355 0 306342 7 -18 2366 383987000 32 0
15.978 3 LINK_REPORT 3 -1 16 0 10802 435 3 938. 39. 3 35.58
15.988 3 DESIRED -0.8 0.12 3.1 -61. 59. 2595. 4. 15.
16.020 3 ATTITUDE 0.011679 -3.120244 0.133104
16.116 3 ATTITUDE 0.011667 -3.12007 0.133078
16.180 3 DESIRED -0.8 0.12 3.1 -61. 59. 2595. 4. 15.
16.238 3 DL_VALUE 17 2.
16.238 3 ESTIMATOR 2572.65918 0.077542
16.239 3 GPS 3 64648861 548988355 0 306340 4 -11 2366 383987200 32 0
16.245 3 ATTITUDE 0.011676 -3.119945 0.133053
16.318 3 PPRZ_MODE 2 3 3 2 0 4
16.318 3 WP_MOVED 0 649123. 5253077. 2595. 32
16.334 3 ATTITUDE 0.011685 -3.119801 0.133046
16.334 3 ALIVE 8,144,6,66,11,198,81,189,7,217,216,157,220,111,57,170
16.382 3 DESIRED -0.8 0.12 3.1 -61. 59. 2595. 4. 15.
16.414 3 ATTITUDE 0.011698 -3.119631 0.132985
16.462 3 GPS 3 64648863 548988355 0 306339 2 -6 2366 383987600 32 0
16.510 3 ATTITUDE 0.01173 -3.119468 0.133
16.542 3 IMU_GYRO 1 -0.023926 0.046875 -0.030762
16.558 3 AIRSPEED 0. 0. 0. 0.
16.590 3 DESIRED -0.37 0.12 3.1 -61. 59. 2595. 4. 15.
16.622 3 ATTITUDE 0.011724 -3.11928 0.133142
16.638 3 ENERGY 0 11.436065 0. 0. 0. 0. 0.
16.654 3 CIRCLE 0. 0. -60.
16.718 3 ESTIMATOR 2572.662598 0.067733
16.734 3 GPS 3 64648864 548988355 0 306354 8 -13 2366 383987800 32 0
16.735 3 ATTITUDE 0.011655 -3.119137 0.133155
16.735 3 IMU_ACCEL 1 1.371094 -0.201172 -9.796875
16.782 3 DESIRED -0.8 0.12 3.1 -61. 59. 2595. 4. 15.
16.814 3 WP_MOVED 1 649123. 5253077. 2595. 32
16.830 3 ATTITUDE 0.011662 -3.119 0.132775
16.862 3 NAVIGATION 9 0 -2634.4 236806.5 0. 236821.2 0 27 27 1 0 0
16.926 3 ATTITUDE 0.011735 -3.118842 0.13274
16.958 3 FBW_STATUS 2 0 1 11.44225 0.
16.974 3 GPS 3 64648865 548988355 0 306355 3 -6 2366 383988000 32 0
16.979 3 LINK_REPORT 3 -1 17 0 11643 468 3 841. 33. 3 35.58
16.990 3 DESIRED -0.58 0.12 3.1 -61. 59. 2595. 4. 15.
17.022 3 ATTITUDE 0.011744 -3.118649 0.132818
17.115 3 WIND_INFO 3 5 0. 0. 0. 0.
17.118 3 ATTITUDE 0.011711 -3.118484 0.132913
17.134 3 IMU_GYRO 1 -0.025391 0.020508 -0.031738
17.182 3 IMU_MAG 0 0. 0. 0.
17.198 3 DESIRED 0.8 0.12 3.1 -61. 59. 2595. 4. 15.
17.214 3 ESTIMATOR 2572.754639 0.103217
17.230 3 GPS 3 64648865 548988355 0 306361 0 -3 2366 383988200 32 0
17.231 3 ATTITUDE 0.011554 -3.11827 0.131792
17.294 3 CALIBRATION -150. 0
17.310 3 STATE_FILTER_STATUS 6 3 0
17.326 3 WP_MOVED 2 649046.125 5253124. 2595. 32
17.327 3 ATTITUDE 0.011529 -3.118094 0.131971
17.391 3 DESIRED -0.8 0.12 3.1 -61. 59. 2595. 4. 15.
17.422 3 ATTITUDE 0.011802 -3.11795 0.132798
17.471 3 GPS 3 64648866 548988356 0 306376 6 -8 2366 383988600 32 0
17.518 3 ATTITUDE 0.0117 -3.11782 0.132618
17.534 3 IMU_ACCEL 1 1.267578 -0.107422 -9.724609
17.566 3 GPS_SOL 86 33 152 20
17.567 3 AIRSPEED 0. 0. 0. 0.
17.583 3 DESIRED -0.8 0.12 3.1 -61. 59. 2595. 4. 15.
17.614 3 ATTITUDE 0.011695 -3.117667 0.132636
17.737 3 DL_VALUE 18 0.
17.737 3 CIRCLE 0. 0. -60.
17.737 3 ESTIMATOR 2572.788818 0.097852
17.737 3 GPS 3 64648866 548988357 0 306362 9 -14 2366 383988800 32 0
17.763 3 ATTITUDE 0.011666 -3.117491 0.132583
17.764 3 ENERGY 0 11.436065 0. 0. 0. 0. 0.
17.764 3 IMU_GYRO 1 -0.025391 0.022461 -0.03125
17.764 3 FBW_STATUS 2 0 1 11.436065 0.
17.779 3 DESIRED -0.8 0.12 3.1 -61. 59. 2595. 4. 15.
17.811 3 WP_MOVED 0 649123. 5253077. 2595. 32
17.827 3 ATTITUDE 0.011687 -3.117338 0.132558
17.859 3 COMMANDS 0,-7143,-151
17.875 3 NAVIGATION 9 0 -2634.3 236806.5 0. 236821.2 0 28 28 1 0 0
17.923 3 ATTITUDE 0.011664 -3.117165 0.132493
17.971 3 GPS 3 64648867 548988357 0 306364 4 -6 2366 383989000 32 0
17.979 3 LINK_REPORT 3 -1 18 0 12546 505 3 903. 37. 4 35.58
17.987 3 DESIRED -0.8 0.12 3.1 -61. 59. 2595. 4. 15.
18.019 3 ATTITUDE 0.011642 -3.117 0.132454
18.115 3 ATTITUDE 0.01163 -3.116853 0.132433
18.179 3 DESIRED -0.8 0.12 3.1 -61. 59. 2595. 4. 15.
18.227 3 ESTIMATOR 2572.669678 0.009444
18.230 3 GPS 3 64648867 548988357 0 306361 5 -14 2366 383989200 32 0
18.230 3 ATTITUDE 0.011633 -3.116681 0.132409
18.307 3 WP_MOVED 1 649123. 5253077. 2595. 32
18.323 3 ATTITUDE 0.011644 -3.116527 0.132408
18.323 3 IMU_ACCEL 1 1.272461 -0.061523 -9.698242
18.340 3 IMU_GYRO 1 -0.024902 0.021484 -0.031738
18.387 3 DESIRED -0.8 0.12 3.1 -61. 59. 2595. 4. 15.
18.419 3 ATTITUDE 0.011644 -3.116372 0.132363
18.467 3 GPS 3 64648868 548988357 0 306356 2 -10 2366 383989600 32 0
18.483 3 IMU_MAG 0 0. 0. 0.
18.515 3 ATTITUDE 0.01161 -3.116196 0.132402
18.563 3 AIRSPEED 0. 0. 0. 0.
18.579 3 DESIRED -0.22 0.12 3.1 -61. 59. 2595. 4. 15.
18.611 3 ATTITUDE 0.011675 -3.115998 0.132626
18.735 3 ESTIMATOR 2572.662109 0.000308
18.736 3 GPS 3 64648868 548988357 0 306344 8 -13 2366 383989800 32 0
18.736 3 ATTITUDE 0.011748 -3.115824 0.13258
18.751 3 CIRCLE 0. 0. -60.
18.783 3 DESIRED -0.8 0.12 3.1 -61. 59. 2595. 4. 15.
18.815 3 WP_MOVED 2 649046.125 5253124. 2595. 32
18.831 3 ATTITUDE 0.01163 -3.115705 0.132194
18.847 3 ENERGY 0 11.436065 0. 0. 0. 0. 0.
18.864 3 NAVIGATION 9 0 -2634.3 236806.5 0. 236821.2 0 29 29 1 0 0
18.880 3 DATALINK_REPORT 2 4 0 869 0 0
18.912 3 ATTITUDE 0.011671 -3.115541 0.1322
18.944 3 IMU_GYRO 1 -0.025879 0.022461 -0.03125
18.960 3 FBW_STATUS 2 0 1 11.423695 0.
18.976 3 GPS 3 64648868 548988359 0 306337 13 -19 2366 383990000 32 0
18.980 3 LINK_REPORT 3 -1 19 0 13396 538 3 850. 33. 4 35.58
18.992 3 DESIRED -0.8 0.12 3.1 -61. 59. 2595. 4. 15.
19.024 3 ATTITUDE 0.011691 -3.115354 0.132125
19.120 3 ATTITUDE 0.011711 -3.115187 0.132099
19.120 3 IMU_ACCEL 1 1.282227 -0.083008 -9.741211
19.184 3 DESIRED -0.8 0.12 3.1 -61. 59. 2595. 4. 15.
19.215 3 DL_VALUE 19 0.
19.231 3 ESTIMATOR 2572.762207 0.039999
19.232 3 GPS 3 64648867 548988360 0 306319 7 -13 2366 383990200 32 0
19.233 3 ATTITUDE 0.011708 -3.115009 0.132075
19.312 3 WP_MOVED 0 649123. 5253077. 2595. 32
19.328 3 ATTITUDE 0.011751 -3.114831 0.132068
19.392 3 DESIRED -0.8 0.12 3.1 -61. 59. 2595. 4. 15.
19.408 3 CALIBRATION -150. 0
19.424 3 ATTITUDE 0.011777 -3.114647 0.132074
19.472 3 GPS 3 64648867 548988361 0 306322 6 -12 2366 383990600 32 0
19.488 3 STATE_FILTER_STATUS 6 3 0
19.520 3 ATTITUDE 0.011771 -3.114506 0.132016
19.536 3 IMU_GYRO 1 -0.025391 0.020996 -0.03125
19.568 3 GPS_SOL 84 35 152 20
19.569 3 AIRSPEED 0. 0. 0. 0.
19.584 3 DESIRED -0.8 0.12 3.1 -61. 59. 2595. 4. 15.
19.616 3 ATTITUDE 0.011779 -3.114322 0.131944
19.737 3 ESTIMATOR 2572.94165 0.134139
19.738 3 GPS 3 64648868 548988361 0 306332 6 -9 2366 383990800 32 0
19.738 3 ATTITUDE 0.011798 -3.114163 0.131877
19.753 3 FBW_STATUS 2 0 1 11.436065 0.
19.785 3 IMU_MAG 0 0. 0. 0.
19.802 3 DESIRED -0.8 0.12 3.1 -61. 59. 2595. 4. 15.
19.817 3 CIRCLE 0. 0. -60.
19.818 3 WP_MOVED 1 649123. 5253077. 2595. 32
19.833 3 ATTITUDE 0.011815 -3.114006 0.131826
19.866 3 NAVIGATION 9 0 -2634.3 236806.5 0. 236821.2 0 30 30 1 0 0
19.866 3 COMMANDS 0,-7144,-166
19.930 3 ATTITUDE 0.011843 -3.113838 0.131816
19.931 3 IMU_ACCEL 1 1.201172 -0.171875 -9.762695
19.946 3 ENERGY 0 11.411325 0. 0. 0. 0. 0.
19.962 3 NAVIGATION_REF 649123 5253077 32 2575.
19.979 3 GPS 3 64648869 548988361 0 306337 3 -6 2366 383991000 32 0
19.981 3 LINK_REPORT 3 -1 20 0 14320 576 3 924. 38. 4 35.58
19.994 3 DESIRED -0.01 0.12 3.1 -61. 59. 2595. 3.9 15.
20.026 3 ATTITUDE 0.011861 -3.11364 0.132122
20.122 3 ATTITUDE 0.01196 -3.113427 0.132254
20.138 3 IMU_GYRO 1 -0.031738 0.019287 -0.030273
20.186 3 DESIRED -0.8 0.12 3.1 -61. 59. 2595. 3.9 15.
20.218 3 ESTIMATOR 2573.195068 0.227833
20.234 3 GPS 3 64648870 548988361 0 306338 7 -9 2366 383991200 32 0
20.236 3 ATTITUDE 0.011789 -3.113271 0.131804
20.314 3 WP_MOVED 2 649046.125 5253124. 2595. 32
20.330 3 ATTITUDE 0.011844 -3.113065 0.131803
20.394 3 DESIRED -0.8 0.12 3.1 -61. 59. 2595. 3.9 15.
20.437 3 LOGGER_STATUS 1 0 0 PPRZ\pprzlog_0125.LOG,FLIGHT_RECORDER\fr_0130.LOG
20.443 3 ATTITUDE 0.011844 -3.112877 0.131741
20.468 3 GPS 3 64648870 548988363 0 306312 12 -21 2366 383991600 32 0
20.500 3 PONG 
20.516 3 ATTITUDE 0.011842 -3.112701 0.13171
20.565 3 AIRSPEED 0. 0. 0. 0.
20.581 3 DESIRED -0.8 0.12 3.1 -61. 59. 2595. 3.9 15.
20.612 3 ATTITUDE 0.011847 -3.112511 0.131681
20.724 3 DL_VALUE 20 0.
20.724 3 ESTIMATOR 2573.492432 0.341533
20.754 3 GPS 3 64648870 548988364 0 306293 12 -24 2366 383991800 32 0
20.755 3 ATTITUDE 0.011857 -3.112354 0.131621
20.755 3 IMU_ACCEL 1 1.260742 -0.081055 -9.727539
20.756 3 IMU_GYRO 1 -0.024902 0.021973 -0.03125
20.787 3 DESIRED -0.8 0.12 3.1 -61. 59. 2595. 3.9 15.
20.803 3 WP_MOVED 0 649123. 5253077. 2595. 32
20.818 3 ATTITUDE 0.011852 -3.112149 0.131564
20.867 3 CIRCLE 0. 0. -60.
20.883 3 NAVIGATION 9 0 -2634.2 236806.5 0. 236821.2 0 31 31 1 0 0
20.884 3 ACTUATORS 1040,1771,1787
20.915 3 ATTITUDE 0.011854 -3.111973 0.131528
20.963 3 FBW_STATUS 2 0 1 11.42988 0.
20.979 3 GPS 3 64648870 548988364 0 306294 10 -24 2366 383992000 32 0
20.981 3 LINK_REPORT 3 -1 21 0 15197 610 3 877. 34. 5 27.18
20.995 3 DESIRED -0.8 0.12 3.1 -61. 59. 2595. 3.8 15.
21.027 3 ATTITUDE 0.011844 -3.111772 0.131499
21.043 3 ENERGY 0 11.436065 0. 0. 0. 0. 0.
21.075 3 IMU_MAG 0 0. 0. 0.
21.123 3 ATTITUDE 0.011843 -3.111592 0.131471
21.187 3 DESIRED -0.8 0.12 3.1 -61. 59. 2595. 3.8 15.
21.218 3 PPRZ_MODE 2 3 3 2 0 4
21.219 3 ESTIMATOR 2573.805176 0.399156
21.234 3 GPS 3 64648870 548988366 0 306260 16 -27 2366 383992200 32 0
21.235 3 ATTITUDE 0.011848 -3.111388 0.131431
21.315 3 WP_MOVED 1 649123. 5253077. 2595. 32
21.331 3 ATTITUDE 0.011847 -3.111189 0.131389
21.347 3 IMU_GYRO 1 -0.024902 0.021973 -0.03125
21.395 3 DESIRED -0.8 0.12 3.1 -61. 59. 2595. 3.8 15.
21.427 3 ALIVE 8,144,6,66,11,198,81,189,7,217,216,157,220,111,57,170
21.428 3 ATTITUDE 0.011866 -3.111009 0.131367
21.459 3 GPS 3 64648870 548988368 0 306257 9 -23 2366 383992600 32 0
21.491 3 CALIBRATION -150. 0
21.523 3 ATTITUDE 0.011884 -3.110822 0.131312
21.524 3 IMU_ACCEL 1 1.267578 -0.107422 -9.705078
21.571 3 GPS_SOL 86 45 152 20
21.571 3 AIRSPEED 0. 0. 0. 0.
21.587 3 DESIRED -0.8 0.12 3.1 -61. 59. 2595. 3.8 15.
21.619 3 ATTITUDE 0.011858 -3.110616 0.131308
21.698 3 STATE_FILTER_STATUS 6 3 0
21.715 3 ESTIMATOR 2573.868408 0.349558
21.730 3 GPS 3 64648870 548988368 0 306252 6 -15 2366 383992800 32 0
21.734 3 ATTITUDE 0.01188 -3.110438 0.131254
21.763 3 FBW_STATUS 2 0 1 11.42988 0.
21.796 3 DESIRED -0.8 0.12 3.1 -61. 59. 2595. 3.8 15.
21.811 3 WP_MOVED 2 649046.125 5253124. 2595. 32
21.827 3 ATTITUDE 0.011866 -3.110244 0.131226
21.859 3 NAVIGATION 9 0 -2634.2 236806.5 0. 236821.2 0 32 32 1 0 0
21.907 3 CIRCLE 0. 0. -60.
21.923 3 ATTITUDE 0.011875 -3.110052 0.131174
21.939 3 IMU_GYRO 1 -0.025879 0.021973 -0.031738
21.971 3 GPS 3 64648870 548988369 0 306249 10 -23 2366 383993000 32 0
21.983 3 LINK_REPORT 3 -1 22 0 16111 647 3 914. 37. 5 27.18
21.987 3 DESIRED -0.8 0.12 3.1 -61. 59. 2595. 3.8 15.
22.019 3 ATTITUDE 0.011849 -3.10987 0.131175
22.115 3 ATTITUDE 0.011853 -3.109684 0.131176
22.148 3 ENERGY 0 11.436065 0. 0. 0. 0. 0.
22.195 3 DESIRED -0.8 0.12 3.1 -61. 59. 2595. 3.8 15.
22.236 3 DL_VALUE 21 0.
22.237 3 ESTIMATOR 2573.702393 0.144287
22.237 3 GPS 3 64648870 548988369 0 306254 9 -13 2366 383993200 32 0
22.237 3 ATTITUDE 0.011855 -3.109462 0.131163
22.317 3 WP_MOVED 0 649123. 5253077. 2595. 32
22.333 3 ATTITUDE 0.011876 -3.109278 0.13116
22.334 3 IMU_ACCEL 1 1.28418 -0.085938 -9.736328
22.381 3 IMU_MAG 0 0. 0. 0.
22.397 3 DESIRED -0.8 0.12 3.1 -61. 59. 2595. 3.8 15.
22.429 3 ATTITUDE 0.011913 -3.109086 0.13112
22.461 3 GPS 3 64648871 548988369 0 306269 6 -8 2366 383993600 32 0
22.525 3 ATTITUDE 0.011932 -3.108892 0.13108
22.541 3 IMU_GYRO 1 -0.024902 0.021484 -0.030762
22.557 3 AIRSPEED 0. 0. 0. 0.
22.590 3 DESIRED -0.8 0.12 3.1 -61. 59. 2595. 3.8 15.
22.621 3 ATTITUDE 0.011956 -3.108711 0.131062
22.717 3 ESTIMATOR 2573.638672 0.079547
22.733 3 GPS 3 64648871 548988369 0 306268 4 -8 2366 383993800 32 0
22.734 3 ATTITUDE 0.011963 -3.10852 0.131001
22.782 3 DESIRED -0.8 0.12 3.1 -61. 59. 2595. 3.8 15.
22.814 3 WP_MOVED 1 649123. 5253077. 2595. 32
22.829 3 ATTITUDE 0.011951 -3.10832 0.130984
22.861 3 COMMANDS 0,-7145,-214
22.878 3 NAVIGATION 9 0 -2634.2 236806.5 0. 236821.2 0 33 33 1 0 0
22.926 3 ATTITUDE 0.011938 -3.108141 0.13095
22.983 3 LINK_REPORT 3 -1 23 0 16875 677 3 764. 30. 5 27.18
22.986 3 FBW_STATUS 2 0 1 11.436065 0.
22.987 3 CIRCLE 0. 0. -60.
22.988 3 GPS 3 64648871 548988369 0 306270 5 -12 2366 383994000 32 0
22.990 3 DESIRED -0.8 0.12 3.1 -61. 59. 2595. 3.8 15.
23.019 3 ATTITUDE 0.011939 -3.10797 0.130947
23.131 3 ATTITUDE 0.011924 -3.10778 0.130973
23.131 3 IMU_ACCEL 1 1.296875 -0.109375 -9.734375
23.147 3 IMU_GYRO 1 -0.024414 0.022461 -0.030762
23.194 3 DESIRED -0.8 0.12 3.1 -61. 59. 2595. 3.8 15.
23.210 3 ESTIMATOR 2573.63916 0.040655
23.226 3 GPS 3 64648872 548988368 0 306304 4 -3 2366 383994200 32 0
23.226 3 ATTITUDE 0.01193 -3.107581 0.130968
23.258 3 ENERGY 0 11.436065 0. 0. 0. 0. 0.
23.307 3 WP_MOVED 2 649046.125 5253124. 2595. 32
23.322 3 ATTITUDE 0.011946 -3.107411 0.131166
23.387 3 DESIRED -0.73 0.12 3.1 -61. 59. 2595. 3.8 15.
23.419 3 ATTITUDE 0.011928 -3.107216 0.131121
23.467 3 GPS 3 64648872 548988369 0 306284 7 -11 2366 383994600 32 0
23.515 3 ATTITUDE 0.011893 -3.107015 0.130872
23.563 3 GPS_SOL 89 42 152 20
23.563 3 AIRSPEED 0. 0. 0. 0.
23.595 3 DESIRED -0.8 0.12 3.1 -61. 59. 2595. 3.9 15.
23.596 3 CALIBRATION -150. 0
23.627 3 ATTITUDE 0.011902 -3.106813 0.130872
23.691 3 IMU_MAG 0 0. 0. 0.
23.736 3 DL_VALUE 22 0.
23.737 3 ESTIMATOR 2573.59082 0.000738
23.737 3 GPS 3 64648872 548988370 0 306285 7 -12 2366 383994800 32 0
23.738 3 ATTITUDE 0.011905 -3.106634 0.130827
23.738 3 IMU_GYRO 1 -0.024414 0.022461 -0.031738
23.769 3 FBW_STATUS 2 0 1 11.423695 0.
23.785 3 AUTOPILOT_VERSION 60400 v6.4.0_stable
23.801 3 DESIRED -0.8 0.12 3.1 -61. 59. 2595. 3.9 15.
23.817 3 WP_MOVED 0 649123. 5253077. 2595. 32
23.833 3 ATTITUDE 0.011911 -3.106454 0.130805
23.865 3 NAVIGATION 9 0 -2634.2 236806.5 0. 236821.2 0 34 34 1 0 0
23.897 3 STATE_FILTER_STATUS 6 3 0
23.929 3 ATTITUDE 0.011921 -3.10625 0.130718
23.929 3 IMU_ACCEL 1 1.277344 -0.097656 -9.775391
23.961 3 GPS 3 64648873 548988371 0 306281 6 -9 2366 383995000 32 0
23.983 3 LINK_REPORT 3 -1 24 0 17864 717 3 989. 40. 5 27.18
23.993 3 DATALINK_REPORT 4 5 0 45272 0 0
23.994 3 DESIRED -0.8 0.12 3.1 -61. 59. 2595. 3.9 15.
24.009 3 CIRCLE 0. 0. -60.
24.025 3 ATTITUDE 0.011918 -3.106032 0.130712
24.121 3 ATTITUDE 0.01191 -3.105833 0.130684
24.185 3 DESIRED -0.8 0.12 3.1 -61. 59. 2595. 3.9 15.
24.216 3 ESTIMATOR 2573.532227 -0.02577
24.233 3 GPS 3 64648873 548988372 0 306262 9 -18 2366 383995200 32 0
24.233 3 ATTITUDE 0.011931 -3.105645 0.130628
24.313 3 WP_MOVED 1 649123. 5253077. 2595. 32
24.329 3 ATTITUDE 0.011945 -3.10545 0.130591
24.345 3 ENERGY 0 11.423695 0. 0. 0. 0. 0.
24.361 3 IMU_GYRO 1 -0.025391 0.020996 -0.03125
24.393 3 DESIRED -0.8 0.12 3.1 -61. 59. 2595. 3.9 15.
24.425 3 ATTITUDE 0.011938 -3.105261 0.130534
24.474 3 GPS 3 64648874 548988374 0 306249 9 -19 2366 383995600 32 0
24.521 3 ATTITUDE 0.011936 -3.105056 0.130512
24.569 3 AIRSPEED 0. 0. 0. 0.
24.585 3 DESIRED -0.8 0.12 3.1 -61. 59. 2595. 3.9 15.
24.617 3 ATTITUDE 0.011927 -3.104857 0.130517
24.740 3 ESTIMATOR 2573.268555 -0.16475
24.740 3 GPS 3 64648874 548988375 0 306235 9 -14 2366 383995800 32 0
24.740 3 ATTITUDE 0.01197 -3.104646 0.130474
24.741 3 IMU_ACCEL 1 1.272461 -0.097656 -9.736328
24.789 3 DESIRED -0.8 0.12 3.1 -61. 59. 2595. 3.9 15.
24.804 3 WP_MOVED 2 649046.125 5253124. 2595. 32
24.820 3 ATTITUDE 0.011971 -3.104428 0.130448
24.869 3 NAVIGATION 9 0 -2634.2 236806.5 0. 236821.2 0 35 35 1 0 0
24.870 3 COMMANDS 0,-7145,-162
24.916 3 ATTITUDE 0.011957 -3.104234 0.130454
24.948 3 IMU_GYRO 1 -0.025391 0.021484 -0.030762
24.964 3 FBW_STATUS 2 0 1 11.423695 0.
24.981 3 GPS 3 64648873 548988377 0 306217 5 -9 2366 383996000 32 0
24.984 3 LINK_REPORT 3 -1 25 0 18708 750 3 844. 33. 5 27.18
24.996 3 IMU_MAG 0 0. 0. 0.
24.997 3 DESIRED -0.8 0.12 3.1 -61. 59. 2595. 3.9 15.
25.028 3 ATTITUDE 0.011955 -3.104034 0.130424
25.060 3 CIRCLE 0. 0. -60.
25.124 3 ATTITUDE 0.011983 -3.103844 0.130403
25.189 3 DESIRED -0.8 0.12 3.1 -61. 59. 2595. 3.9 15.
25.220 3 DL_VALUE 23 0.
25.220 3 ESTIMATOR 2573.104736 -0.195408
25.236 3 GPS 3 64648873 548988379 0 306218 10 -16 2366 383996200 32 0
25.236 3 ATTITUDE 0.011993 -3.103619 0.130346
25.317 3 WP_MOVED 0 649123. 5253077. 2595. 32
25.333 3 ATTITUDE 0.011985 -3.103442 0.13034
25.397 3 DESIRED -0.8 0.12 3.1 -61. 59. 2595. 3.9 15.
25.428 3 ATTITUDE 0.011965 -3.103263 0.130321
25.445 3 ENERGY 0 11.423695 0. 0. 0. 0. 0.
25.461 3 GPS 3 64648873 548988381 0 306193 7 -15 2366 383996600 32 0
25.539 3 LOGGER_STATUS 1 0 32768 PPRZ\pprzlog_0125.LOG,FLIGHT_RECORDER\fr_0130.LOG
25.540 3 PONG 
25.540 3 ATTITUDE 0.011965 -3.103061 0.130309
25.541 3 IMU_ACCEL 1 1.265625 -0.081055 -9.762695
25.555 3 IMU_GYRO 1 -0.025391 0.021484 -0.031738
25.570 3 GPS_SOL 88 38 152 20
25.571 3 AIRSPEED 0. 0. 0. 0.
25.587 3 DESIRED -0.8 0.12 3.1 -61. 59. 2595. 4. 15.
25.619 3 ATTITUDE 0.011986 -3.102885 0.130327
25.682 3 CALIBRATION -150. 0
25.714 3 ESTIMATOR 2572.994873 -0.215828
25.730 3 GPS 3 64648873 548988382 0 306169 10 -22 2366 383996800 32 0
25.730 3 ATTITUDE 0.01196 -3.10269 0.130312
25.762 3 FBW_STATUS 2 0 1 11.436065 0.
25.795 3 DESIRED -0.8 0.12 3.1 -61. 59. 2595. 4. 15.
25.811 3 WP_MOVED 1 649123. 5253077. 2595. 32
25.827 3 ATTITUDE 0.011927 -3.10251 0.13028
25.875 3 NAVIGATION 9 0 -2634.2 236806.5 0. 236821.2 0 36 36 1 0 0
25.876 3 ACTUATORS 1040,1773,1784
25.923 3 ATTITUDE 0.011906 -3.102317 0.130274
25.971 3 GPS 3 64648873 548988383 0 306167 8 -18 2366 383997000 32 0
25.984 3 LINK_REPORT 3 -1 26 0 19650 787 3 942. 37. 6 65.74
25.987 3 DESIRED -0.8 0.12 3.1 -61. 59. 2595. 4. 15.
26.019 3 ATTITUDE 0.011919 -3.102119 0.130254
26.099 3 STATE_FILTER_STATUS 6 3 0
26.115 3 PPRZ_MODE 2 3 3 2 0 4
26.116 3 CIRCLE 0. 0. -60.
26.131 3 ATTITUDE 0.011909 -3.101963 0.130215
26.147 3 IMU_GYRO 1 -0.025391 0.022461 -0.031738
26.194 3 DESIRED -0.8 0.12 3.1 -61. 59. 2595. 4. 15.
26.237 3 ESTIMATOR 2572.846191 -0.229209
26.238 3 GPS 3 64648873 548988384 0 306152 7 -19 2366 383997200 32 0
26.238 3 ATTITUDE 0.011923 -3.101775 0.130207
26.286 3 IMU_MAG 0 0. 0. 0.
26.318 3 WP_MOVED 2 649046.125 5253124. 2595. 32
26.334 3 ATTITUDE 0.011925 -3.101592 0.130177
26.335 3 IMU_ACCEL 1 1.298828 -0.081055 -9.770508
26.382 3 DESIRED -0.8 0.12 3.1 -61. 59. 2595. 4. 15.
26.414 3 ATTITUDE 0.011932 -3.101412 0.130183
26.462 3 GPS 3 64648874 548988385 0 306142 6 -12 2366 383997600 32 0
26.510 3 ALIVE 8,144,6,66,11,198,81,189,7,217,216,157,220,111,57,170
26.526 3 ATTITUDE 0.011935 -3.101232 0.130207
26.542 3 ENERGY 0 11.436065 0. 0. 0. 0. 0.
26.558 3 AIRSPEED 0. 0. 0. 0.
26.590 3 DESIRED -0.8 0.12 3.1 -61. 59. 2595. 4. 15.
26.622 3 ATTITUDE 0.011995 -3.101037 0.130184
26.717 3 DL_VALUE 24 0.
26.718 3 ESTIMATOR 2572.950439 -0.119624
26.748 3 GPS 3 64648874 548988385 0 306143 5 -15 2366 383997800 32 0
26.749 3 ATTITUDE 0.01202 -3.100847 0.130461
26.749 3 IMU_GYRO 1 -0.024902 0.022461 -0.030273
26.796 3 DESIRED -0.73 0.12 3.1 -61. 59. 2595. 4. 15.
26.812 3 WP_MOVED 0 649123. 5253077. 2595. 32
26.828 3 ATTITUDE 0.012031 -3.100636 0.130421
26.861 3 NAVIGATION 9 0 -2634.2 236807. 0. 236821.6 0 37 37 1 0 0
26.924 3 ATTITUDE 0.012047 -3.100423 0.130417
26.972 3 FBW_STATUS 2 0 1 11.42988 0.
26.974 3 GPS 3 64648874 548988387 0 306139 11 -13 2366 383998000 32 0
26.984 3 LINK_REPORT 3 -1 27 0 20545 823 3 895. 36. 6 65.74
26.988 3 DESIRED -0.8 0.12 3.1 -61. 59. 2595. 4. 15.
27.020 3 ATTITUDE 0.012052 -3.100237 0.130185
27.116 3 WIND_INFO 3 5 0. 0. 0. 0.
27.132 3 ATTITUDE 0.012053 -3.100029 0.130137
27.133 3 IMU_ACCEL 1 1.267578 -0.069336 -9.727539
27.171 3 CIRCLE 0. 0. -60.
27.196 3 DESIRED -0.8 0.12 3.1 -61. 59. 2595. 4. 15.
27.238 3 ESTIMATOR 2572.723389 -0.194074
27.238 3 GPS 3 64648875 548988388 0 306135 7 -14 2366 383998200 32 0
27.239 3 ATTITUDE 0.012034 -3.099849 0.130135
27.318 3 WP_MOVED 1 649123. 5253077. 2595. 32
27.334 3 ATTITUDE 0.012067 -3.09966 0.130107
27.350 3 IMU_GYRO 1 -0.024902 0.020508 -0.03125
27.383 3 DESIRED -0.8 0.12 3.1 -61. 59. 2595. 4. 15.
27.414 3 ATTITUDE 0.012057 -3.099451 0.130073
27.463 3 GPS 3 64648875 548988391 0 306120 9 -17 2366 383998600 32 0
27.527 3 ATTITUDE 0.012071 -3.099252 0.130055
27.558 3 GPS_SOL 88 36 152 20
27.574 3 AIRSPEED 0. 0. 0. 0.
27.590 3 IMU_MAG 0 0. 0. 0.
27.591 3 DESIRED -0.8 0.12 3.1 -61. 59. 2595. 4. 15.
27.622 3 ATTITUDE 0.012058 -3.099052 0.130054
27.654 3 ENERGY 0 11.42988 0. 0. 0. 0. 0.
27.718 3 ESTIMATOR 2572.528809 -0.26514
27.734 3 GPS 3 64648875 548988391 0 306132 6 -14 2366 383998800 32 0
27.734 3 ATTITUDE 0.012052 -3.098869 0.130021
27.766 3 FBW_STATUS 2 0 1 11.411325 0.
27.799 3 DESIRED -0.8 0.12 3.1 -61. 59. 2595. 4.1 15.
27.800 3 CALIBRATION -150. 0
27.830 3 WP_MOVED 2 649046.125 5253124. 2595. 32
27.831 3 ATTITUDE 0.012049 -3.09866 0.129969
27.862 3 COMMANDS 0,-7146,-93
27.879 3 NAVIGATION 9 0 -2634.2 236807. 0. 236821.6 0 38 38 1 0 0
27.927 3 ATTITUDE 0.012035 -3.09847 0.129949
27.927 3 IMU_ACCEL 1 1.280273 -0.104492 -9.762695
27.943 3 IMU_GYRO 1 -0.024902 0.021484 -0.030762
27.975 3 GPS 3 64648875 548988392 0 306107 7 -14 2366 383999000 32 0
27.985 3 LINK_REPORT 3 -1 28 0 21444 859 3 899. 36. 7 65.74
27.991 3 DESIRED -0.8 0.12 3.1 -61. 59. 2595. 4.1 15.
28.022 3 ATTITUDE 0.012044 -3.098264 0.129895
28.119 3 ATTITUDE 0.012054 -3.09805 0.129845
28.183 3 DESIRED -0.8 0.12 3.1 -61. 59. 2595. 4.1 15.
28.240 3 DL_VALUE 25 140.
28.240 3 CIRCLE 0. 0. -60.
28.240 3 ESTIMATOR 2572.124756 -0.398595
28.241 3 GPS 3 64648875 548988394 0 306094 10 -20 2366 383999200 32 0
28.242 3 ATTITUDE 0.012076 -3.097844 0.129853
28.305 3 STATE_FILTER_STATUS 6 3 0
28.321 3 WP_MOVED 0 649123. 5253077. 2595. 32
28.336 3 ATTITUDE 0.012099 -3.097666 0.129807
28.385 3 DESIRED -0.8 0.12 3.1 -61. 59. 2595. 4.1 15.
28.417 3 ATTITUDE 0.012129 -3.097477 0.129793
28.465 3 GPS 3 64648875 548988394 0 306108 10 -17 2366 383999600 32 0
28.529 3 ATTITUDE 0.012137 -3.097244 0.129735
28.545 3 IMU_GYRO 1 -0.024902 0.021484 -0.030762
28.561 3 AIRSPEED 0. 0. 0. 0.
28.593 3 DESIRED -0.8 0.12 3.1 -61. 59. 2595. 4.1 15.
28.624 3 ATTITUDE 0.01213 -3.097061 0.129686
28.720 3 ESTIMATOR 2571.990234 -0.389094
28.751 3 GPS 3 64648875 548988396 0 306094 3 -15 2366 383999800 32 0
28.752 3 ATTITUDE 0.012149 -3.096872 0.12964
28.752 3 IMU_ACCEL 1 1.291992 -0.092773 -9.762695
28.752 3 ENERGY 0 11.436065 0. 0. 0. 0. 0.
28.784 3 DESIRED -0.8 0.13 3.1 -61. 59. 2595. 4.2 15.
28.816 3 WP_MOVED 1 649123. 5253077. 2595. 32
28.832 3 ATTITUDE 0.012159 -3.096699 0.129631
28.864 3 NAVIGATION 9 0 -2634.2 236807. 0. 236821.6 0 39 39 1 0 0
28.880 3 IMU_MAG 0 0. 0. 0.
28.928 3 ATTITUDE 0.012164 -3.096501 0.129619
28.985 3 LINK_REPORT 3 -1 29 0 22225 890 3 781. 31. 7 65.74
28.989 3 NAVIGATION_REF 649123 5253077 32 2575.
28.990 3 FBW_STATUS 2 0 1 11.423695 0.
28.991 3 GPS 3 64648875 548988397 0 306085 10 -19 2366 384000000 32 0
28.993 3 DESIRED -0.8 0.13 3.1 -61. 59. 2595. 4.2 15.
29.021 3 ATTITUDE 0.012168 -3.096297 0.129567
29.069 3 DATALINK_REPORT 2 7 0 45819 0 0
29.117 3 ATTITUDE 0.01214 -3.096104 0.129537
29.149 3 IMU_GYRO 1 -0.025879 0.021973 -0.03125
29.197 3 DESIRED -0.8 0.13 3.1 -61. 59. 2595. 4.2 15.
29.240 3 ESTIMATOR 2571.8396 -0.343203
29.240 3 GPS 3 64648875 548988398 0 306084 4 -7 2366 384000200 32 0
29.241 3 ATTITUDE 0.012128 -3.095912 0.129508
29.256 3 CIRCLE 0. 0. -60.
29.320 3 WP_MOVED 2 649046.125 5253124. 2595. 32
29.321 3 ATTITUDE 0.012108 -3.095719 0.129487
29.385 3 DESIRED -0.8 0.13 3.1 -61. 59. 2595. 4.2 15.
29.416 3 ATTITUDE 0.01212 -3.095515 0.129495
29.465 3 GPS 3 64648876 548988400 0 306076 6 -11 2366 384000600 32 0
29.528 3 ATTITUDE 0.012108 -3.095311 0.129467
29.529 3 IMU_ACCEL 1 1.277344 -0.104492 -9.727539
29.560 3 GPS_SOL 88 35 152 20
29.576 3 AIRSPEED 0. 0. 0. 0.
29.593 3 DESIRED -0.8 0.13 3.1 -61. 59. 2595. 4.2 15.
29.624 3 ATTITUDE 0.012128 -3.095103 0.129437
29.720 3 DL_VALUE 26 0.
29.720 3 ESTIMATOR 2571.916992 -0.219081
29.749 3 GPS 3 64648876 548988400 0 306079 8 -13 2366 384000800 32 0
29.749 3 ATTITUDE 0.012116 -3.094904 0.129421
29.749 3 IMU_GYRO 1 -0.024902 0.020996 -0.030762
29.765 3 FBW_STATUS 2 0 1 11.42988 0.
29.798 3 DESIRED -0.8 0.13 3.1 -61. 59. 2595. 4.1 15.
29.813 3 WP_MOVED 0 649123. 5253077. 2595. 32
29.829 3 ATTITUDE 0.012098 -3.094703 0.129367
29.845 3 ENERGY 0 11.42988 0. 0. 0. 0. 0.
29.878 3 NAVIGATION 9 0 -2634.2 236807. 0. 236821.6 0 40 40 1 0 0
29.879 3 COMMANDS 0,-7146,-51
29.893 3 CALIBRATION -150. 0
29.925 3 ATTITUDE 0.012065 -3.094486 0.129366
29.973 3 GPS 3 64648875 548988402 0 306054 6 -13 2366 384001000 32 0
29.985 3 LINK_REPORT 3 -1 30 0 23189 929 3 964. 39. 7 65.74
29.990 3 DESIRED -0.8 0.13 3.1 -61. 59. 2595. 4.1 15.
30.021 3 ATTITUDE 0.012038 -3.09425 0.129358
30.117 3 ATTITUDE 0.012051 -3.094061 0.129363
30.197 3 IMU_MAG 0 0. 0. 0.
30.198 3 DESIRED -0.8 0.13 3.1 -61. 59. 2595. 4.2 15.
30.239 3 ESTIMATOR 2571.881592 -0.177067
30.239 3 GPS 3 64648876 548988403 0 306043 6 -13 2366 384001200 32 0
30.240 3 ATTITUDE 0.012025 -3.09386 0.129332
30.320 3 CIRCLE 0. 0. -60.
30.320 3 WP_MOVED 1 649123. 5253077. 2595. 32
30.336 3 ATTITUDE 0.012042 -3.093646 0.129333
30.336 3 IMU_ACCEL 1 1.282227 -0.130859 -9.714844
30.351 3 IMU_GYRO 1 -0.024902 0.021484 -0.030762
30.384 3 DESIRED -0.8 0.13 3.1 -61. 59. 2595. 4.2 15.
30.415 3 ATTITUDE 0.012058 -3.093432 0.129315
30.469 3 GPS 3 64648876 548988406 0 306034 13 -18 2366 384001600 32 0
30.496 3 STATE_FILTER_STATUS 6 3 0
30.527 3 PONG 
30.528 3 ATTITUDE 0.012081 -3.093222 0.129284
30.560 3 AIRSPEED 0. 0. 0. 0.
30.592 3 DESIRED -0.8 0.13 3.1 -61. 59. 2595. 4.2 15.
30.620 3 LOGGER_STATUS 1 0 73728 PPRZ\pprzlog_0125.LOG,FLIGHT_RECORDER\fr_0130.LOG
30.621 3 ATTITUDE 0.012085 -3.093026 0.129277
30.714 3 ESTIMATOR 2571.827637 -0.159256
30.730 3 GPS 3 64648876 548988408 0 306013 3 -16 2366 384001800 32 0
30.731 3 ATTITUDE 0.012074 -3.092838 0.129245
30.795 3 DESIRED -0.8 0.13 3.1 -61. 59. 2595. 4.2 15.
30.811 3 WP_MOVED 2 649046.125 5253124. 2595. 32
30.826 3 ATTITUDE 0.012074 -3.092638 0.129245
30.875 3 NAVIGATION 9 0 -2634.2 236807. 0. 236821.6 0 41 41 1 0 0
30.878 3 ACTUATORS 1040,1777,1780
30.923 3 ATTITUDE 0.012072 -3.092435 0.129238
30.955 3 ENERGY 0 11.436065 0. 0. 0. 0. 0.
30.956 3 IMU_GYRO 1 -0.024414 0.021973 -0.03125
30.971 3 FBW_STATUS 2 0 1 11.436065 0.
30.972 3 GPS 3 64648876 548988408 0 306019 5 -13 2366 384002000 32 0
30.986 3 LINK_REPORT 3 -1 31 0 24119 965 3 930. 36. 8 52.35
30.987 3 DESIRED -0.8 0.13 3.1 -61. 59. 2595. 4.2 15.
31.003 3 PPRZ_MODE 2 3 3 2 0 4
31.019 3 ATTITUDE 0.01209 -3.092232 0.129217
31.131 3 ATTITUDE 0.012081 -3.092025 0.129202
31.132 3 IMU_ACCEL 1 1.313477 -0.083008 -9.746094
31.195 3 DESIRED -0.8 0.13 3.1 -61. 59. 2595. 4.2 15.
31.238 3 DL_VALUE 27 0.
31.238 3 ESTIMATOR 2571.765869 -0.133771
31.239 3 GPS 3 64648877 548988408 0 306018 6 -13 2366 384002200 32 0
31.239 3 ATTITUDE 0.012045 -3.091839 0.129199
31.319 3 WP_MOVED 0 649123. 5253077. 2595. 32
31.335 3 ATTITUDE 0.012078 -3.091625 0.129194
31.367 3 CIRCLE 0. 0. -60.
31.383 3 DESIRED -0.8 0.13 3.1 -61. 59. 2595. 4.2 15.
31.415 3 ATTITUDE 0.012082 -3.091435 0.129175
31.463 3 GPS 3 64648877 548988409 0 306011 9 -16 2366 384002600 32 0
31.479 3 IMU_MAG 0 0. 0. 0.
31.527 3 ATTITUDE 0.012078 -3.091239 0.129179
31.543 3 IMU_GYRO 1 -0.024414 0.021973 -0.03125
31.575 3 GPS_SOL 88 34 152 20
31.576 3 AIRSPEED 0. 0. 0. 0.
31.592 3 DESIRED -0.8 0.13 3.1 -61. 59. 2595. 4.1 15.
31.607 3 ALIVE 8,144,6,66,11,198,81,189,7,217,216,157,220,111,57,170
31.623 3 ATTITUDE 0.012045 -3.091047 0.12913
31.718 3 ESTIMATOR 2571.975586 0.013063
31.734 3 GPS 3 64648876 548988410 0 305991 10 -25 2366 384002800 32 0
31.735 3 ATTITUDE 0.012072 -3.090825 0.129115
31.767 3 FBW_STATUS 2 0 1 11.42988 0.
31.783 3 DESIRED -0.8 0.13 3.1 -61. 59. 2595. 4.2 15.
31.815 3 WP_MOVED 1 649123. 5253077. 2595. 32
31.831 3 ATTITUDE 0.012091 -3.090605 0.129062
31.863 3 NAVIGATION 9 0 -2634.2 236807. 0. 236821.6 0 42 42 1 0 0
31.927 3 ATTITUDE 0.012103 -3.090408 0.129051
31.928 3 IMU_ACCEL 1 1.282227 -0.102539 -9.729492
31.959 3 GPS 3 64648876 548988411 0 305966 7 -21 2366 384003000 32 0
31.986 3 LINK_REPORT 3 -1 32 0 24988 1000 3 869. 35. 8 52.35
31.991 3 DESIRED -0.8 0.13 3.1 -61. 59. 2595. 4.1 15.
31.992 3 CALIBRATION -150. 0
32.023 3 ATTITUDE 0.012098 -3.09019 0.12906
32.039 3 ENERGY 0 11.436065 0. 0. 0. 0. 0.
32.119 3 ATTITUDE 0.012119 -3.089983 0.129023
32.135 3 IMU_GYRO 1 -0.024902 0.021484 -0.030762
32.184 3 DESIRED -0.8 0.13 3.1 -61. 59. 2595. 4.1 15.
32.215 3 ESTIMATOR 2572.126709 0.101528
32.231 3 GPS 3 64648877 548988412 0 305970 10 -19 2366 384003200 32 0
32.231 3 ATTITUDE 0.012153 -3.08975 0.12902
32.311 3 WP_MOVED 2 649046.125 5253124. 2595. 32
32.327 3 ATTITUDE 0.012179 -3.089547 0.129009
32.392 3 DESIRED -0.8 0.12 3.1 -61. 59. 2595. 4.1 15.
32.407 3 CIRCLE 0. 0. -60.
32.423 3 ATTITUDE 0.012174 -3.089355 0.129031
32.472 3 GPS 3 64648878 548988414 0 305978 5 -16 2366 384003600 32 0
32.519 3 ATTITUDE 0.012153 -3.089189 0.129014
32.567 3 AIRSPEED 0. 0. 0. 0.
32.585 3 DESIRED -0.8 0.13 3.1 -61. 59. 2595. 4.1 15.
32.615 3 ATTITUDE 0.012193 -3.088994 0.129046
32.695 3 STATE_FILTER_STATUS 6 3 0
32.755 3 DL_VALUE 28 0.
32.755 3 ESTIMATOR 2572.105225 0.073145
32.756 3 GPS 3 64648878 548988414 0 305978 8 -19 2366 384003800 32 0
32.757 3 ATTITUDE 0.012188 -3.088735 0.12902
32.757 3 IMU_ACCEL 1 1.265625 -0.069336 -9.714844
32.757 3 IMU_GYRO 1 -0.024414 0.020996 -0.03125
32.788 3 IMU_MAG 0 0. 0. 0.
32.804 3 DESIRED -0.8 0.12 3.1 -61. 59. 2595. 4.1 15.
32.819 3 WP_MOVED 0 649123. 5253077. 2595. 32
32.820 3 ATTITUDE 0.012212 -3.088516 0.128991
32.868 3 COMMANDS 0,-7147,-66
32.869 3 NAVIGATION 9 0 -2634.2 236807. 0. 236821.6 0 43 43 1 0 0
32.915 3 ATTITUDE 0.012259 -3.088293 0.128992
32.964 3 FBW_STATUS 2 0 1 11.41751 0.
32.980 3 GPS 3 64648878 548988416 0 305977 10 -19 2366 384004000 32 0
32.987 3 LINK_REPORT 3 -1 33 0 25872 1036 3 884. 36. 8 52.35
32.996 3 DESIRED -0.8 0.12 3.1 -61. 59. 2595. 4.1 15.
33.028 3 ATTITUDE 0.012262 -3.088096 0.128974
33.124 3 ATTITUDE 0.012283 -3.087873 0.128955
33.139 3 ENERGY 0 11.423695 0. 0. 0. 0. 0.
33.188 3 DESIRED -0.8 0.12 3.1 -61. 59. 2595. 4.1 15.
33.219 3 ESTIMATOR 2572.093506 0.028689
33.235 3 GPS 3 64648879 548988416 0 305991 9 -22 2366 384004200 32 0
33.236 3 ATTITUDE 0.012286 -3.087656 0.128938
33.316 3 WP_MOVED 1 649123. 5253077. 2595. 32
33.332 3 ATTITUDE 0.012277 -3.08746 0.128897
33.364 3 IMU_GYRO 1 -0.023926 0.021973 -0.03125
33.396 3 DESIRED -0.8 0.12 3.1 -61. 59. 2595. 4.1 15.
33.428 3 ATTITUDE 0.012265 -3.087215 0.128877
33.476 3 CIRCLE 0. 0. -60.
33.476 3 GPS 3 64648880 548988417 0 305980 11 -21 2366 384004600 32 0
33.524 3 ATTITUDE 0.012294 -3.086984 0.128872
33.524 3 IMU_ACCEL 1 1.296875 -0.097656 -9.765625
33.572 3 GPS_SOL 88 36 152 20
33.572 3 AIRSPEED 0. 0. 0. 0.
33.588 3 DESIRED -0.8 0.12 3.1 -61. 59. 2595. 4.1 15.
33.620 3 ATTITUDE 0.012285 -3.086792 0.128851
33.715 3 ESTIMATOR 2572.317383 0.152911
33.731 3 GPS 3 64648880 548988418 0 305983 9 -18 2366 384004800 32 0
33.732 3 ATTITUDE 0.012303 -3.08656 0.128853
33.763 3 FBW_STATUS 2 0 1 11.423695 0.
33.795 3 DESIRED -0.8 0.12 3.1 -61. 59. 2595. 4.1 15.
33.811 3 WP_MOVED 2 649046.125 5253124. 2595. 32
33.827 3 ATTITUDE 0.012299 -3.08636 0.128874
33.875 3 NAVIGATION 9 0 -2634.2 236807. 0. 236821.6 0 44 44 1 0 0
33.923 3 ATTITUDE 0.012324 -3.086144 0.128882
33.939 3 IMU_GYRO 1 -0.024902 0.021484 -0.03125
33.972 3 GPS 3 64648880 548988419 0 305976 12 -19 2366 384005000 32 0
33.987 3 LINK_REPORT 3 -1 34 0 26701 1068 3 829. 32. 8 52.35
33.988 3 DESIRED -0.8 0.12 3.1 -61. 59. 2595. 4.1 15.
34.020 3 ATTITUDE 0.01232 -3.085938 0.128848
34.084 3 IMU_MAG 0 0. 0. 0.
34.100 3 CALIBRATION -150. 0
34.116 3 ATTITUDE 0.012361 -3.085708 0.128859
34.164 3 DATALINK_REPORT 4 8 0 46204 0 0
34.196 3 DESIRED -0.8 0.12 3.1 -61. 59. 2595. 4.1 15.
34.238 3 DL_VALUE 29 0.45
34.238 3 ESTIMATOR 2572.382568 0.129717
34.239 3 GPS 3 64648880 548988420 0 305959 9 -16 2366 384005200 32 0
34.241 3 ATTITUDE 0.012352 -3.085505 0.128854
34.242 3 ENERGY 0 11.42988 0. 0. 0. 0. 0.
34.318 3 WP_MOVED 0 649123. 5253077. 2595. 32
34.334 3 ATTITUDE 0.01236 -3.08531 0.128799
34.336 3 IMU_ACCEL 1 1.272461 -0.109375 -9.762695
34.398 3 DESIRED -0.8 0.12 3.1 -61. 59. 2595. 4.1 15.
34.414 3 ATTITUDE 0.012375 -3.085119 0.128814
34.462 3 GPS 3 64648879 548988422 0 305933 11 -22 2366 384005600 32 0
34.510 3 CIRCLE 0. 0. -60.
34.526 3 ATTITUDE 0.012373 -3.084892 0.128812
34.542 3 IMU_GYRO 1 -0.024902 0.021973 -0.030762
34.558 3 AIRSPEED 0. 0. 0. 0.
34.590 3 DESIRED -0.8 0.12 3.1 -61. 59. 2595. 4. 15.
34.622 3 ATTITUDE 0.01237 -3.084691 0.128821
34.718 3 ESTIMATOR 2572.542725 0.191575
34.734 3 GPS 3 64648880 548988422 0 305945 13 -20 2366 384005800 32 0
34.735 3 ATTITUDE 0.01237 -3.084469 0.128824
34.782 3 DESIRED -0.8 0.12 3.1 -61. 59. 2595. 4. 15.
34.814 3 WP_MOVED 1 649123. 5253077. 2595. 32
34.830 3 ATTITUDE 0.012354 -3.084259 0.128822
34.892 3 NAVIGATION 9 0 -2634.2 236807. 0. 236821.6 0 45 45 1 0 0
34.893 3 COMMANDS 0,-7148,-94
34.895 3 AUTOPILOT_VERSION 60400 v6.4.0_stable
34.896 3 STATE_FILTER_STATUS 6 3 0
34.923 3 ATTITUDE 0.012336 -3.084057 0.128802
34.971 3 FBW_STATUS 2 0 1 11.436065 0.
34.973 3 GPS 3 64648880 548988423 0 305946 9 -17 2366 384006000 32 0
34.987 3 DESIRED -0.8 0.12 3.1 -61. 59. 2595. 4. 15.
34.989 3 LINK_REPORT 3 -1 35 0 27649 1106 3 948. 38. 8 52.35
35.019 3 ATTITUDE 0.012335 -3.083855 0.128847
35.131 3 ATTITUDE 0.012344 -3.083623 0.128867
35.132 3 IMU_ACCEL 1 1.272461 -0.109375 -9.753906
35.147 3 IMU_GYRO 1 -0.024902 0.021484 -0.030762
35.196 3 DESIRED -0.8 0.12 3.1 -61. 59. 2595. 4. 15.
35.240 3 ESTIMATOR 2572.74292 0.228514
35.241 3 GPS 3 64648880 548988425 0 305943 6 -11 2366 384006200 32 0
35.243 3 ATTITUDE 0.012351 -3.083421 0.128882
35.320 3 WP_MOVED 2 649046.125 5253124. 2595. 32
35.336 3 ATTITUDE 0.012342 -3.083197 0.128877
35.352 3 ENERGY 0 11.436065 0. 0. 0. 0. 0.
35.384 3 IMU_MAG 0 0. 0. 0.
35.400 3 DESIRED -0.8 0.12 3.1 -61. 59. 2595. 4. 15.
35.416 3 ATTITUDE 0.012331 -3.082972 0.128896
35.465 3 GPS 3 64648880 548988426 0 305934 11 -20 2366 384006600 32 0
35.512 3 PONG 
35.528 3 ATTITUDE 0.012349 -3.082731 0.128871
35.586 3 GPS_SOL 88 38 150 21
35.587 3 CIRCLE 0. 0. -60.
35.588 3 AIRSPEED 0. 0. 0. 0.
35.589 3 DESIRED -0.8 0.12 3.1 -61. 59. 2595. 4. 15.
35.618 3 ATTITUDE 0.012325 -3.082498 0.128875
35.700 3 LOGGER_STATUS 1 0 106496 PPRZ\pprzlog_0125.LOG,FLIGHT_RECORDER\fr_0130.LOG
35.741 3 DL_VALUE 30 0.
35.741 3 ESTIMATOR 2572.780273 0.195452
35.742 3 GPS 3 64648880 548988427 0 305926 5 -8 2366 384006800 32 0
35.743 3 ATTITUDE 0.012308 -3.082242 0.128893
35.743 3 IMU_GYRO 1 -0.024902 0.021973 -0.030762
35.756 3 FBW_STATUS 2 0 1 11.42988 0.
35.788 3 DESIRED -0.8 0.12 3.1 -61. 59. 2595. 4. 15.
35.804 3 WP_MOVED 0 649123. 5253077. 2595. 32
35.820 3 ATTITUDE 0.012293 -3.082033 0.128904
35.868 3 NAVIGATION 9 0 -2634.2 236807. 0. 236821.6 0 46 46 1 0 0
35.869 3 ACTUATORS 1040,1775,1783
35.916 3 PPRZ_MODE 2 3 3 2 0 4
35.932 3 ATTITUDE 0.012278 -3.081813 0.128918
35.932 3 IMU_ACCEL 1 1.291992 -0.102539 -9.753906
35.964 3 GPS 3 64648880 548988428 0 305911 11 -16 2366 384007000 32 0
35.987 3 LINK_REPORT 3 -1 36 0 28594 1144 3 945. 38. 9 36.05
35.997 3 DESIRED -0.8 0.12 3.1 -61. 59. 2595. 4. 15.
36.028 3 ATTITUDE 0.012312 -3.081562 0.128909
36.125 3 ATTITUDE 0.012289 -3.081352 0.128886
36.189 3 DESIRED -0.8 0.12 3.1 -61. 59. 2595. 4. 15.
36.205 3 CALIBRATION -150. 0
36.221 3 ESTIMATOR 2572.62207 0.056879
36.221 3 GPS 3 64648880 548988429 0 305911 10 -14 2366 384007200 32 0
36.237 3 ATTITUDE 0.012287 -3.081126 0.128895
36.317 3 WP_MOVED 1 649123. 5253077. 2595. 32
36.333 3 ATTITUDE 0.012277 -3.080882 0.128939
36.349 3 IMU_GYRO 1 -0.024414 0.020508 -0.029785
36.397 3 DESIRED -0.8 0.12 3.1 -61. 59. 2595. 4. 15.
36.429 3 ATTITUDE 0.012272 -3.080657 0.12891
36.445 3 ENERGY 0 11.436065 0. 0. 0. 0. 0.
36.461 3 GPS 3 64648880 548988432 0 305901 11 -8 2366 384007600 32 0
36.525 3 ATTITUDE 0.012272 -3.080432 0.128903
36.557 3 AIRSPEED 0. 0. 0. 0.
36.589 3 DESIRED -0.8 0.12 3.1 -61. 59. 2595. 4. 15.
36.621 3 CIRCLE 0. 0. -60.
36.637 3 ATTITUDE 0.012289 -3.080217 0.128871
36.685 3 IMU_MAG 0 0. 0. 0.
36.701 3 ALIVE 8,144,6,66,11,198,81,189,7,217,216,157,220,111,57,170
36.743 3 ESTIMATOR 2572.547363 0.00477
36.744 3 GPS 3 64648879 548988435 0 305882 1 -3 2366 384007800 32 0
36.746 3 ATTITUDE 0.012276 -3.080004 0.128859
36.746 3 IMU_ACCEL 1 1.280273 -0.092773 -9.729492
36.791 3 DESIRED -0.8 0.12 3.1 -61. 59. 2595. 4. 15.
36.807 3 WP_MOVED 2 649046.125 5253124. 2595. 32
36.823 3 ATTITUDE 0.012285 -3.07978 0.128866
36.872 3 NAVIGATION 9 0 -2634.2 236807. 0. 236821.6 0 47 47 1 0 0
36.919 3 ATTITUDE 0.012273 -3.079551 0.128856
36.935 3 IMU_GYRO 1 -0.024902 0.021973 -0.030273
36.967 3 FBW_STATUS 2 0 1 11.42988 0.
36.983 3 GPS 3 64648880 548988436 0 305882 3 -8 2366 384008000 32 0
36.985 3 DESIRED -0.8 0.12 3.1 -61. 59. 2595. 4. 15.
36.988 3 LINK_REPORT 3 -1 37 0 29503 1179 3 909. 35. 9 36.05
37.031 3 ATTITUDE 0.012277 -3.079341 0.128897
37.095 3 STATE_FILTER_STATUS 6 3 0
37.127 3 ATTITUDE 0.012254 -3.079117 0.128885
37.191 3 DESIRED -0.8 0.12 3.1 -61. 59. 2595. 4.1 15.
37.238 3 DL_VALUE 31 0.002
37.239 3 ESTIMATOR 2572.429443 -0.065265
37.240 3 GPS 3 64648880 548988437 0 305878 10 -11 2366 384008200 32 0
37.241 3 ATTITUDE 0.01227 -3.078898 0.1289
37.318 3 WP_MOVED 0 649123. 5253077. 2595. 32
37.319 3 ATTITUDE 0.012233 -3.078701 0.128867
37.382 3 DESIRED -0.8 0.12 3.1 -61. 59. 2595. 4.1 15.
37.430 3 ATTITUDE 0.012272 -3.07845 0.128868
37.462 3 GPS 3 64648880 548988440 0 305857 3 -10 2366 384008600 32 0
37.526 3 ATTITUDE 0.012296 -3.078236 0.128858
37.527 3 IMU_ACCEL 1 1.28418 -0.083008 -9.724609
37.559 3 ENERGY 0 11.42988 0. 0. 0. 0. 0.
37.560 3 IMU_GYRO 1 -0.024902 0.021484 -0.030273
37.574 3 GPS_SOL 88 33 150 21
37.575 3 AIRSPEED 0. 0. 0. 0.
37.590 3 DESIRED -0.8 0.12 3.1 -61. 59. 2595. 4.1 15.
37.622 3 ATTITUDE 0.012277 -3.078002 0.128868
37.670 3 CIRCLE 0. 0. -60.
37.718 3 ESTIMATOR 2572.067627 -0.249982
37.719 3 GPS 3 64648880 548988440 0 305850 7 -7 2366 384008800 32 0
37.734 3 ATTITUDE 0.012273 -3.077788 0.128828
37.766 3 FBW_STATUS 2 0 1 11.423695 0.
37.799 3 DESIRED -0.8 0.13 3.1 -61. 59. 2595. 4.1 15.
37.814 3 WP_MOVED 1 649123. 5253077. 2595. 32
37.830 3 ATTITUDE 0.012294 -3.077562 0.128837
37.862 3 COMMANDS 0,-7148,-52
37.879 3 NAVIGATION 9 0 -2634.2 236807. 0. 236821.6 0 48 48 1 0 0
37.926 3 ATTITUDE 0.012275 -3.077323 0.12885
37.974 3 NAVIGATION_REF 649123 5253077 32 2575.
37.976 3 GPS 3 64648879 548988441 0 305843 4 -6 2366 384009000 32 0
37.989 3 LINK_REPORT 3 -1 38 0 30332 1213 3 829. 34. 9 36.05
37.990 3 IMU_MAG 0 0. 0. 0.
37.991 3 DESIRED -0.8 0.13 3.1 -61. 59. 2595. 4.2 15.
38.022 3 ATTITUDE 0.012295 -3.077096 0.12884
38.118 3 ATTITUDE 0.012225 -3.076822 0.128864
38.150 3 IMU_GYRO 1 -0.015869 0.035889 -0.030273
38.198 3 DESIRED 0.8 0.13 3.1 -61. 59. 2595. 4.2 15.
38.214 3 ESTIMATOR 2571.812012 -0.311949
38.230 3 GPS 3 64648879 548988442 0 305833 3 -6 2366 384009200 32 0
38.231 3 ATTITUDE 0.012027 -3.076566 0.12813
38.294 3 CALIBRATION -150. 0
38.310 3 WP_MOVED 2 649046.125 5253124. 2595. 32
38.326 3 ATTITUDE 0.012033 -3.076268 0.127936
38.327 3 IMU_ACCEL 1 1.224609 -0.092773 -9.731445
38.391 3 DESIRED 0.8 0.13 3.1 -61. 59. 2595. 4.2 15.
38.422 3 ATTITUDE 0.012021 -3.076019 0.127882
38.471 3 GPS 3 64648879 548988447 0 305806 1 4 2366 384009600 32 0
38.518 3 ATTITUDE 0.012121 -3.075763 0.128568
38.566 3 AIRSPEED 0. 0. 0. 0.
38.583 3 DESIRED 0.72 0.13 3.1 -61. 59. 2595. 4.2 15.
38.614 3 ATTITUDE 0.012128 -3.075533 0.128577
38.646 3 ENERGY 0 11.42988 0. 0. 0. 0. 0.
38.755 3 DL_VALUE 32 0.004
38.755 3 CIRCLE 0. 0. -60.
38.756 3 ESTIMATOR 2571.84668 -0.228242
38.757 3 GPS 3 64648879 548988447 0 305812 2 1 2366 384009800 32 0
38.759 3 ATTITUDE 0.012283 -3.075282 0.128778
38.759 3 IMU_GYRO 1 -0.032227 0.016113 -0.03125
38.787 3 DESIRED -0.8 0.13 3.1 -61. 59. 2595. 4.2 15.
38.819 3 WP_MOVED 0 649123. 5253077. 2595. 32
38.834 3 ATTITUDE 0.012215 -3.075052 0.128379
38.867 3 NAVIGATION 9 0 -2634.2 236808. 0. 236821.6 0 49 49 1 0 0
38.930 3 ATTITUDE 0.012227 -3.07484 0.128484
38.963 3 FBW_STATUS 2 0 1 11.41751 0.
38.979 3 GPS 3 64648879 548988449 0 305799 9 22 2366 384010000 32 0
38.990 3 LINK_REPORT 3 -1 39 0 31189 1247 3 857. 34. 9 36.05
38.995 3 DESIRED 0.32 0.13 3.1 -61. 59. 2595. 4.2 15.
39.026 3 ATTITUDE 0.012194 -3.074594 0.128569
39.123 3 ATTITUDE 0.012232 -3.074308 0.128674
39.123 3 IMU_ACCEL 1 1.296875 -0.095703 -9.734375
39.187 3 DESIRED 0.36 0.13 3.1 -61. 59. 2595. 4.2 15.
39.219 3 ESTIMATOR 2571.562744 -0.311665
39.235 3 GPS 3 64648880 548988449 0 305808 3 10 2366 384010200 32 0
39.237 3 ATTITUDE 0.012274 -3.07406 0.128688
39.251 3 DATALINK_REPORT 4 9 0 46654 0 0
39.286 3 IMU_MAG 0 0. 0. 0.
39.298 3 STATE_FILTER_STATUS 6 3 0
39.314 3 WP_MOVED 1 649123. 5253077. 2595. 32
39.330 3 ATTITUDE 0.01229 -3.073826 0.128673
39.346 3 IMU_GYRO 1 -0.021729 0.022949 -0.029785
39.395 3 DESIRED 0.27 0.13 3.1 -61. 59. 2595. 4.2 15.
39.426 3 ATTITUDE 0.012295 -3.073569 0.128702
39.475 3 GPS 3 64648879 548988451 0 305789 6 6 2366 384010600 32 0
39.522 3 ATTITUDE 0.012296 -3.073318 0.1287
39.571 3 GPS_SOL 88 26 150 21
39.571 3 AIRSPEED 0. 0. 0. 0.
39.587 3 DESIRED 0.72 0.13 3.1 -61. 59. 2595. 4.2 15.
39.619 3 ATTITUDE 0.012223 -3.07305 0.128331
39.731 3 ESTIMATOR 2571.541748 -0.251302
39.732 3 GPS 3 64648880 548988451 0 305797 7 14 2366 384010800 32 0
39.733 3 ATTITUDE 0.01221 -3.072832 0.128267
39.747 3 ENERGY 0 11.423695 0. 0. 0. 0. 0.
39.763 3 CIRCLE 0. 0. -60.
39.763 3 FBW_STATUS 2 0 1 11.423695 0.
39.795 3 DESIRED 0.27 0.13 3.1 -61. 59. 2595. 4.2 15.
39.811 3 WP_MOVED 2 649046.125 5253124. 2595. 32
39.827 3 ATTITUDE 0.012366 -3.072613 0.12849
39.875 3 NAVIGATION 9 0 -2634.2 236808. 0. 236822.7 0 50 50 1 0 0
39.876 3 COMMANDS 0,2235,1
39.923 3 ATTITUDE 0.012332 -3.072368 0.128549
39.924 3 IMU_ACCEL 1 1.267578 -0.112305 -9.696289
39.939 3 IMU_GYRO 1 -0.024414 0.010742 -0.030762
39.971 3 GPS 3 64648881 548988451 0 305811 2 6 2366 384011000 32 0
39.987 3 DESIRED 0.51 0.13 3.1 -61. 59. 2595. 4.3 15.
39.990 3 LINK_REPORT 3 -1 40 0 32146 1285 3 957. 38. 9 36.05
40.019 3 ATTITUDE 0.012334 -3.072109 0.128561
40.115 3 ATTITUDE 0.012326 -3.07188 0.128571
40.195 3 DESIRED 0.45 0.13 3.1 -61. 59. 2595. 4.3 15.
40.239 3 DL_VALUE 33 0.
40.240 3 ESTIMATOR 2571.337646 -0.273339
40.240 3 GPS 3 64648882 548988451 0 305822 4 8 2366 384011200 32 0
40.242 3 ATTITUDE 0.012388 -3.071619 0.128611
40.319 3 WP_MOVED 0 649123. 5253077. 2595. 32
40.320 3 ATTITUDE 0.012406 -3.07139 0.128638
40.404 3 DESIRED 0.27 0.13 3.1 -61. 59. 2595. 4.3 15.
40.405 3 CALIBRATION -150. 0
40.415 3 ATTITUDE 0.012377 -3.07119 0.128613
40.463 3 GPS 3 64648882 548988454 0 305807 1 3 2366 384011600 32 0
40.511 3 PONG 
40.527 3 ATTITUDE 0.012416 -3.070969 0.128678
40.543 3 IMU_GYRO 1 -0.0271 0.008057 -0.030273
40.559 3 AIRSPEED 0. 0. 0. 0.
