5.328 3 LINK_REPORT 3 -1 5 0 4724 198 0 946. 39. 0 0.
5.347 3 ENERGY 0 12.30815 0. 0. 0. 0. 0.
5.363 3 NAVIGATION 10 0 0. 0. 0. 0. 0 7 7 1 0 0
5.380 3 GPS 0 16602145 0 0 -17000 0 0 2320 6600 31 0
5.380 3 SVINFO 0 1 0 2 34 -91 0
5.396 3 DESIRED -0. 0.13 1. 57. 37. 436. 5. 15.
5.412 3 ATTITUDE 0. 0. 0.
5.524 3 ATTITUDE 0. 0. 0.
5.556 3 FBW_STATUS 0 45 1 12.30815 0.
5.587 3 PPRZ_MODE 1 3 3 2 0 21
5.603 3 DESIRED -0. 0.13 1. 57. 37. 436. 5. 15.
5.619 3 PONG 
5.645 3 GPS 0 16602145 0 0 -17000 0 0 2320 6800 31 0
5.646 3 SVINFO 1 2 0 4 36 -91 0
5.646 3 ATTITUDE 0. 0. 0.
5.646 3 ESTIMATOR 0. 0.
5.725 3 ATTITUDE 0. 0. 0.
5.741 3 WP_MOVED 4 641757.8125 5474491. 446. 32
5.806 3 DESIRED -0. 0.13 1. 57. 37. 436. 5. 15.
5.806 3 IMU_GYRO 1 0.057129 2.806396 0.070312
5.824 3 ATTITUDE 0. 0. 0.
5.870 3 GPS 0 16602145 0 0 -17000 0 0 2320 7200 31 0
5.886 3 SVINFO 2 35 0 0 0 -91 0
5.918 3 ATTITUDE 0. 0. 0.
5.999 3 DESIRED -0. 0.13 1. 57. 37. 436. 5. 15.
6.000 3 IMU_ACCEL 1 1.595703 -0.061523 -8.199219
6.014 3 ATTITUDE 0. 0. 0.
6.046 3 AIRSPEED 0. 0. 0. 0.
6.074 3 LINK_REPORT 3 -1 6 0 5654 237 0 930. 39. 1 48.2
6.110 3 STATE_FILTER_STATUS 6 5 0
6.127 3 GPS 0 16602145 0 0 -17000 0 0 2320 7400 31 0
6.142 3 SVINFO 0 1 0 1 33 -91 0
6.143 3 ATTITUDE 0. 0. 0.
6.158 3 GPS_SOL 429496729 99900 9999 0
6.159 3 ESTIMATOR 0. 0.
6.159 3 FBW_STATUS 0 45 1 12.301965 0.
6.191 3 DESIRED -0. 0.13 1. 57. 37. 436. 5. 15.
6.206 3 IMU_MAG 0 0. 0. 0.
6.222 3 ATTITUDE 0. 0. 0.
6.254 3 CIRCLE 2.8 -28.299999 60.
6.255 3 WP_MOVED 5 641729. 5474694.5 466. 32
6.318 3 ATTITUDE 0. 0. 0.
6.351 3 NAVIGATION 10 0 0. 0. 0. 0. 0 8 8 1 0 0
6.383 3 GPS 0 16602145 0 0 -17000 0 0 2320 7600 31 0
6.384 3 SVINFO 1 2 0 3 35 -91 0
6.399 3 DESIRED -0. 0.13 1. 57. 37. 436. 5. 15.
6.400 3 IMU_GYRO 1 -0.060547 -0.209473 0.030518
6.414 3 ATTITUDE 0. 0. 0.
6.447 3 DEBUG 0,0,0,0,0,0,0,0,0,0,0,0,0,0,0,0,0,0,0
6.463 3 UBLOX_INFO 115200 0 0 0 0 7 0
6.463 3 ENERGY 0 12.30815 0. 0. 0. 0. 0.
6.526 3 ATTITUDE 0. 0. 0.
6.591 3 DESIRED -0. 0.13 1. 57. 37. 436. 5. 15.
6.639 3 GPS 0 16602145 0 0 -17000 0 0 2320 7800 31 0
6.640 3 SVINFO 2 35 1 0 24 -91 0
6.640 3 ATTITUDE 0. 0. 0.
6.640 3 ESTIMATOR 0. 0.
6.719 3 ATTITUDE 0. 0. 0.
6.751 3 COMMANDS 0,-34,1817
6.751 3 DL_VALUE 5 1.
6.752 3 WP_MOVED 6 641754.875 5474698.5 466. 32
6.799 3 DESIRED -0. 0.13 1. 57. 37. 436. 5. 15.
6.800 3 IMU_ACCEL 1 1.183594 0.216797 -8.867188
6.815 3 ATTITUDE 0. 0. 0.
6.879 3 GPS 0 16602145 0 0 -17000 0 0 2320 8200 31 0
6.880 3 SVINFO 0 1 0 4 36 -91 0
6.911 3 ATTITUDE 0. 0. 0.
7.017 3 CALIBRATION 0. 0
7.025 3 DESIRED -0. 0.13 1. 57. 37. 436. 5. 15.
7.026 3 IMU_GYRO 1 -0.186768 0.083252 0.027832
7.026 3 ATTITUDE 0. 0. 0.
7.049 3 AIRSPEED 0. 0. 0. 0.
7.075 3 LINK_REPORT 3 -1 7 0 6669 280 0 1015. 43. 1 48.2
7.143 3 GPS 0 16602145 0 0 -17000 0 0 2320 121711445 31 0
7.144 3 SVINFO 1 2 0 7 39 -91 0
7.144 3 ATTITUDE 0. 0. 0.
7.145 3 ESTIMATOR 0. 0.
7.191 3 DESIRED -0. 0.13 1. 57. 37. 436. 5. 15.
7.223 3 ATTITUDE 0. 0. 0.
7.255 3 WP_MOVED 7 641788.1875 5474495. 446. 32
7.303 3 CIRCLE 2.8 -28.299999 60.
7.319 3 ATTITUDE 0. 0. 0.
7.351 3 NAVIGATION 10 0 0. 0. 0. 0. 0 9 9 1 0 0
7.383 3 GPS 0 16602145 0 0 -17000 0 0 2320 121711645 31 0
7.384 3 SVINFO 0 1 0 4 36 -91 0
7.399 3 DESIRED -0. 0.13 1. 57. 37. 436. 5. 15.
7.415 3 DATALINK_REPORT 2 1 0 946 0 0
7.431 3 ATTITUDE 0. 0. 0.
7.495 3 IMU_MAG 0 0. 0. 0.
7.511 3 ATTITUDE 0. 0. 0.
7.543 3 ENERGY 0 12.301965 0. 0. 0. 0. 0.
7.575 3 FBW_STATUS 0 45 1 12.301965 0.
7.618 3 DESIRED -0. 0.13 1. 57. 37. 436. 5. 15.
7.618 3 IMU_ACCEL 1 1.572266 0.786133 -8.99707
7.619 3 IMU_GYRO 1 -0.091309 0.061279 -0.04248
7.645 3 GPS 0 16602145 0 0 -17000 0 0 2373 121712000 31 0
7.645 3 SVINFO 1 2 0 7 39 -91 0
7.646 3 ATTITUDE 0. 0. 0.
7.646 3 ESTIMATOR 0. 0.
7.724 3 ATTITUDE 0. 0. 0.
7.758 3 WP_MOVED 8 641844.1875 5474504.5 446. 32
7.789 3 DESIRED -0. 0.13 1. 57. 37. 436. 5. 15.
7.820 3 ATTITUDE 0. 0. 0.
7.885 3 GPS 0 16602145 0 0 -17000 0 0 2373 121712200 31 0
7.885 3 SVINFO 2 35 1 7 31 -91 0
7.916 3 ATTITUDE 0. 0. 0.
7.997 3 DESIRED -0. 0.13 1. 57. 37. 436. 5. 15.
8.012 3 ATTITUDE 0. 0. 0.
8.045 3 AIRSPEED 0. 0. 0. 0.
8.076 3 LINK_REPORT 3 -1 8 0 7562 316 0 893. 36. 1 48.2
8.125 3 GPS 0 16602145 0 0 -17000 0 0 2373 121712400 31 0
8.141 3 SVINFO 0 1 0 5 37 -91 0
8.142 3 ATTITUDE 0. 0. 0.
8.157 3 GPS_SOL 429496729 99900 9999 0
8.157 3 ESTIMATOR 0. 0.
8.158 3 FBW_STATUS 0 45 1 12.30815 0.
8.205 3 DESIRED -0. 0.13 1. 57. 37. 436. 5. 15.
8.206 3 IMU_GYRO 1 -0.123779 0.064453 0.048584
8.221 3 ATTITUDE 0. 0. 0.
8.253 3 DL_VALUE 6 0.
8.253 3 WP_MOVED 9 641814.5 5474703. 476. 32
8.254 3 COMMANDS 0,-34,1817
8.301 3 STATE_FILTER_STATUS 6 5 0
8.317 3 ATTITUDE 0. 0. 0.
8.349 3 CIRCLE 2.8 -28.299999 60.
8.365 3 NAVIGATION 10 0 0. 0. 0. 0. 0 10 10 1 0 0
8.381 3 GPS 0 16602145 0 0 -17000 0 0 2373 121712600 31 0
8.382 3 SVINFO 1 2 1 0 40 -91 0
8.397 3 DESIRED -0. 0.13 1. 57. 37. 436. 5. 15.
8.398 3 IMU_ACCEL 1 2.177734 1.064453 -9.025391
8.413 3 ATTITUDE 0. 0. 0.
8.525 3 ATTITUDE 0. 0. 0.
8.589 3 DESIRED -0. 0.13 1. 57. 37. 436. 5. 15.
8.637 3 GPS 0 16602145 0 0 -17000 0 0 2373 121713000 31 0
8.638 3 SVINFO 2 8 1 1 41 -91 0
8.639 3 ATTITUDE 0. 0. 0.
8.653 3 ENERGY 0 12.301965 0. 0. 0. 0. 0.
8.654 3 ESTIMATOR 0. 0.
8.717 3 ATTITUDE 0. 0. 0.
8.749 3 WP_MOVED 10 641786.375 5474701. 476. 32
8.797 3 DESIRED -0. 0.13 1. 57. 37. 436. 5. 15.
8.827 3 IMU_GYRO 1 -0.000977 0.147461 -0.118652
8.828 3 IMU_MAG 0 0. 0. 0.
8.828 3 ATTITUDE 0. 0. 0.
8.875 3 GPS 0 16602145 0 0 -17000 0 0 2373 121713200 31 0
8.876 3 SVINFO 3 19 0 0 0 -91 0
8.923 3 ATTITUDE 0. 0. 0.
8.955 3 LOGGER_STATUS 0 0 0 none
9.004 3 DESIRED -0. 0.13 1. 57. 37. 436. 5. 15.
9.019 3 ATTITUDE 0. 0. 0.
9.051 3 AIRSPEED 0. 0. 0. 0.
9.076 3 LINK_REPORT 3 -1 9 0 8535 357 0 973. 41. 1 48.2
9.083 3 CALIBRATION 0. 0
9.144 3 GPS 0 16602145 0 0 -17000 0 0 2373 121713400 31 0
9.145 3 SVINFO 4 26 1 2 42 -91 0
9.145 3 ATTITUDE 0. 0. 0.
9.146 3 ESTIMATOR 0. 0.
9.192 3 DESIRED -0. 0.13 1. 57. 37. 436. 5. 15.
9.208 3 IMU_ACCEL 1 0.080078 -0.308594 -9.195312
9.223 3 ATTITUDE 0. 0. 0.
9.255 3 WP_MOVED 11 641807.5 5474574.5 436. 32
9.256 3 ACTUATORS 1040,1572,1431
9.320 3 ATTITUDE 0. 0. 0.
9.352 3 NAVIGATION 10 0 0. 0. 0. 0. 0 11 11 1 0 0
9.384 3 GPS 0 16602145 0 0 -17000 0 0 2373 121713600 31 0
9.385 3 SVINFO 5 35 0 2 18 -91 0
9.415 3 DESIRED -0. 0.13 1. 57. 37. 436. 5. 15.
9.418 3 IMU_GYRO 1 -0.016357 -0.886963 0.016113
9.418 3 CIRCLE 2.8 -28.299999 60.
9.418 3 ATTITUDE 0. 0. 0.
9.511 3 ATTITUDE 0. 0. 0.
9.543 3 FBW_STATUS 0 45 1 12.30815 0.
9.591 3 DESIRED -0. 0.13 1. 57. 37. 436. 5. 15.
9.639 3 GPS 0 16602145 0 0 -17000 0 0 2373 121714000 31 0
9.640 3 SVINFO 6 129 0 0 0 -91 0
9.641 3 ATTITUDE 0. 0. 0.
9.641 3 ESTIMATOR 0. 0.
9.719 3 ATTITUDE 0. 0. 0.
9.751 3 ENERGY 0 12.30815 0. 0. 0. 0. 0.
9.752 3 DL_VALUE 7 0.
9.767 3 WP_MOVED 0 641794. 5474653. 436. 32
9.799 3 DESIRED -0. 0.13 1. 57. 37. 436. 5. 15.
9.815 3 ATTITUDE 0. 0. 0.
9.879 3 GPS 0 16602145 0 0 -17000 0 0 2373 121714200 31 0
9.879 3 SVINFO 7 26 0 6 38 -91 0
9.911 3 ATTITUDE 0. 0. 0.
9.975 3 ALIVE 145,115,202,48,58,98,65,226,133,89,229,247,5,28,246,0
10.017 3 DESIRED -0. 0.13 1. 57. 37. 436. 5. 15.
10.018 3 IMU_ACCEL 1 -1.75 0.039062 -9.020508
10.018 3 IMU_GYRO 1 -0.056885 -0.004639 -0.007812
10.019 3 ATTITUDE 0. 0. 0.
10.049 3 AIRSPEED 0. 0. 0. 0.
10.077 3 LINK_REPORT 3 -1 10 0 9496 397 0 961. 40. 1 48.2
10.097 3 IMU_MAG 0 0. 0. 0.
10.143 3 GPS 0 16602145 0 0 -17000 0 0 2373 121714400 31 0
10.144 3 SVINFO 8 36 0 4 20 -91 0
10.145 3 ATTITUDE 0. 0. 0.
10.159 3 GPS_SOL 429496729 99900 9999 0
10.160 3 ESTIMATOR 0. 0.
10.160 3 FBW_STATUS 0 45 1 12.30815 0.
10.191 3 DESIRED -0. 0.13 1. 57. 37. 436. 5. 15.
10.223 3 ATTITUDE 0. 0. 0.
10.239 3 WP_MOVED 1 641794. 5474653. 436. 32
10.319 3 ATTITUDE 0. 0. 0.
10.352 3 NAVIGATION 10 0 0. 0. 0. 0. 0 12 12 1 0 0
10.384 3 GPS 0 16602145 0 0 -17000 0 0 2373 121714600 31 0
10.384 3 SVINFO 9 37 0 5 21 -91 0
10.399 3 DESIRED -0. 0.13 1. 57. 37. 436. 5. 15.
10.415 3 ATTITUDE 0. 0. 0.
10.447 3 CIRCLE 2.8 -28.299999 60.
10.479 3 PPRZ_MODE 1 3 3 2 0 21
10.511 3 STATE_FILTER_STATUS 6 5 0
10.527 3 ATTITUDE 0. 0. 0.
10.608 3 DESIRED -0. 0.13 1. 57. 37. 436. 5. 15.
10.609 3 IMU_GYRO 1 0.000244 0.074219 -0.021729
10.623 3 PONG 
10.653 3 GPS 0 16602145 0 0 -17000 0 0 2373 121715000 31 0
10.654 3 SVINFO 10 39 1 4 12 -91 0
10.654 3 ATTITUDE 0. 0. 0.
10.654 3 ESTIMATOR 0. 0.
10.717 3 ATTITUDE 0. 0. 0.
10.749 3 WP_MOVED 2 641796.8125 5474624.5 436. 32
10.797 3 DESIRED -0. 0.13 1. 57. 37. 436. 5. 15.
10.798 3 IMU_ACCEL 1 -1.395508 -0.318359 -8.977539
10.828 3 ATTITUDE 0. 0. 0.
10.845 3 ENERGY 0 12.30815 0. 0. 0. 0. 0.
10.877 3 GPS 0 16602145 0 0 -17000 0 0 2373 121715200 31 0
10.877 3 SVINFO 11 36 1 4 28 -91 0
10.925 3 ATTITUDE 0. 0. 0.
11.005 3 DESIRED -0. 0.13 1. 57. 37. 436. 5. 15.
11.021 3 ATTITUDE 0. 0. 0.
11.053 3 AIRSPEED 0. 0. 0. 0.
11.069 3 AUTOPILOT_VERSION 60400 v6.4.0_stable
11.078 3 LINK_REPORT 3 -1 11 0 10449 437 0 953. 40. 2 51.21
11.144 3 GPS 0 16602145 0 0 -17000 0 0 2373 121715400 31 0
11.145 3 SVINFO 12 37 1 5 29 -91 0
11.145 3 ATTITUDE 0. 0. 0.
11.146 3 ESTIMATOR 0. 0.
11.192 3 CALIBRATION 0. 0
11.208 3 DESIRED -0. 0.13 1. 57. 37. 436. 5. 15.
11.209 3 IMU_GYRO 1 -0.061523 0.037842 -0.013672
11.224 3 ATTITUDE 0. 0. 0.
11.256 3 NAVIGATION_REF 641794 5474653 32 356.
11.257 3 DL_VALUE 8 1.
11.257 3 WP_MOVED 3 641820. 5474501. 446. 32
11.320 3 ATTITUDE 0. 0. 0.
11.353 3 NAVIGATION 10 0 0. 0. 0. 0. 0 13 13 1 0 0
11.384 3 GPS 0 16602145 0 0 -17000 0 0 2373 121715600 31 0
11.385 3 SVINFO 0 1 0 0 32 -91 0
11.400 3 DESIRED -0. 0.13 1. 57. 37. 436. 5. 15.
11.416 3 IMU_MAG 0 0. 0. 0.
11.432 3 ATTITUDE 0. 0. 0.
11.496 3 CIRCLE 2.8 -28.299999 60.
11.512 3 ATTITUDE 0. 0. 0.
11.544 3 FBW_STATUS 0 45 1 12.30815 0.
11.608 3 DESIRED -0. 0.13 1. 57. 37. 436. 5. 15.
11.609 3 IMU_ACCEL 1 -1.21582 -0.595703 -10.095703
11.641 3 GPS 0 16602145 0 0 -17000 0 0 2373 121716000 31 0
11.642 3 SVINFO 1 2 0 5 37 -91 0
11.642 3 ATTITUDE 0. 0. 0.
11.656 3 ESTIMATOR 0. 0.
11.720 3 ATTITUDE 0. 0. 0.
11.752 3 COMMANDS 0,-34,1817
11.753 3 WP_MOVED 4 641757.8125 5474491. 446. 32
11.800 3 DESIRED -0. 0.13 1. 57. 37. 436. 5. 15.
11.802 3 IMU_GYRO 1 0.107178 -0.067383 0.390625
11.816 3 ATTITUDE 0. 0. 0.
11.880 3 GPS 0 16602145 0 0 -17000 0 0 2373 121716200 31 0
11.881 3 SVINFO 2 3 0 6 38 -91 0
11.912 3 ATTITUDE 0. 0. 0.
11.945 3 ENERGY 0 12.301965 0. 0. 0. 0. 0.
11.993 3 DESIRED -0. 0.13 1. 57. 37. 436. 5. 15.
12.024 3 ATTITUDE 0. 0. 0.
12.056 3 AIRSPEED 0. 0. 0. 0.
12.078 3 LINK_REPORT 3 -1 12 0 11406 477 0 957. 40. 2 51.21
12.137 3 GPS 0 16602145 0 0 -17000 0 0 2373 121716400 31 0
12.138 3 SVINFO 3 8 0 5 37 -91 0
12.138 3 ATTITUDE 0. 0. 0.
12.169 3 GPS_SOL 429496729 99900 9999 0
12.169 3 ESTIMATOR 0. 0.
12.170 3 FBW_STATUS 0 45 1 12.301965 0.
12.201 3 DESIRED -0. 0.13 1. 57. 37. 436. 5. 15.
12.216 3 ATTITUDE 0. 0. 0.
12.249 3 WP_MOVED 5 641729. 5474694.5 466. 32
12.312 3 ATTITUDE 0. 0. 0.
12.361 3 NAVIGATION 10 0 0. 0. 0. 0. 0 14 14 1 0 0
12.377 3 GPS 0 16602145 0 0 -17000 0 0 2373 121716600 31 0
12.378 3 SVINFO 4 9 0 3 19 -91 0
12.419 3 DESIRED -0. 0.13 1. 57. 37. 436. 5. 15.
12.420 3 IMU_ACCEL 1 1.466797 -1.814453 -9.276367
12.420 3 IMU_GYRO 1 -0.123291 0.008789 0.580078
12.421 3 ATTITUDE 0. 0. 0.
12.515 3 DATALINK_REPORT 2 2 0 946 0 0
12.531 3 ATTITUDE 0. 0. 0.
12.547 3 CIRCLE 2.8 -28.299999 60.
12.595 3 DESIRED -0. 0.13 1. 57. 37. 436. 5. 15.
12.627 3 GPS 0 16602145 0 0 -17000 0 0 2373 121717000 31 0
12.628 3 SVINFO 5 11 0 1 17 -91 0
12.643 3 ATTITUDE 0. 0. 0.
12.644 3 ESTIMATOR 0. 0.
12.691 3 IMU_MAG 0 0. 0. 0.
12.707 3 STATE_FILTER_STATUS 6 5 0
12.723 3 ATTITUDE 0. 0. 0.
12.755 3 DL_VALUE 9 0.
12.755 3 WP_MOVED 6 641754.875 5474698.5 466. 32
12.803 3 DESIRED -0. 0.13 1. 57. 37. 436. 5. 15.
12.819 3 ATTITUDE 0. 0. 0.
12.883 3 GPS 0 16602145 0 0 -17000 0 0 2373 121717200 31 0
12.884 3 SVINFO 6 12 0 1 17 -91 0
12.915 3 ATTITUDE 0. 0. 0.
12.995 3 DESIRED -0. 0.13 1. 57. 37. 436. 5. 15.
13.011 3 IMU_GYRO 1 0.071045 0.598145 -0.041992
13.012 3 ATTITUDE 0. 0. 0.
13.043 3 ENERGY 0 12.30815 0. 0. 0. 0. 0.
13.059 3 AIRSPEED 0. 0. 0. 0.
13.079 3 LINK_REPORT 3 -1 13 0 12364 517 0 958. 40. 2 51.21
13.154 3 GPS 0 16602145 0 0 -17000 0 0 2373 121717400 31 0
13.156 3 SVINFO 7 21 0 0 0 -91 0
13.156 3 ATTITUDE 0. 0. 0.
13.157 3 ESTIMATOR 0. 0.
13.203 3 DESIRED -0. 0.13 1. 57. 37. 436. 5. 15.
13.204 3 IMU_ACCEL 1 2.494141 -1.456055 -12.0625
13.218 3 ATTITUDE 0. 0. 0.
13.250 3 WP_MOVED 7 641788.1875 5474495. 446. 32
13.251 3 COMMANDS 0,-34,1774
13.282 3 CALIBRATION 0. 0
13.314 3 ATTITUDE 0. 0. 0.
13.348 3 NAVIGATION 10 0 0. 0. 0. 0. 0 15 15 1 0 0
13.378 3 GPS 0 16602145 0 0 -17000 0 0 2373 121717600 31 0
13.378 3 SVINFO 8 22 0 0 0 -91 0
13.394 3 DESIRED -0. 0.13 1. 57. 37. 436. 5. 15.
13.410 3 ATTITUDE 0. 0. 0.
13.522 3 ATTITUDE 0. 0. 0.
13.539 3 FBW_STATUS 0 45 1 12.30815 0.
13.617 3 DESIRED -0. 0.13 1. 57. 37. 436. 5. 15.
13.618 3 IMU_GYRO 1 -0.607666 0.19751 1.10791
13.618 3 CIRCLE 2.8 -28.299999 60.
13.643 3 GPS 0 16602145 0 0 -17000 0 0 2373 121718000 31 0
13.644 3 SVINFO 9 23 0 2 18 -91 0
13.645 3 ATTITUDE 0. 0. 0.
13.645 3 ESTIMATOR 0. 0.
13.723 3 ATTITUDE 0. 0. 0.
13.755 3 WP_MOVED 8 641844.1875 5474504.5 446. 32
13.803 3 DESIRED -0. 0.13 1. 57. 37. 436. 5. 15.
13.819 3 ATTITUDE 0. 0. 0.
13.883 3 GPS 0 16602145 0 0 -17000 0 0 2373 121718200 31 0
13.884 3 SVINFO 10 24 0 3 19 -91 0
13.914 3 ATTITUDE 0. 0. 0.
14.024 3 DESIRED -0. 0.13 1. 57. 37. 436. 5. 15.
14.025 3 IMU_ACCEL 1 1.542969 2.496094 -8.131836
14.026 3 IMU_MAG 0 0. 0. 0.
14.026 3 ATTITUDE 0. 0. 0.
14.040 3 LOGGER_STATUS 0 0 0 none
14.072 3 AIRSPEED 0. 0. 0. 0.
14.080 3 LINK_REPORT 3 -1 14 0 13273 555 0 909. 38. 2 51.21
14.136 3 GPS 0 16602145 0 0 -17000 0 0 2373 121718400 31 0
14.137 3 SVINFO 11 123 0 5 37 -91 0
14.137 3 ATTITUDE 0. 0. 0.
14.183 3 ENERGY 0 12.30815 0. 0. 0. 0. 0.
14.184 3 GPS_SOL 429496729 99900 9999 0
14.185 3 ESTIMATOR 0. 0.
14.211 3 FBW_STATUS 0 45 1 12.30815 0.
14.212 3 DESIRED -0. 0.13 1. 57. 37. 436. 5. 15.
14.212 3 IMU_GYRO 1 -0.447266 -0.07373 1.132568
14.227 3 ATTITUDE 0. 0. 0.
14.259 3 DL_VALUE 10 1.
14.259 3 WP_MOVED 9 641814.5 5474703. 476. 32
14.260 3 ACTUATORS 1040,1572,1431
14.323 3 ATTITUDE 0. 0. 0.
14.356 3 NAVIGATION 10 0 0. 0. 0. 0. 0 16 16 1 0 0
14.371 3 GPS 0 16602145 0 0 -17000 0 0 2373 121718600 31 0
14.372 3 SVINFO 12 26 0 7 39 -91 0
14.403 3 DESIRED -0. 0.13 1. 57. 37. 436. 5. 15.
14.419 3 ATTITUDE 0. 0. 0.
14.515 3 ATTITUDE 0. 0. 0.
14.596 3 DESIRED -0. 0.13 1. 57. 37. 436. 5. 15.
14.628 3 GPS 0 16602145 0 0 -17000 0 0 2373 121719000 31 0
14.628 3 SVINFO 13 41 0 0 32 -91 0
14.643 3 ATTITUDE 0. 0. 0.
14.659 3 CIRCLE 2.8 -28.299999 60.
14.660 3 ESTIMATOR 0. 0.
14.723 3 ATTITUDE 0. 0. 0.
14.755 3 WP_MOVED 10 641786.375 5474701. 476. 32
14.818 3 DESIRED -0. 0.13 1. 57. 37. 436. 5. 15.
14.819 3 IMU_ACCEL 1 -0.344727 0.154297 -8.591797
14.819 3 IMU_GYRO 1 0.324219 -1.128906 1.292725
14.830 3 ATTITUDE 0. 0. 0.
14.881 3 GPS 0 16602145 0 0 -17000 0 0 2373 121719200 31 0
14.882 3 SVINFO 14 43 0 0 0 -91 0
14.913 3 STATE_FILTER_STATUS 6 5 0
14.929 3 ATTITUDE 0. 0. 0.
14.994 3 DESIRED -0. 0.13 1. 57. 37. 436. 5. 15.
15.025 3 ATTITUDE 0. 0. 0.
15.058 3 AIRSPEED 0. 0. 0. 0.
15.074 3 ALIVE 145,115,202,48,58,98,65,226,133,89,229,247,5,28,246,0
15.080 3 LINK_REPORT 3 -1 15 0 14231 595 0 958. 40. 2 51.21
15.138 3 GPS 0 16602145 0 0 -17000 0 0 2373 121719400 31 0
15.139 3 SVINFO 15 44 0 0 0 -91 0
15.139 3 ATTITUDE 0. 0. 0.
15.154 3 ESTIMATOR 0. 0.
15.202 3 DESIRED -0. 0.13 1. 57. 37. 436. 5. 15.
15.218 3 ATTITUDE 0. 0. 0.
15.250 3 ENERGY 0 12.30815 0. 0. 0. 0. 0.
15.266 3 WP_MOVED 11 641807.5 5474574.5 436. 32
15.298 3 IMU_MAG 0 0. 0. 0.
15.330 3 ATTITUDE 0. 0. 0.
15.356 3 NAVIGATION 10 0 0. 0. 0. 0. 0 17 17 1 0 0
15.378 3 GPS 0 16602145 0 0 -17000 0 0 2373 121719600 31 0
15.379 3 SVINFO 16 47 0 0 0 -91 0
15.394 3 PPRZ_MODE 1 3 3 2 0 21
15.394 3 CALIBRATION 0. 0
15.424 3 DESIRED -0. 0.13 1. 57. 37. 436. 5. 15.
15.425 3 IMU_GYRO 1 -0.116455 1.016602 0.057129
15.425 3 ATTITUDE 0. 0. 0.
15.520 3 ATTITUDE 0. 0. 0.
15.552 3 FBW_STATUS 0 45 1 12.30815 0.
15.600 3 DESIRED -0. 0.13 1. 57. 37. 436. 5. 15.
15.601 3 IMU_ACCEL 1 0.886719 -0.521484 -10.433594
15.644 3 PONG 
15.644 3 GPS 0 16602145 0 0 -17000 0 0 2373 121720000 31 0
15.645 3 SVINFO 17 255 0 3 35 -91 0
15.646 3 ATTITUDE 0. 0. 0.
15.646 3 ESTIMATOR 0. 0.
15.676 3 PPRZ_MODE 0 3 3 2 0 17
15.692 3 CIRCLE 2.8 -28.299999 60.
15.724 3 ATTITUDE 0. 0. 0.
15.756 3 DL_VALUE 11 436.
15.757 3 WP_MOVED 0 641794. 5474653. 436. 32
15.788 3 DESIRED -0. 0.13 1. 57. 37. 436. 5. 15.
15.820 3 ATTITUDE 0. 0. 0.
15.884 3 GPS 0 16602145 0 0 -17000 0 0 2373 121720200 31 0
15.884 3 SVINFO 18 255 0 5 37 -91 0
15.916 3 ATTITUDE 0. 0. 0.
15.997 3 DESIRED -0. 0.13 1. 57. 37. 436. 5. 15.
15.998 3 IMU_GYRO 1 0.028809 -0.106201 0.281738
16.012 3 ATTITUDE 0. 0. 0.
16.044 3 AIRSPEED 0. 0. 0. 0.
16.081 3 LINK_REPORT 3 -1 16 0 15188 636 0 957. 41. 3 71.39
16.140 3 GPS 0 16602145 0 0 -17000 0 0 2373 121720400 31 0
16.141 3 SVINFO 19 255 0 5 37 -91 0
16.141 3 ATTITUDE 0. 0. 0.
16.156 3 GPS_SOL 429496729 99900 9999 0
16.157 3 ESTIMATOR 0. 0.
16.172 3 FBW_STATUS 0 45 0 12.301965 0.
16.188 3 DESIRED -0. 0.13 1. 57. 37. 436. 5. 15.
16.220 3 ATTITUDE 0. 0. 0.
16.252 3 WP_MOVED 1 641794. 5474653. 436. 32
16.316 3 ATTITUDE 0. 0. 0.
16.359 3 ENERGY 0 12.30815 0. 0. 0. 0. 0.
16.364 3 NAVIGATION 10 0 0. 0. 0. 0. 0 18 18 1 0 0
16.380 3 GPS 0 16602145 0 0 -17000 0 0 2373 121720600 31 0
16.380 3 SVINFO 0 1 0 1 33 -91 0
16.396 3 DESIRED -0. 0.13 1. 57. 37. 436. 5. 15.
16.398 3 IMU_ACCEL 1 3.332031 -0.730469 -8.847656
16.412 3 ATTITUDE 0. 0. 0.
16.524 3 ATTITUDE 0. 0. 0.
16.617 3 DESIRED -0. 0.13 1. 57. 37. 436. 5. 15.
16.618 3 IMU_GYRO 1 -0.57251 -0.393555 0.179443
16.619 3 IMU_MAG 0 0. 0. 0.
16.645 3 GPS 0 16602145 0 0 -17000 0 0 2373 121721000 31 0
16.646 3 SVINFO 1 2 0 6 38 -91 0
16.646 3 ATTITUDE 0. 0. 0.
16.647 3 ESTIMATOR 180.686905 137.920685
16.725 3 ATTITUDE 0. 0. 0.
16.773 3 COMMANDS 0,-36,1020
16.773 3 CIRCLE 2.8 -28.299999 60.
16.774 3 WP_MOVED 2 641796.8125 5474624.5 436. 32
16.790 3 DESIRED -0. 0.13 1. 57. 37. 436. 5. 15.
16.821 3 ATTITUDE 0. 0. 0.
16.885 3 GPS 0 16602145 0 0 -17000 0 0 2373 121721200 31 0
16.887 3 SVINFO 2 3 1 5 29 -91 0
16.916 3 ATTITUDE 0. 0. 0.
16.997 3 DESIRED -0. 0.13 1. 57. 37. 436. 5. 15.
17.013 3 ATTITUDE 0. 0. 0.
17.045 3 AIRSPEED 0. 0. 0. 0.
17.082 3 LINK_REPORT 3 -1 17 0 16096 673 0 908. 37. 3 71.39
17.109 3 STATE_FILTER_STATUS 6 5 0
17.125 3 GPS 0 16602145 0 0 -17000 0 0 2373 121721400 31 0
17.141 3 SVINFO 3 8 1 4 44 -91 0
17.142 3 ATTITUDE 0. 0. 0.
17.142 3 ESTIMATOR 309.021515 175.712402
17.216 3 DESIRED -0. 0.13 1. 57. 37. 436. 5. 15.
17.217 3 IMU_ACCEL 1 -0.651367 -0.157227 -8.240234
17.217 3 IMU_GYRO 1 -0.112061 0.312988 -0.168457
17.218 3 ATTITUDE 0. 0. 0.
17.248 3 DL_VALUE 12 0.
17.248 3 WP_MOVED 3 641820. 5474501. 446. 32
17.312 3 ATTITUDE 0. 0. 0.
17.360 3 NAVIGATION 10 0 0. 0. 0. 0. 0 19 19 1 0 0
17.377 3 GPS 0 16602145 0 0 -17000 0 0 2373 121721600 31 0
17.378 3 SVINFO 4 9 1 4 12 -91 0
17.392 3 DESIRED -0. 0.13 1. 57. 37. 436. 5. 15.
17.408 3 ATTITUDE 0. 0. 0.
17.440 3 ENERGY 0 12.301965 0. 0. 0. 0. 0.
17.488 3 CALIBRATION 0. 0
17.520 3 ATTITUDE 0. 0. 0.
17.552 3 FBW_STATUS 0 45 0 12.301965 0.
17.600 3 DESIRED -0. 0.13 1. 57. 37. 436. 5. 15.
17.643 3 DATALINK_REPORT 2 3 0 943 0 0
17.644 3 GPS 0 16602145 0 0 -17000 0 0 2373 121722000 31 0
17.652 3 SVINFO 5 21 1 5 13 -91 0
17.653 3 ATTITUDE 0. 0. 0.
17.653 3 ESTIMATOR 395.412994 137.440125
17.723 3 ATTITUDE 0. 0. 0.
17.755 3 WP_MOVED 4 641757.8125 5474491. 446. 32
17.816 3 DESIRED -0. 0.13 1. 57. 37. 436. 5. 15.
17.817 3 IMU_GYRO 1 -0.054688 0.345947 0.154053
17.818 3 CIRCLE 2.8 -28.299999 60.
17.818 3 ATTITUDE 0. 0. 0.
17.882 3 GPS 0 16602145 0 0 -17000 0 0 2373 121722200 31 0
17.882 3 SVINFO 6 22 1 4 12 -91 0
17.896 3 IMU_MAG 0 0. 0. 0.
17.912 3 ATTITUDE 0. 0. 0.
18.009 3 DESIRED -0. 0.13 1. 57. 37. 436. 5. 15.
18.009 3 IMU_ACCEL 1 -0.416016 2.144531 -11.307617
18.025 3 ATTITUDE 0. 0. 0.
18.057 3 AIRSPEED 0. 0. 0. 0.
18.083 3 LINK_REPORT 3 -1 18 0 17069 714 0 973. 41. 3 71.39
18.137 3 GPS 0 16602145 0 0 -17000 0 0 2373 121722400 31 0
18.138 3 SVINFO 7 24 1 6 14 -91 0
18.138 3 ATTITUDE 0. 0. 0.
18.169 3 GPS_SOL 429496729 99900 9999 0
18.169 3 ESTIMATOR 395.412994 137.440125
18.169 3 FBW_STATUS 0 45 0 12.30815 0.
18.201 3 DESIRED -0. 0.13 1. 57. 37. 436. 5. 15.
18.217 3 ATTITUDE 0. 0. 0.
18.249 3 WP_MOVED 5 641729. 5474694.5 466. 32
18.250 3 COMMANDS 0,-36,1020
18.313 3 ATTITUDE 0. 0. 0.
18.345 3 NAVIGATION 10 0 0. 0. 0. 0. 0 20 20 1 0 0
18.376 3 GPS 0 16602145 0 0 -17000 0 0 2373 121722600 31 0
18.376 3 SVINFO 8 26 0 5 37 -91 0
18.392 3 DESIRED -0. 0.13 1. 57. 37. 436. 5. 15.
18.409 3 IMU_GYRO 1 -0.212158 -0.186035 0.353027
18.425 3 ATTITUDE 0. 0. 0.
18.521 3 ATTITUDE 0. 0. 0.
18.537 3 ENERGY 0 12.30815 0. 0. 0. 0. 0.
18.601 3 DESIRED -0. 0.13 1. 57. 37. 436. 5. 15.
18.644 3 GPS 0 16602145 0 0 -17000 0 0 2373 121723000 31 0
18.645 3 SVINFO 9 7 1 6 30 -91 0
18.646 3 ATTITUDE 0. 0. 0.
18.646 3 ESTIMATOR 395.412994 137.440125
18.724 3 ATTITUDE 0. 0. 0.
18.756 3 DL_VALUE 13 0.
18.756 3 WP_MOVED 6 641754.875 5474698.5 466. 32
18.804 3 DESIRED -0. 0.13 1. 57. 37. 436. 5. 15.
18.805 3 IMU_ACCEL 1 0.817383 -0.765625 -10.916992
18.820 3 ATTITUDE 0. 0. 0.
18.871 3 CIRCLE 2.8 -28.299999 60.
18.884 3 GPS 0 16602145 0 0 -17000 0 0 2373 121723200 31 0
18.885 3 SVINFO 10 8 1 5 29 -91 0
18.915 3 ATTITUDE 0. 0. 0.
18.996 3 DESIRED -0. 0.13 1. 57. 37. 436. 5. 15.
18.997 3 IMU_GYRO 1 -0.212158 -0.186035 0.353027
19.012 3 ATTITUDE 0. 0. 0.
19.044 3 AIRSPEED 0. 0. 0. 0.
19.083 3 LINK_REPORT 3 -1 19 0 17990 752 0 921. 38. 3 71.39
19.154 3 GPS 0 16602145 0 0 -17000 0 0 2373 121723400 31 0
19.154 3 SVINFO 11 10 0 0 0 -91 0
19.155 3 ATTITUDE 0. 0. 0.
19.155 3 LOGGER_STATUS 0 0 0 none
19.156 3 ESTIMATOR 395.412994 137.440125
19.202 3 DESIRED -0. 0.13 1. 57. 37. 436. 5. 15.
19.217 3 IMU_MAG 0 0. 0. 0.
19.218 3 ATTITUDE 0. 0. 0.
19.249 3 WP_MOVED 7 641788.1875 5474495. 446. 32
19.250 3 ACTUATORS 1040,1541,1462
19.297 3 STATE_FILTER_STATUS 6 5 0
19.329 3 ATTITUDE 0. 0. 0.
19.361 3 NAVIGATION 10 0 0. 0. 0. 0. 0 21 21 1 0 0
19.377 3 GPS 0 16602145 0 0 -17000 0 0 2373 121723600 31 0
19.377 3 SVINFO 12 41 0 3 19 -91 0
19.393 3 DESIRED -0. 0.13 1. 57. 37. 436. 4.5 15.
19.409 3 ATTITUDE 0. 0. 0.
19.522 3 ATTITUDE 0. 0. 0.
19.554 3 FBW_STATUS 0 45 0 12.301965 0.
19.615 3 CALIBRATION 0. 0
19.615 3 DESIRED -0. 0.13 1. 57. 37. 436. 4.8 15.
19.616 3 IMU_ACCEL 1 -0.483398 0.170898 -6.460938
19.643 3 IMU_GYRO 1 0.020508 -0.119629 0.147461
19.643 3 GPS 0 16602145 0 0 -17000 0 0 2373 121724000 31 0
19.644 3 SVINFO 13 47 0 4 36 -91 0
19.644 3 ATTITUDE 0. 0. 0.
19.645 3 ENERGY 0 12.314335 0. 0. 0. 0. 0.
19.659 3 ESTIMATOR 395.370056 47.821598
19.723 3 ATTITUDE 0. 0. 0.
19.755 3 WP_MOVED 8 641844.1875 5474504.5 446. 32
19.787 3 DESIRED -0. 0.13 1. 57. 37. 436. 5. 15.
19.819 3 ATTITUDE 0. 0. 0.
19.883 3 GPS 0 16602145 0 0 -17000 0 0 2373 121724200 31 0
19.884 3 SVINFO 14 48 1 4 44 -91 0
19.898 3 CIRCLE 2.8 -28.299999 60.
19.915 3 ATTITUDE 0. 0. 0.
19.995 3 DESIRED -0. 0.13 1. 57. 37. 436. 5. 15.
20.011 3 ATTITUDE 0. 0. 0.
20.043 3 AIRSPEED 0. 0. 0. 0.
20.084 3 LINK_REPORT 3 -1 20 0 18923 791 0 933. 39. 3 71.39
20.123 3 GPS 0 16602145 0 0 -17000 0 0 2373 121724400 31 0
20.139 3 SVINFO 15 255 0 0 32 -91 0
20.140 3 ATTITUDE 0. 0. 0.
20.156 3 ALIVE 145,115,202,48,58,98,65,226,133,89,229,247,5,28,246,0
20.171 3 GPS_SOL 429496729 99900 9999 0
20.172 3 ESTIMATOR 395.370056 47.821598
20.172 3 FBW_STATUS 0 45 0 12.301965 0.
20.203 3 DESIRED -0. 0.13 1. 57. 37. 436. 5. 15.
20.204 3 IMU_GYRO 1 -0.139893 -0.353271 -0.122314
20.219 3 ATTITUDE 0. 0. 0.
20.251 3 NAVIGATION_REF 641794 5474653 32 356.
20.252 3 DL_VALUE 14 0.
20.267 3 WP_MOVED 9 641814.5 5474703. 476. 32
20.283 3 PPRZ_MODE 0 3 3 2 0 17
20.315 3 ATTITUDE 0. 0. 0.
20.347 3 NAVIGATION 10 0 0. 0. 0. 0. 0 22 22 1 0 0
20.382 3 GPS 0 16602145 0 0 -17000 0 0 2373 121724600 31 0
20.383 3 SVINFO 16 255 0 5 37 -91 0
20.395 3 DESIRED -0. 0.13 1. 57. 37. 436. 5. 15.
20.411 3 IMU_ACCEL 1 -0.392578 1.150391 -8.769531
20.412 3 ATTITUDE 0. 0. 0.
20.491 3 IMU_MAG 0 0. 0. 0.
20.523 3 ATTITUDE 0. 0. 0.
20.604 3 DESIRED -0. 0.13 1. 57. 37. 436. 5. 15.
20.645 3 PONG 
20.646 3 GPS 0 16602145 0 0 -17000 0 0 2373 121725000 31 0
20.647 3 SVINFO 17 255 0 4 36 -91 0
20.647 3 ATTITUDE 0. 0. 0.
20.648 3 ESTIMATOR 389.489899 14.921504
20.709 3 ATTITUDE 0. 0. 0.
20.742 3 ENERGY 0 12.301965 0. 0. 0. 0. 0.
20.758 3 WP_MOVED 10 641786.375 5474701. 476. 32
20.806 3 DESIRED -0. 0.13 1. 57. 37. 436. 5. 15.
20.807 3 IMU_GYRO 1 -0.250488 0.20459 -0.037598
20.821 3 ATTITUDE 0. 0. 0.
20.872 3 GPS 0 16602145 0 0 -17000 0 0 2373 121725200 31 0
20.885 3 SVINFO 0 1 0 6 38 -91 0
20.917 3 ATTITUDE 0. 0. 0.
20.950 3 CIRCLE 2.8 -28.299999 60.
20.998 3 DESIRED -0. 0.13 1. 57. 37. 436. 5. 15.
21.014 3 ATTITUDE 0. 0. 0.
21.046 3 AIRSPEED 0. 0. 0. 0.
21.085 3 LINK_REPORT 3 -1 21 0 19918 833 0 995. 42. 4 72.64
21.126 3 GPS 0 16602145 0 0 -17000 0 0 2373 121725400 31 0
21.142 3 SVINFO 1 2 0 3 35 -91 0
21.142 3 ATTITUDE 0. 0. 0.
21.143 3 ESTIMATOR 389.489899 14.921504
21.206 3 DESIRED -0. 0.13 1. 57. 37. 436. 5. 15.
21.207 3 IMU_ACCEL 1 -1.520508 1.112305 -7.654297
21.222 3 ATTITUDE 0. 0. 0.
21.254 3 WP_MOVED 11 641807.5 5474574.5 436. 32
21.318 3 ATTITUDE 0. 0. 0.
21.350 3 NAVIGATION 10 0 0. 0. 0. 0. 0 23 23 1 0 0
21.382 3 GPS 0 16602145 0 0 -17000 0 0 2373 121725600 31 0
21.384 3 SVINFO 2 3 1 4 28 -91 0
21.398 3 DESIRED -0. 0.13 1. 57. 37. 436. 5. 15.
21.398 3 IMU_GYRO 1 -0.284668 0.514648 -0.16748
21.430 3 ATTITUDE 0. 0. 0.
21.510 3 STATE_FILTER_STATUS 6 5 0
21.526 3 ATTITUDE 0. 0. 0.
21.542 3 FBW_STATUS 0 45 0 12.301965 0.
21.590 3 DESIRED -0. 0.13 1. 57. 37. 436. 5. 15.
21.638 3 GPS 0 16602145 0 0 -17000 0 0 2373 121726000 31 0
21.639 3 SVINFO 3 8 0 6 38 -91 0
21.640 3 ATTITUDE 0. 0. 0.
21.654 3 ESTIMATOR 371.191986 -4.407511
21.686 3 CALIBRATION 0. 0
21.718 3 ATTITUDE 0. 0. 0.
21.750 3 COMMANDS 0,-36,1020
21.751 3 DL_VALUE 15 70.
21.766 3 WP_MOVED 0 641794. 5474653. 436. 32
21.798 3 DESIRED -0. 0.13 1. 57. 37. 436. 5. 15.
21.814 3 IMU_MAG 0 0. 0. 0.
21.830 3 ATTITUDE 0. 0. 0.
21.846 3 ENERGY 0 12.314335 0. 0. 0. 0. 0.
21.878 3 GPS 0 16602145 0 0 -17000 0 0 2373 121726200 31 0
21.879 3 SVINFO 4 21 1 6 14 -91 0
21.910 3 ATTITUDE 0. 0. 0.
22.017 3 DESIRED -0. 0.13 1. 57. 37. 436. 5. 15.
22.017 3 IMU_ACCEL 1 0.84668 -0.033203 -8.337891
22.018 3 IMU_GYRO 1 -0.028076 0.487061 -0.313721
22.018 3 CIRCLE 2.8 -28.299999 60.
22.019 3 ATTITUDE 0. 0. 0.
22.048 3 AIRSPEED 0. 0. 0. 0.
22.086 3 LINK_REPORT 3 -1 22 0 20887 874 0 969. 41. 4 72.64
22.145 3 GPS 0 16602145 0 0 -17000 0 0 2373 121726400 31 0
22.146 3 SVINFO 5 22 1 4 12 -91 0
22.146 3 ATTITUDE 0. 0. 0.
22.160 3 GPS_SOL 429496729 99900 9999 0
22.161 3 ESTIMATOR 371.191986 -4.407511
22.176 3 FBW_STATUS 0 45 0 12.30815 0.
22.193 3 AUTOPILOT_VERSION 60400 v6.4.0_stable
22.209 3 DESIRED -0. 0.13 1. 57. 37. 436. 5. 15.
22.224 3 ATTITUDE 0. 0. 0.
22.240 3 WP_MOVED 1 641794. 5474653. 436. 32
22.320 3 ATTITUDE 0. 0. 0.
22.353 3 NAVIGATION 10 0 0. 0. 0. 0. 0 24 24 1 0 0
22.385 3 GPS 0 16602145 0 0 -17000 0 0 2373 121726600 31 0
22.386 3 SVINFO 6 24 1 4 12 -91 0
22.400 3 DESIRED -0. 0.13 1. 57. 37. 436. 5. 15.
22.416 3 ATTITUDE 0. 0. 0.
22.513 3 ATTITUDE 0. 0. 0.
22.593 3 DESIRED -0. 0.13 1. 57. 37. 436. 5. 15.
22.609 3 IMU_GYRO 1 -0.074463 -0.336182 0.012451
22.625 3 GPS 0 16602145 0 0 -17000 0 0 2373 121727000 31 0
22.641 3 SVINFO 7 26 0 5 37 -91 0
22.642 3 ATTITUDE 0. 0. 0.
22.642 3 ESTIMATOR 371.191986 -4.407511
22.689 3 DATALINK_REPORT 2 4 0 949 0 0
22.721 3 ATTITUDE 0. 0. 0.
22.753 3 WP_MOVED 2 641796.8125 5474624.5 436. 32
22.801 3 DESIRED -0. 0.13 1. 57. 37. 436. 5. 15.
22.802 3 IMU_ACCEL 1 -1.329102 2.929688 -10.878906
22.817 3 ATTITUDE 0. 0. 0.
22.881 3 GPS 0 16602145 0 0 -17000 0 0 2373 121727200 31 0
22.882 3 SVINFO 8 10 0 2 34 -91 0
22.912 3 ATTITUDE 0. 0. 0.
22.945 3 ENERGY 0 12.30815 0. 0. 0. 0. 0.
22.993 3 DESIRED -0. 0.13 1. 57. 37. 436. 5. 15.
23.025 3 ATTITUDE 0. 0. 0.
23.057 3 CIRCLE 2.8 -28.299999 60.
23.057 3 AIRSPEED 0. 0. 0. 0.
23.086 3 LINK_REPORT 3 -1 23 0 21804 911 0 917. 37. 4 72.64
23.105 3 IMU_MAG 0 0. 0. 0.
23.137 3 GPS 0 16602145 0 0 -17000 0 0 2373 121727400 31 0
23.138 3 SVINFO 9 47 1 2 42 -91 0
23.139 3 ATTITUDE 0. 0. 0.
23.153 3 ESTIMATOR 371.191986 -4.407511
23.201 3 DESIRED -0. 0.13 1. 57. 37. 436. 5. 15.
23.202 3 IMU_GYRO 1 -0.504395 -0.427246 -0.186035
23.217 3 ATTITUDE 0. 0. 0.
23.249 3 DL_VALUE 16 0.
23.250 3 WP_MOVED 3 641820. 5474501. 446. 32
23.265 3 COMMANDS 0,-36,1020
23.313 3 ATTITUDE 0. 0. 0.
23.346 3 NAVIGATION 10 0 0. 0. 0. 0. 0 25 25 1 0 0
23.378 3 GPS 0 16602145 0 0 -17000 0 0 2373 121727600 31 0
23.379 3 SVINFO 10 255 1 4 28 -91 0
23.393 3 DESIRED -0. 0.13 1. 57. 37. 436. 5. 15.
23.425 3 ATTITUDE 0. 0. 0.
23.521 3 ATTITUDE 0. 0. 0.
23.553 3 FBW_STATUS 0 45 0 12.301965 0.
23.602 3 DESIRED -0. 0.13 1. 57. 37. 436. 5. 15.
23.603 3 IMU_ACCEL 1 0.108398 3.765625 -4.658203
23.645 3 GPS 0 16602145 0 0 -17000 0 0 2373 121728000 31 0
23.646 3 SVINFO 11 255 0 5 37 -91 0
23.646 3 ATTITUDE 0. 0. 0.
23.647 3 ESTIMATOR 371.191986 -4.407511
23.708 3 STATE_FILTER_STATUS 6 5 0
23.724 3 ATTITUDE 0. 0. 0.
23.756 3 WP_MOVED 4 641757.8125 5474491. 446. 32
23.815 3 CALIBRATION 0. 0
23.815 3 DESIRED -0. 0.13 1. 57. 37. 436. 5. 15.
23.817 3 IMU_GYRO 1 0.116211 -0.320801 0.357666
23.817 3 ATTITUDE 0. 0. 0.
23.883 3 GPS 0 16602145 0 0 -17000 0 0 2373 121728200 31 0
23.885 3 SVINFO 12 255 0 2 34 -91 0
23.910 3 ATTITUDE 0. 0. 0.
23.991 3 DESIRED -0. 0.13 1. 57. 37. 436. 5. 15.
24.023 3 ATTITUDE 0. 0. 0.
24.039 3 ENERGY 0 12.30815 0. 0. 0. 0. 0.
24.055 3 AIRSPEED 0. 0. 0. 0.
24.087 3 LINK_REPORT 3 -1 24 0 22732 950 0 928. 39. 4 72.64
24.103 3 CIRCLE 2.8 -28.299999 60.
24.145 3 GPS 0 16602145 0 0 -17000 0 0 2373 121728400 31 0
24.146 3 SVINFO 0 1 0 4 36 -91 0
24.146 3 ATTITUDE 0. 0. 0.
24.161 3 GPS_SOL 429496729 99900 9999 0
24.161 3 ESTIMATOR 371.191986 -4.407511
24.162 3 FBW_STATUS 0 45 0 12.301965 0.
24.193 3 DESIRED -0. 0.13 1. 57. 37. 436. 5. 15.
24.225 3 LOGGER_STATUS 0 0 0 none
24.226 3 ATTITUDE 0. 0. 0.
24.257 3 WP_MOVED 5 641729. 5474694.5 466. 32
24.258 3 ACTUATORS 1040,1541,1462
24.321 3 ATTITUDE 0. 0. 0.
24.353 3 NAVIGATION 10 0 0. 0. 0. 0. 0 26 26 1 0 0
24.368 3 GPS 0 16602145 0 0 -17000 0 0 2373 121728600 31 0
24.384 3 SVINFO 1 2 0 3 35 -91 0
24.415 3 DESIRED -0. 0.13 1. 57. 37. 436. 5. 15.
24.415 3 IMU_ACCEL 1 1.140625 0.970703 -7.999023
24.415 3 IMU_GYRO 1 -0.324463 -0.738525 -0.013672
24.416 3 IMU_MAG 0 0. 0. 0.
24.431 3 ATTITUDE 0. 0. 0.
24.511 3 ATTITUDE 0. 0. 0.
24.591 3 DESIRED -0. 0.13 1. 57. 37. 436. 5. 15.
24.623 3 GPS 0 16602145 0 0 -17000 0 0 2373 121729000 31 0
24.639 3 SVINFO 2 3 1 5 29 -91 0
24.640 3 ATTITUDE 0. 0. 0.
24.640 3 ESTIMATOR 359.224243 -8.715065
24.719 3 ATTITUDE 0. 0. 0.
24.751 3 DL_VALUE 17 70.
24.752 3 WP_MOVED 6 641754.875 5474698.5 466. 32
24.799 3 DESIRED -0. 0.13 1. 57. 37. 436. 5. 15.
24.815 3 ATTITUDE 0. 0. 0.
24.879 3 GPS 0 16602145 0 0 -17000 0 0 2373 121729200 31 0
24.879 3 SVINFO 3 8 1 2 42 -91 0
24.911 3 ATTITUDE 0. 0. 0.
24.992 3 DESIRED -0. 0.13 1. 57. 37. 436. 5. 15.
25.007 3 IMU_GYRO 1 0.264648 -0.173828 -0.286133
25.023 3 ATTITUDE 0. 0. 0.
25.055 3 AIRSPEED 0. 0. 0. 0.
25.087 3 LINK_REPORT 3 -1 25 0 23660 989 0 928. 39. 4 72.64
25.136 3 GPS 0 16602145 0 0 -17000 0 0 2373 121729400 31 0
25.137 3 SVINFO 4 27 1 2 42 -91 0
25.137 3 ATTITUDE 0. 0. 0.
25.166 3 ENERGY 0 12.301965 0. 0. 0. 0. 0.
25.167 3 CIRCLE 2.8 -28.299999 60.
25.168 3 ESTIMATOR 359.224243 -8.715065
25.214 3 PPRZ_MODE 0 3 3 2 0 17
25.214 3 DESIRED -0. 0.13 1. 57. 37. 436. 5. 15.
25.215 3 IMU_ACCEL 1 0.050781 1.399414 -9.492188
25.215 3 ATTITUDE 0. 0. 0.
25.246 3 ALIVE 145,115,202,48,58,98,65,226,133,89,229,247,5,28,246,0
25.262 3 WP_MOVED 7 641788.1875 5474495. 446. 32
25.310 3 ATTITUDE 0. 0. 0.
25.358 3 NAVIGATION 10 0 0. 0. 0. 0. 0 27 27 1 0 0
25.376 3 GPS 0 16602145 0 0 -17000 0 0 2373 121729600 31 0
25.377 3 SVINFO 5 123 0 5 37 -91 0
25.405 3 DESIRED -0. 0.13 1. 57. 37. 436. 5. 15.
25.421 3 ATTITUDE 0. 0. 0.
25.518 3 ATTITUDE 0. 0. 0.
25.550 3 FBW_STATUS 0 45 0 12.30815 0.
25.598 3 DESIRED -0. 0.13 1. 57. 37. 436. 5. 15.
25.599 3 IMU_GYRO 1 -0.2229 -0.098389 -0.184082
25.644 3 GPS 0 16602145 0 0 -17000 0 0 2373 121730000 31 0
25.645 3 SVINFO 6 26 0 5 37 -91 0
25.646 3 ATTITUDE 0. 0. 0.
25.646 3 ESTIMATOR 353.891418 -6.790338
25.676 3 PONG 
25.692 3 IMU_MAG 0 0. 0. 0.
25.724 3 ATTITUDE 0. 0. 0.
25.740 3 WP_MOVED 8 641844.1875 5474504.5 446. 32
25.788 3 DESIRED -0. 0.13 1. 57. 37. 436. 5. 15.
25.820 3 ATTITUDE 0. 0. 0.
25.886 3 GPS 0 16602145 0 0 -17000 0 0 2373 121730200 31 0
25.887 3 SVINFO 7 33 0 4 36 -91 0
25.888 3 CALIBRATION 0. 0
25.915 3 STATE_FILTER_STATUS 6 5 0
25.932 3 ATTITUDE 0. 0. 0.
25.996 3 DESIRED -0. 0.13 1. 57. 37. 436. 5. 15.
25.997 3 IMU_ACCEL 1 2.039062 0.058594 -8.131836
26.012 3 ATTITUDE 0. 0. 0.
26.044 3 AIRSPEED 0. 0. 0. 0.
26.088 3 LINK_REPORT 3 -1 26 0 24627 1030 0 967. 41. 5 102.52
26.124 3 GPS 0 16602145 0 0 -17000 0 0 2373 121730400 31 0
26.140 3 SVINFO 8 47 1 3 43 -91 0
26.141 3 ATTITUDE 0. 0. 0.
26.156 3 GPS_SOL 429496729 99900 9999 0
26.157 3 ESTIMATOR 353.891418 -6.790338
26.172 3 FBW_STATUS 0 45 0 12.30815 0.
26.215 3 DESIRED -0. 0.13 1. 57. 37. 436. 5. 15.
26.216 3 IMU_GYRO 1 0.000244 -0.053711 -0.008301
26.217 3 CIRCLE 2.8 -28.299999 60.
26.217 3 ATTITUDE 0. 0. 0.
26.247 3 ENERGY 0 12.301965 0. 0. 0. 0. 0.
26.263 3 DL_VALUE 18 0.
26.264 3 WP_MOVED 9 641814.5 5474703. 476. 32
26.311 3 ATTITUDE 0. 0. 0.
26.360 3 NAVIGATION 10 0 0. 0. 0. 0. 0 28 28 1 0 0
26.375 3 GPS 0 16602145 0 0 -17000 0 0 2373 121730600 31 0
26.375 3 SVINFO 9 33 0 7 39 -91 0
26.391 3 DESIRED -0. 0.13 1. 57. 37. 436. 5. 15.
26.407 3 PPRZ_MODE 1 3 3 2 0 21
26.423 3 ATTITUDE 0. 0. 0.
26.519 3 ATTITUDE 0. 0. 0.
26.600 3 DESIRED -0. 0.13 1. 57. 37. 436. 5. 15.
26.642 3 GPS 0 16602145 0 0 -17000 0 0 2373 121731000 31 0
26.643 3 SVINFO 10 47 1 5 45 -91 0
26.644 3 ATTITUDE 0. 0. 0.
26.644 3 ESTIMATOR 353.891418 -6.790338
26.721 3 ATTITUDE 0. 0. 0.
26.753 3 COMMANDS 0,-34,1817
26.754 3 WP_MOVED 10 641786.375 5474701. 476. 32
26.815 3 DESIRED -0. 0.13 1. 57. 37. 436. 5. 15.
26.816 3 IMU_ACCEL 1 0.614258 -0.351562 -8.795898
26.816 3 IMU_GYRO 1 -0.188232 -0.736816 -0.206299
26.816 3 ATTITUDE 0. 0. 0.
26.879 3 GPS 0 16602145 0 0 -17000 0 0 2373 121731200 31 0
26.880 3 SVINFO 11 47 1 4 44 -91 0
26.910 3 ATTITUDE 0. 0. 0.
26.991 3 DESIRED -0. 0.13 1. 57. 37. 436. 5. 15.
27.007 3 IMU_MAG 0 0. 0. 0.
27.023 3 ATTITUDE 0. 0. 0.
27.055 3 AIRSPEED 0. 0. 0. 0.
27.089 3 LINK_REPORT 3 -1 27 0 25583 1070 0 956. 40. 5 102.52
27.135 3 GPS 0 16602145 0 0 -17000 0 0 2373 121731400 31 0
27.136 3 SVINFO 12 48 1 5 45 -91 0
27.137 3 ATTITUDE 0. 0. 0.
27.151 3 ESTIMATOR 353.891418 -6.790338
27.199 3 DESIRED -0. 0.13 1. 57. 37. 436. 5. 15.
27.215 3 ATTITUDE 0. 0. 0.
27.263 3 CIRCLE 2.8 -28.299999 60.
27.264 3 WP_MOVED 11 641807.5 5474574.5 436. 32
27.311 3 ATTITUDE 0. 0. 0.
27.343 3 ENERGY 0 12.30815 0. 0. 0. 0. 0.
27.359 3 NAVIGATION 10 0 0. 0. 0. 0. 0 29 29 1 0 0
27.374 3 GPS 0 16602145 0 0 -17000 0 0 2373 121731600 31 0
27.390 3 SVINFO 13 255 1 4 44 -91 0
27.406 3 DESIRED -0. 0.13 1. 57. 37. 436. 5. 15.
27.407 3 IMU_GYRO 1 0.097656 2.533936 -1.05127
27.423 3 ATTITUDE 0. 0. 0.
27.519 3 ATTITUDE 0. 0. 0.
27.551 3 FBW_STATUS 0 45 1 12.301965 0.
27.599 3 DESIRED -0. 0.13 1. 57. 37. 436. 5. 15.
27.600 3 IMU_ACCEL 1 0. -0.112305 -7.498047
27.631 3 GPS 0 16602145 0 0 -17000 0 0 2373 121732000 31 0
27.647 3 SVINFO 14 255 1 0 40 -91 0
27.648 3 ATTITUDE 0. 0. 0.
27.649 3 ESTIMATOR 352.808258 -3.538034
27.711 3 ATTITUDE 0. 0. 0.
27.743 3 DL_VALUE 19 2.
27.759 3 WP_MOVED 0 641794. 5474653. 436. 32
27.775 3 DATALINK_REPORT 2 5 0 938 0 0
27.807 3 DESIRED -0. 0.13 1. 57. 37. 436. 5. 15.
27.823 3 ATTITUDE 0. 0. 0.
27.879 3 GPS 0 16602145 0 0 -17000 0 0 2373 121732200 31 0
27.888 3 SVINFO 15 255 1 0 40 -91 0
27.919 3 ATTITUDE 0. 0. 0.
28.013 3 CALIBRATION 0. 0
28.013 3 DESIRED -0. 0.13 1. 57. 37. 436. 5. 15.
28.014 3 IMU_GYRO 1 -0.117432 0.104004 -0.144043
28.014 3 ATTITUDE 0. 0. 0.
28.045 3 AIRSPEED 0. 0. 0. 0.
28.090 3 LINK_REPORT 3 -1 28 0 26502 1108 0 919. 38. 5 102.52
28.108 3 STATE_FILTER_STATUS 6 2 0
28.125 3 GPS 0 16602145 0 0 -17000 0 0 2373 121732400 31 0
28.141 3 SVINFO 1 2 0 7 39 -91 0
28.141 3 ATTITUDE 0. 0. 0.
28.157 3 GPS_SOL 429496729 99900 9999 0
28.157 3 ESTIMATOR 352.808258 -3.538034
28.158 3 FBW_STATUS 0 45 1 12.301965 0.
28.189 3 DESIRED -0. 0.13 1. 57. 37. 436. 5. 15.
28.221 3 ATTITUDE 0. 0. 0.
28.253 3 WP_MOVED 1 641794. 5474653. 436. 32
28.254 3 COMMANDS 0,-34,1817
28.301 3 IMU_MAG 0 0. 0. 0.
28.301 3 CIRCLE 2.8 -28.299999 60.
28.317 3 ATTITUDE 0. 0. 0.
28.349 3 NAVIGATION 10 0 0. 0. 0. 0. 0 30 30 1 0 0
28.381 3 GPS 0 16602145 0 0 -17000 0 0 2373 121732600 31 0
28.382 3 SVINFO 3 8 1 3 43 -91 0
28.397 3 DESIRED -0. 0.13 1. 57. 37. 436. 5. 15.
28.397 3 IMU_ACCEL 1 -0.742188 -0.363281 -9.709961
28.428 3 ATTITUDE 0. 0. 0.
28.445 3 ENERGY 0 12.30815 0. 0. 0. 0. 0.
28.525 3 ATTITUDE 0. 0. 0.
28.605 3 DESIRED -0. 0.13 1. 57. 37. 436. 5. 15.
28.606 3 IMU_GYRO 1 -0.035645 -0.525146 0.276855
28.637 3 GPS 0 16602145 0 0 -17000 0 0 2373 121733000 31 0
28.638 3 SVINFO 5 27 1 2 42 -91 0
28.639 3 ATTITUDE 0. 0. 0.
28.653 3 ESTIMATOR 352.808258 -3.538034
28.717 3 ATTITUDE 0. 0. 0.
28.749 3 WP_MOVED 2 641796.8125 5474624.5 436. 32
28.797 3 DESIRED -0. 0.13 1. 57. 37. 436. 5. 15.
28.813 3 ATTITUDE 0. 0. 0.
28.877 3 GPS 0 16602145 0 0 -17000 0 0 2373 121733200 31 0
28.877 3 SVINFO 7 123 0 7 39 -91 0
28.908 3 ATTITUDE 0. 0. 0.
28.990 3 DESIRED -0. 0.13 1. 57. 37. 436. 5. 15.
29.021 3 ATTITUDE 0. 0. 0.
29.053 3 AIRSPEED 0. 0. 0. 0.
29.090 3 LINK_REPORT 3 -1 29 0 27422 1146 0 920. 38. 5 102.52
29.144 3 GPS 0 16602145 0 0 -17000 0 0 2373 121733400 31 0
29.145 3 SVINFO 10 33 1 0 40 -91 0
29.146 3 ATTITUDE 0. 0. 0.
29.146 3 ESTIMATOR 352.808258 -3.538034
29.219 3 DESIRED -0. 0.13 1. 57. 37. 436. 5. 15.
29.220 3 IMU_ACCEL 1 -0.646484 -1.630859 -7.474609
29.220 3 IMU_GYRO 1 -0.196777 -0.016357 -0.708008
29.221 3 PPRZ_MODE 0 3 3 2 0 17
29.221 3 ATTITUDE 0. 0. 0.
29.250 3 NAVIGATION_REF 641794 5474653 32 356.
29.266 3 DL_VALUE 20 0.
29.267 3 WP_MOVED 3 641820. 5474501. 446. 32
29.267 3 ACTUATORS 1040,1541,1462
29.331 3 LOGGER_STATUS 1 0 8192 PPRZ\pprzlog_0157.LOG,FLIGHT_RECORDER\fr_0153.LOG
29.332 3 ATTITUDE 0. 0. 0.
29.346 3 CIRCLE 2.8 -28.299999 60.
29.363 3 NAVIGATION 10 0 0. 0. 0. 0. 0 31 31 1 0 0
29.378 3 GPS 0 16602145 0 0 -17000 0 0 2373 121733600 31 0
29.378 3 SVINFO 12 48 1 6 30 -91 0
29.394 3 DESIRED -0. 0.13 1. 57. 37. 436. 5. 15.
29.426 3 ATTITUDE 0. 0. 0.
29.523 3 ATTITUDE 0. 0. 0.
29.613 3 ENERGY 0 12.30815 0. 0. 0. 0. 0.
29.614 3 FBW_STATUS 0 45 0 12.30815 0.
29.642 3 DESIRED -0. 0.13 1. 57. 37. 436. 5. 15.
29.643 3 IMU_MAG 0 0. 0. 0.
29.643 3 GPS 0 16602145 0 0 -17000 0 0 2373 121734000 31 0
29.644 3 SVINFO 14 255 0 7 39 -91 0
29.644 3 ATTITUDE 0. 0. 0.
29.658 3 ESTIMATOR 352.808258 -3.538034
29.722 3 ATTITUDE 0. 0. 0.
29.754 3 WP_MOVED 4 641757.8125 5474491. 446. 32
29.802 3 DESIRED -0. 0.13 1. 57. 37. 436. 5. 15.
29.803 3 IMU_GYRO 1 -0.397461 -0.746338 -2.116455
29.818 3 ATTITUDE 0. 0. 0.
29.886 3 GPS 0 16602145 0 0 -17000 0 0 2373 121734200 31 0
29.888 3 SVINFO 16 255 0 6 38 -91 0
29.913 3 ATTITUDE 0. 0. 0.
29.994 3 DESIRED -0. 0.13 1. 57. 37. 436. 5. 15.
30.010 3 IMU_ACCEL 1 2.879883 -3.026367 -9.166992
30.011 3 ATTITUDE 0. 0. 0.
30.042 3 AIRSPEED 0. 0. 0. 0.
30.090 3 PPRZ_MODE 0 3 3 2 0 17
30.091 3 CALIBRATION 0. 0
30.091 3 LINK_REPORT 3 -1 30 0 28492 1190 0 1070. 44. 5 102.52
30.138 3 GPS 0 16602145 0 0 -17000 0 0 2373 121734400 31 0
30.139 3 SVINFO 2 3 0 3 35 -91 0
30.139 3 ATTITUDE 0. 0. 0.
30.170 3 GPS_SOL 429496729 99900 9999 0
30.171 3 ESTIMATOR 352.808258 -3.538034
30.171 3 FBW_STATUS 0 45 0 12.301965 0.
30.202 3 DESIRED -0. 0.13 1. 57. 37. 436. 5. 15.
30.218 3 ATTITUDE 0. 0. 0.
30.250 3 WP_MOVED 5 641729. 5474694.5 466. 32
30.298 3 STATE_FILTER_STATUS 6 2 0
30.330 3 ATTITUDE 0. 0. 0.
30.346 3 ALIVE 145,115,202,48,58,98,65,226,133,89,229,247,5,28,246,0
30.362 3 NAVIGATION 10 0 0. 0. 0. 0. 0 32 32 1 0 0
30.381 3 GPS 0 16602145 0 0 -17000 0 0 2373 121734600 31 0
30.382 3 SVINFO 4 10 0 4 36 -91 0
30.423 3 DESIRED -0. 0.13 1. 57. 37. 436. 5. 15.
30.423 3 IMU_GYRO 1 -1.147705 -0.564453 -1.236084
30.424 3 CIRCLE 2.8 -28.299999 60.
30.424 3 ATTITUDE 0. 0. 0.
30.519 3 ATTITUDE 0. 0. 0.
30.599 3 DESIRED -0. 0.13 1. 57. 37. 436. 5. 15.
30.642 3 PONG 
30.643 3 GPS 0 16602145 0 0 -17000 0 0 2373 121735000 31 0
30.643 3 SVINFO 6 27 0 2 34 -91 0
30.644 3 ATTITUDE 0. 0. 0.
30.644 3 ENERGY 0 12.289595 0. 0. 0. 0. 0.
30.658 3 ESTIMATOR 353.543823 -1.10191
30.722 3 ATTITUDE 0. 0. 0.
30.754 3 DL_VALUE 21 0.
30.755 3 WP_MOVED 6 641754.875 5474698.5 466. 32
30.803 3 DESIRED -0. 0.13 1. 57. 37. 436. 5. 15.
30.804 3 IMU_ACCEL 1 4.405273 -0.538086 -10.591797
30.818 3 ATTITUDE 0. 0. 0.
30.882 3 GPS 0 16602145 0 0 -17000 0 0 2373 121735200 31 0
30.882 3 SVINFO 8 123 0 0 32 -91 0
30.898 3 IMU_MAG 0 0. 0. 0.
30.914 3 ATTITUDE 0. 0. 0.
30.995 3 DESIRED -0. 0.13 1. 57. 37. 436. 5. 15.
31.011 3 IMU_GYRO 1 0.341797 1.228271 -0.424561
31.027 3 ATTITUDE 0. 0. 0.
31.043 3 AIRSPEED 0. 0. 0. 0.
31.092 3 LINK_REPORT 3 -1 31 0 29464 1231 0 972. 41. 6 68.49
31.139 3 GPS 0 16602145 0 0 -17000 0 0 2373 121735400 31 0
31.140 3 SVINFO 11 33 0 5 37 -91 0
31.141 3 ATTITUDE 0. 0. 0.
31.141 3 ESTIMATOR 354.661713 -0.063939
31.187 3 DESIRED -0. 0.13 1. 57. 37. 436. 5. 15.
31.219 3 ATTITUDE 0. 0. 0.
31.251 3 WP_MOVED 7 641788.1875 5474495. 446. 32
31.315 3 ATTITUDE 0. 0. 0.
31.347 3 NAVIGATION 10 0 0. 0. 0. 0. 0 33 33 1 0 0
31.382 3 GPS 0 16602145 0 0 -17000 0 0 2373 121735600 31 0
31.383 3 SVINFO 13 48 0 7 23 -91 0
31.395 3 DESIRED -0. 0.13 1. 57. 37. 436. 5. 15.
31.410 3 ATTITUDE 0. 0. 0.
31.442 3 CIRCLE 2.8 -28.299999 60.
31.523 3 ATTITUDE 0. 0. 0.
31.555 3 FBW_STATUS 0 45 0 12.30815 0.
31.616 3 DESIRED -0. 0.13 1. 57. 37. 436. 5. 15.
31.617 3 IMU_ACCEL 1 4.395508 -4.892578 -7.30957
31.617 3 IMU_GYRO 1 1.294678 -0.479248 0.342773
31.644 3 GPS 0 16602145 0 0 -17000 0 0 2373 121736000 31 0
31.645 3 SVINFO 15 255 1 1 25 -91 0
31.645 3 ATTITUDE 0. 0. 0.
31.646 3 ESTIMATOR 355.302551 0.339026
31.724 3 ATTITUDE 0. 0. 0.
31.740 3 ENERGY 0 12.30815 0. 0. 0. 0. 0.
31.756 3 COMMANDS 0,-36,1020
31.772 3 WP_MOVED 8 641844.1875 5474504.5 446. 32
31.788 3 DESIRED -0. 0.13 1. 57. 37. 436. 5. 15.
31.820 3 ATTITUDE 0. 0. 0.
31.884 3 GPS 0 16602145 0 0 -17000 0 0 2373 121736200 31 0
31.885 3 SVINFO 17 255 1 4 28 -91 0
31.915 3 ATTITUDE 0. 0. 0.
31.996 3 DESIRED -0. 0.13 1. 57. 37. 436. 5. 15.
32.012 3 ATTITUDE 0. 0. 0.
32.044 3 AIRSPEED 0. 0. 0. 0.
32.092 3 LINK_REPORT 3 -1 32 0 30332 1266 0 868. 35. 6 68.49
32.124 3 GPS 0 16602145 0 0 -17000 0 0 2373 121736400 31 0
32.140 3 SVINFO 0 1 0 1 33 -91 0
32.141 3 ATTITUDE 0. 0. 0.
32.172 3 GPS_SOL 429496729 99900 9999 0
32.173 3 ESTIMATOR 355.426239 0.291878
32.173 3 FBW_STATUS 0 45 0 12.30815 0.
32.214 3 CALIBRATION 0. 0
32.215 3 DESIRED -0. 0.13 1. 57. 37. 436. 5. 15.
32.215 3 IMU_GYRO 1 -0.003174 -0.062256 -0.098389
32.216 3 IMU_MAG 0 0. 0. 0.
32.216 3 ATTITUDE 0. 0. 0.
32.246 3 DL_VALUE 22 0.
32.247 3 WP_MOVED 9 641814.5 5474703. 476. 32
32.310 3 ATTITUDE 0. 0. 0.
32.359 3 NAVIGATION 10 0 0. 0. 0. 0. 0 34 34 1 0 0
32.380 3 GPS 0 16602145 0 0 -17000 0 0 2373 121736600 31 0
32.380 3 SVINFO 2 3 1 3 27 -91 0
32.406 3 DESIRED -0. 0.13 1. 57. 37. 436. 5. 15.
32.407 3 IMU_ACCEL 1 3.339844 -7.18457 -5.766602
32.422 3 ATTITUDE 0. 0. 0.
32.502 3 CIRCLE 2.8 -28.299999 60.
32.518 3 STATE_FILTER_STATUS 6 5 0
32.519 3 ATTITUDE 0. 0. 0.
32.599 3 DESIRED -0. 0.13 1. 57. 37. 436. 5. 15.
32.642 3 GPS 0 16602145 0 0 -17000 0 0 2373 121737000 31 0
32.643 3 SVINFO 4 10 1 7 31 -91 0
32.643 3 ATTITUDE 0. 0. 0.
32.644 3 ESTIMATOR 355.551483 0.262552
32.722 3 ATTITUDE 0. 0. 0.
32.758 3 WP_MOVED 10 641786.375 5474701. 476. 32
32.802 3 DESIRED -0. 0.13 1. 57. 37. 436. 5. 15.
32.803 3 IMU_GYRO 1 -0.023193 -0.019043 -0.019043
32.817 3 ATTITUDE 0. 0. 0.
32.850 3 ENERGY 0 12.30815 0. 0. 0. 0. 0.
32.892 3 DATALINK_REPORT 2 6 0 35858 0 0
32.893 3 GPS 0 16602145 0 0 -17000 0 0 2373 121737200 31 0
32.894 3 SVINFO 6 27 1 1 41 -91 0
32.924 3 ATTITUDE 0. 0. 0.
32.988 3 DESIRED -0. 0.13 1. 57. 37. 436. 5. 15.
33.020 3 ATTITUDE 0. 0. 0.
33.052 3 AIRSPEED 0. 0. 0. 0.
33.093 3 LINK_REPORT 3 -1 33 0 31303 1307 0 971. 41. 6 68.49
33.143 3 GPS 0 16602145 0 0 -17000 0 0 2373 121737400 31 0
33.145 3 SVINFO 9 7 0 0 32 -91 0
33.145 3 ATTITUDE 0. 0. 0.
33.145 3 ESTIMATOR 355.551483 0.262552
33.207 3 DESIRED -0. 0.13 1. 57. 37. 436. 5. 15.
33.208 3 IMU_ACCEL 1 3.069336 -6.958984 -5.613281
33.223 3 ATTITUDE 0. 0. 0.
33.255 3 WP_MOVED 11 641807.5 5474574.5 436. 32
33.256 3 COMMANDS 0,-36,1020
33.271 3 AUTOPILOT_VERSION 60400 v6.4.0_stable
33.303 3 PPRZ_MODE 1 3 3 2 0 21
33.335 3 ATTITUDE 0. 0. 0.
33.351 3 NAVIGATION 10 0 0. 0. 0. 0. 0 35 35 1 0 0
33.384 3 GPS 0 16602145 0 0 -17000 0 0 2373 121737600 31 0
33.385 3 SVINFO 11 33 1 2 26 -91 0
33.399 3 DESIRED -0. 0.13 1. 57. 37. 436. 5. 15.
33.400 3 IMU_GYRO 1 -0.05957 0.027832 -0.031738
33.447 3 ATTITUDE 0. 0. 0.
33.495 3 IMU_MAG 0 0. 0. 0.
33.527 3 ATTITUDE 0. 0. 0.
33.543 3 FBW_STATUS 0 45 1 12.30815 0.
33.559 3 CIRCLE 2.8 -28.299999 60.
33.592 3 DESIRED -0. 0.13 1. 57. 37. 436. 5. 15.
33.640 3 GPS 0 16602145 0 0 -17000 0 0 2373 121738000 31 0
33.641 3 SVINFO 13 48 1 6 30 -91 0
33.641 3 ATTITUDE 0. 0. 0.
33.641 3 ESTIMATOR 355.427155 0.096011
33.719 3 ATTITUDE 0. 0. 0.
33.751 3 DL_VALUE 23 0.
33.752 3 WP_MOVED 0 641794. 5474653. 436. 32
33.800 3 DESIRED -0. 0.13 1. 57. 37. 436. 5. 15.
33.815 3 ATTITUDE 0. 0. 0.
33.883 3 GPS 0 16602145 0 0 -17000 0 0 2373 121738200 31 0
33.884 3 SVINFO 15 255 0 3 35 -91 0
33.911 3 ATTITUDE 0. 0. 0.
33.944 3 ENERGY 0 12.30815 0. 0. 0. 0. 0.
34.018 3 DESIRED -0. 0.13 1. 57. 37. 436. 5. 15.
34.019 3 IMU_ACCEL 1 3.349609 -6.696289 -5.891602
34.019 3 IMU_GYRO 1 -0.164307 0.031494 -0.015381
34.019 3 ATTITUDE 0. 0. 0.
34.050 3 AIRSPEED 0. 0. 0. 0.
34.094 3 LINK_REPORT 3 -1 34 0 32287 1348 0 984. 41. 6 68.49
34.143 3 GPS 0 16602145 0 0 -17000 0 0 2373 121738400 31 0
34.144 3 SVINFO 18 255 1 0 24 -91 0
34.144 3 ATTITUDE 0. 0. 0.
34.159 3 GPS_SOL 429496729 99900 9999 0
34.159 3 ESTIMATOR 355.427155 0.096011
34.175 3 FBW_STATUS 0 45 1 12.30815 0.
34.191 3 DESIRED -0. 0.13 1. 57. 37. 436. 5. 15.
34.223 3 ATTITUDE 0. 0. 0.
34.255 3 WP_MOVED 1 641794. 5474653. 436. 32
34.256 3 ACTUATORS 1040,1572,1431
34.287 3 CALIBRATION 0. 0
34.319 3 ATTITUDE 0. 0. 0.
34.351 3 NAVIGATION 10 0 0. 0. 0. 0. 0 36 36 1 0 0
34.382 3 GPS 0 16602145 0 0 -17000 0 0 2373 121738600 31 0
34.383 3 SVINFO 20 255 1 6 30 -91 0
34.398 3 DESIRED -0. 0.13 1. 57. 37. 436. 5. 15.
34.431 3 LOGGER_STATUS 1 0 40960 PPRZ\pprzlog_0157.LOG,FLIGHT_RECORDER\fr_0153.LOG
34.432 3 ATTITUDE 0. 0. 0.
34.511 3 ATTITUDE 0. 0. 0.
34.617 3 DESIRED -0. 0.13 1. 57. 37. 436. 5. 15.
34.619 3 IMU_GYRO 1 -1.226318 -1.033203 0.398193
34.619 3 CIRCLE 2.8 -28.299999 60.
34.643 3 GPS 0 16602145 0 0 -17000 0 0 2373 121739000 31 0
34.645 3 SVINFO 1 2 0 2 34 -91 0
34.645 3 ATTITUDE 0. 0. 0.
34.645 3 ESTIMATOR 355.498718 0.081693
34.707 3 STATE_FILTER_STATUS 6 5 0
34.723 3 ATTITUDE 0. 0. 0.
34.739 3 WP_MOVED 2 641796.8125 5474624.5 436. 32
34.814 3 DESIRED -0. 0.13 1. 57. 37. 436. 5. 15.
34.815 3 IMU_ACCEL 1 -1.814453 -1.754883 -8.042969
34.816 3 IMU_MAG 0 0. 0. 0.
34.816 3 ATTITUDE 0. 0. 0.
34.887 3 GPS 0 16602145 0 0 -17000 0 0 2373 121739200 31 0
34.888 3 SVINFO 3 8 0 3 35 -91 0
34.910 3 ATTITUDE 0. 0. 0.
34.990 3 PPRZ_MODE 1 3 3 2 0 21
35.007 3 DESIRED -0. 0.13 1. 57. 37. 436. 5. 15.
35.022 3 ATTITUDE 0. 0. 0.
35.038 3 ENERGY 0 12.30815 0. 0. 0. 0. 0.
35.054 3 AIRSPEED 0. 0. 0. 0.
35.094 3 LINK_REPORT 3 -1 35 0 33298 1389 0 1011. 41. 6 68.49
35.145 3 GPS 0 16602145 0 0 -17000 0 0 2373 121739400 31 0
35.145 3 SVINFO 6 27 0 1 33 -91 0
35.146 3 ATTITUDE 0. 0. 0.
35.146 3 ESTIMATOR 355.306152 -0.061337
35.193 3 DESIRED -0. 0.13 1. 57. 37. 436. 5. 15.
35.208 3 IMU_GYRO 1 -0.634033 -0.313232 -0.166016
35.209 3 ATTITUDE 0. 0. 0.
35.256 3 DL_VALUE 24 0.
35.257 3 WP_MOVED 3 641820. 5474501. 446. 32
35.320 3 ATTITUDE 0. 0. 0.
35.353 3 NAVIGATION 10 0 0. 0. 0. 0. 0 37 37 1 0 0
35.369 3 GPS 0 16602145 0 0 -17000 0 0 2373 121739600 31 0
35.384 3 SVINFO 8 123 1 7 31 -91 0
35.400 3 DESIRED -0. 0.13 1. 57. 37. 436. 5. 15.
35.416 3 ALIVE 145,115,202,48,58,98,65,226,133,89,229,247,5,28,246,0
35.432 3 ATTITUDE 0. 0. 0.
35.513 3 ATTITUDE 0. 0. 0.
35.545 3 FBW_STATUS 0 45 1 12.301965 0.
35.593 3 DESIRED -0. 0.13 1. 57. 37. 436. 5. 15.
35.609 3 IMU_ACCEL 1 -1.347656 -0.869141 -10.115234
35.625 3 PONG 
35.625 3 GPS 0 16602145 0 0 -17000 0 0 2373 121740000 31 0
35.641 3 SVINFO 10 7 1 7 31 -91 0
35.642 3 ATTITUDE 0. 0. 0.
35.657 3 CIRCLE 2.8 -28.299999 60.
35.658 3 ESTIMATOR 355.306152 -0.061337
35.721 3 ATTITUDE 0. 0. 0.
35.753 3 WP_MOVED 4 641757.8125 5474491. 446. 32
35.801 3 DESIRED -0. 0.13 1. 57. 37. 436. 5. 15.
35.802 3 IMU_GYRO 1 0.460938 0.459473 -0.859863
35.817 3 ATTITUDE 0. 0. 0.
35.882 3 GPS 0 60976666 506986763 0 10883671 0 0 2373 121740200 29 0
35.882 3 SVINFO 12 26 0 3 35 -91 0
35.913 3 ATTITUDE 0. 0. 0.
35.993 3 DESIRED -0. 0.13 1. 57. 37. 436. 5. 15.
36.009 3 ATTITUDE 0. 0. 0.
36.041 3 AIRSPEED 0. 0. 0. 0.
36.089 3 IMU_MAG 0 0. 0. 0.
36.095 3 LINK_REPORT 3 -1 36 0 34206 1427 0 908. 38. 7 50.32
36.137 3 GPS 0 62616422 505473332 0 10832018 0 0 2373 121740400 29 0
36.139 3 SVINFO 15 48 1 2 26 -91 0
36.139 3 ATTITUDE 0. 0. 0.
36.167 3 ENERGY 0 12.30815 0. 0. 0. 0. 0.
36.169 3 GPS_SOL 429496729 99900 9999 0
36.169 3 ESTIMATOR 355.261108 -0.053206
36.169 3 FBW_STATUS 0 45 1 12.30815 0.
36.200 3 DESIRED -0. 0.13 1. 57. 37. 436. 5. 15.
36.215 3 ATTITUDE 0. 0. 0.
36.247 3 WP_MOVED 5 641729. 5474694.5 466. 32
36.311 3 ATTITUDE 0. 0. 0.
36.360 3 NAVIGATION 10 0 0. 0. 0. 0. 0 38 38 1 0 0
36.387 3 GPS 0 62626524 505469677 0 10831889 0 0 2373 121740600 29 0
36.388 3 SVINFO 17 24 0 0 32 -91 0
36.417 3 CALIBRATION 0. 0
36.418 3 DESIRED -0. 0.13 1. 57. 37. 436. 5. 15.
36.419 3 IMU_ACCEL 1 2.716797 -3.350586 -8.570312
36.420 3 IMU_GYRO 1 -0.11792 0.303955 0.03418
36.420 3 ATTITUDE 0. 0. 0.
36.513 3 ATTITUDE 0. 0. 0.
36.594 3 DESIRED -0. 0.13 1. 57. 37. 436. 5. 15.
36.626 3 GPS 0 62646727 505462366 0 10831632 0 0 2373 121741000 29 0
36.642 3 SVINFO 19 255 0 6 22 -91 0
36.642 3 ATTITUDE 0. 0. 0.
36.643 3 ESTIMATOR 355.287262 -0.0263
36.674 3 PPRZ_MODE 0 3 3 2 0 17
36.690 3 CIRCLE 2.8 -28.299999 60.
36.722 3 ATTITUDE 0. 0. 0.
36.754 3 COMMANDS 0,-36,1020
36.754 3 DL_VALUE 25 0.
36.755 3 WP_MOVED 6 641754.875 5474698.5 466. 32
36.786 3 DESIRED -0. 0.13 1. 57. 37. 436. 5. 15.
36.818 3 ATTITUDE 0. 0. 0.
36.886 3 GPS 0 62656829 505458709 0 10831503 0 0 2373 121741200 29 0
36.886 3 SVINFO 21 255 0 0 32 -91 0
36.913 3 STATE_FILTER_STATUS 6 5 0
36.930 3 ATTITUDE 0. 0. 0.
36.994 3 DESIRED -0. 0.13 1. 57. 37. 436. 5. 15.
37.010 3 IMU_GYRO 1 -0.109375 0.155518 0.283203
37.026 3 ATTITUDE 0. 0. 0.
37.042 3 AIRSPEED 0. 0. 0. 0.
37.096 3 LINK_REPORT 3 -1 37 0 35166 1468 0 960. 41. 7 50.32
37.138 3 GPS 0 62672306 505443891 0 10830997 0 0 2373 121741400 29 0
37.139 3 SVINFO 1 2 0 5 37 -91 0
37.147 3 ATTITUDE 0. 0. 0.
37.154 3 ESTIMATOR 355.658234 0.210497
37.202 3 DESIRED -0. 0.13 1. 57. 37. 436. 5. 15.
37.203 3 IMU_ACCEL 1 2.789062 -3.69043 -7.999023
37.218 3 ATTITUDE 0. 0. 0.
37.250 3 ENERGY 0 12.30815 0. 0. 0. 0. 0.
37.266 3 WP_MOVED 7 641788.1875 5474495. 446. 32
37.314 3 ATTITUDE 0. 0. 0.
37.346 3 NAVIGATION 10 0 0. 0. 0. 0. 0 39 39 1 0 0
37.393 3 GPS 0 62682408 505440234 0 10830868 0 0 2373 121741600 29 0
37.395 3 SVINFO 3 8 0 5 37 -91 0
37.395 3 DESIRED -0. 0.13 1. 57. 37. 436. 5. 15.
37.426 3 IMU_MAG 0 0. 0. 0.
37.426 3 ATTITUDE 0. 0. 0.
37.522 3 ATTITUDE 0. 0. 0.
37.554 3 FBW_STATUS 0 45 0 12.30815 0.
37.603 3 DESIRED -0. 0.13 1. 57. 37. 436. 5. 15.
37.604 3 IMU_GYRO 1 -0.132324 0.026123 0.122559
37.645 3 GPS 0 62702610 505432920 0 10830611 0 0 2373 121742000 29 0
37.646 3 SVINFO 5 14 0 6 22 -91 0
37.646 3 ATTITUDE 0. 0. 0.
37.647 3 ESTIMATOR 355.658234 0.210497
37.724 3 ATTITUDE 0. 0. 0.
37.756 3 CIRCLE 2.8 -28.299999 60.
37.757 3 WP_MOVED 8 641844.1875 5474504.5 446. 32
37.789 3 DESIRED -0. 0.13 1. 57. 37. 436. 5. 15.
37.820 3 ATTITUDE 0. 0. 0.
37.869 3 GPS 0 65917212 502456492 0 10728591 0 0 2373 121742200 29 0
37.891 3 SVINFO 7 29 0 1 17 -91 0
37.916 3 ATTITUDE 0. 0. 0.
37.965 3 DATALINK_REPORT 2 7 0 696 0 0
37.997 3 DESIRED -0. 0.13 1. 57. 37. 436. 5. 15.
37.998 3 IMU_ACCEL 1 1.638672 -2.988281 -9.391602
38.013 3 PPRZ_MODE 1 3 3 2 0 21
38.013 3 ATTITUDE 0. 0. 0.
38.045 3 AIRSPEED 0. 0. 0. 0.
38.097 3 LINK_REPORT 3 -1 38 0 36094 1506 0 928. 38. 7 50.32
38.125 3 GPS 0 61740922 500795630 0 10680378 0 0 2373 121742400 31 0
38.126 3 SVINFO 10 7 1 7 31 -91 0
38.141 3 ATTITUDE 0. 0. 0.
38.157 3 GPS_SOL 429496729 99900 9999 0
38.158 3 ESTIMATOR 355.658234 0.210497
38.173 3 FBW_STATUS 0 45 1 12.30815 0.
38.205 3 DESIRED -0. 0.13 1. 57. 37. 436. 5. 15.
38.206 3 IMU_GYRO 1 -0.578857 -0.322754 -0.172363
38.221 3 ATTITUDE 0. 0. 0.
38.253 3 NAVIGATION_REF 641794 5474653 32 356.
38.254 3 DL_VALUE 26 0.
38.269 3 WP_MOVED 9 641814.5 5474703. 476. 32
38.270 3 COMMANDS 0,-34,1817
38.317 3 ATTITUDE 0. 0. 0.
38.349 3 ENERGY 0 12.301965 0. 0. 0. 0. 0.
38.365 3 NAVIGATION 10 0 0. 0. 0. 0. 0 40 40 1 0 0
38.390 3 GPS 0 28872518 499602733 0 10632311 0 0 2373 121742600 32 0
38.391 3 SVINFO 12 33 1 7 31 -91 0
38.397 3 DESIRED -0. 0.13 1. 57. 37. 436. 5. 15.
38.428 3 ATTITUDE 0. 0. 0.
38.477 3 CALIBRATION 0. 0
38.509 3 ATTITUDE 0. 0. 0.
38.589 3 DESIRED -0. 0.13 1. 57. 37. 436. 5. 15.
38.652 3 GPS 0 69303866 501505446 0 10698073 0 0 2373 121743000 31 0
38.654 3 SVINFO 14 11 0 0 0 -91 0
38.654 3 ATTITUDE 0. 0. 0.
38.654 3 ESTIMATOR 355.378387 -0.075803
38.700 3 IMU_MAG 0 0. 0. 0.
38.716 3 ATTITUDE 0. 0. 0.
38.748 3 WP_MOVED 10 641786.375 5474701. 476. 32
38.825 3 DESIRED -0. 0.13 1. 57. 37. 436. 5. 15.
38.827 3 IMU_ACCEL 1 -3.331055 1.222656 -6.066406
38.827 3 IMU_GYRO 1 -0.270264 0.602051 -0.169678
38.828 3 CIRCLE 2.8 -28.299999 60.
38.828 3 ATTITUDE 0. 0. 0.
38.873 3 GPS 0 62744922 504144755 0 10792280 0 0 2373 121743200 31 0
38.874 3 SVINFO 16 48 1 3 27 -91 0
38.921 3 ATTITUDE 0. 0. 0.
39.002 3 DESIRED -0. 0.13 1. 57. 37. 436. 5. 15.
39.017 3 ATTITUDE 0. 0. 0.
39.049 3 AIRSPEED 0. 0. 0. 0.
39.098 3 PPRZ_MODE 2 3 3 2 0 21
39.098 3 STATE_FILTER_STATUS 6 5 0
39.099 3 LINK_REPORT 3 -1 39 0 37096 1549 0 1002. 43. 7 50.32
39.144 3 GPS 0 62109154 504224746 0 10795386 0 0 2373 121743400 31 0
39.145 3 SVINFO 19 255 1 0 40 -91 0
39.145 3 ATTITUDE 0. 0. 0.
39.146 3 ESTIMATOR 355.378387 -0.075803
39.192 3 DESIRED 0.46 0.35 1. 57. 37. 436. 5. 15.
39.223 3 ATTITUDE 0. 0. 0.
39.256 3 WP_MOVED 11 641807.5 5474574.5 436. 32
39.256 3 ACTUATORS 1040,1533,1153
39.319 3 ATTITUDE 0. 0. 0.
39.352 3 NAVIGATION 10 0 0. 0. 0. 0. 0 41 41 1 0 0
39.393 3 GPS 0 50086856 504079369 0 10794340 0 0 2373 121743600 31 0
39.394 3 SVINFO 21 255 0 5 37 -91 0
39.400 3 DESIRED 0.46 0.35 1. 57. 37. 436. 5. 15.
39.401 3 IMU_GYRO 1 0.082764 0.113525 -0.08667
39.415 3 ATTITUDE 0. 0. 0.
39.447 3 ENERGY 0 12.314335 0. 0. 0. 0. 0.
39.513 3 LOGGER_STATUS 1 0 73728 PPRZ\pprzlog_0157.LOG,FLIGHT_RECORDER\fr_0153.LOG
39.528 3 ATTITUDE 0. 0. 0.
39.544 3 FBW_STATUS 0 45 1 12.301965 0.
39.592 3 DESIRED 0.46 0.35 1. 57. 37. 436. 5. 15.
39.608 3 IMU_ACCEL 1 -1.731445 -0.095703 -11.578125
39.624 3 GPS 0 59341073 504439405 0 10804172 0 0 2373 121744000 31 0
39.640 3 SVINFO 0 1 0 3 35 -91 0
39.641 3 ATTITUDE 0. 0. 0.
39.641 3 ESTIMATOR 355.378387 -0.075803
39.720 3 ATTITUDE 0. 0. 0.
39.752 3 DL_VALUE 27 140.
39.752 3 WP_MOVED 0 641794. 5474653. 436. 32
39.800 3 DESIRED 0.46 0.35 1. 57. 37. 436. 5. 15.
39.816 3 ATTITUDE 0. 0. 0.
39.848 3 CIRCLE 2.8 -28.299999 60.
39.888 3 GPS 0 53568931 504820696 0 10818949 0 0 2373 121744200 31 0
39.888 3 SVINFO 2 3 0 1 33 -91 0
39.889 3 PPRZ_MODE 2 3 3 2 0 21
39.911 3 ATTITUDE 0. 0. 0.
40.018 3 DESIRED 0.46 0.35 1. 57. 37. 436. 5. 15.
40.019 3 IMU_GYRO 1 -0.485107 -0.786865 -0.148926
40.019 3 IMU_MAG 0 0. 0. 0.
40.020 3 ATTITUDE 0. 0. 0.
40.050 3 AIRSPEED 0. 0. 0. 0.
40.098 3 LINK_REPORT 3 -1 40 0 38097 1589 0 1001. 40. 7 50.32
40.144 3 GPS 0 45775400 507403805 0 10905616 0 0 2373 121744400 31 0
40.145 3 SVINFO 5 13 0 0 0 -91 0
40.146 3 ATTITUDE 0. 0. 0.
40.160 3 GPS_SOL 429496729 99900 9999 0
40.161 3 ESTIMATOR 355.378387 -0.075803
40.176 3 FBW_STATUS 0 45 1 12.30815 0.
40.192 3 DESIRED 0.46 0.35 1. 57. 37. 436. 5. 15.
40.208 3 ATTITUDE 0. 0. 0.
40.256 3 WP_MOVED 1 641794. 5474653. 436. 32
40.320 3 ATTITUDE 0. 0. 0.
40.353 3 NAVIGATION 10 0 0. 0. 0. 0. 0 42 42 1 0 0
40.368 3 GPS 0 62280473 498572356 0 10605323 0 0 2373 121744600 31 0
40.393 3 SVINFO 7 27 1 1 41 -91 0
40.400 3 DESIRED 0.46 0.35 1. 57. 37. 436. 5. 15.
40.401 3 IMU_ACCEL 1 -3.029297 0.746094 -6.094727
40.416 3 ATTITUDE 0. 0. 0.
40.513 3 ALIVE 145,115,202,48,58,98,65,226,133,89,229,247,5,28,246,0
40.528 3 ATTITUDE 0. 0. 0.
40.544 3 ENERGY 0 12.314335 0. 0. 0. 0. 0.
40.592 3 CALIBRATION 0.1 0
40.609 3 DESIRED 0.46 0.35 1. 57. 37. 436. 5. 15.
40.610 3 IMU_GYRO 1 0.181152 0.994629 -0.062256
40.625 3 GPS 0 62874030 503027495 0 10754650 0 0 2373 121745000 31 0
40.640 3 SVINFO 9 32 0 5 37 -91 0
40.641 3 ATTITUDE 0. 0. 0.
40.642 3 ESTIMATOR 355.48468 0.028483
40.642 3 PONG 
40.720 3 ATTITUDE 0. 0. 0.
40.753 3 WP_MOVED 2 641796.8125 5474624.5 436. 32
40.801 3 DESIRED 0.46 0.34 1. 57. 37. 436. 5. 15.
40.817 3 PPRZ_MODE 1 3 3 2 0 21
40.832 3 ATTITUDE 0. 0. 0.
40.893 3 GPS 0 64188485 547475493 0 303817 37 -76 2373 121745199 32 0
40.894 3 SVINFO 11 7 1 7 31 -91 0
40.897 3 CIRCLE 2.8 -28.299999 60.
40.912 3 ATTITUDE 0. 0. 0.
40.993 3 DESIRED -0. 0.13 1. 57. 37. 436. 5. 15.
41.025 3 ATTITUDE 0. 0. 0.
41.041 3 AIRSPEED 0. 0. 0. 0.
41.073 3 PPRZ_MODE 0 3 3 2 0 17
41.099 3 LINK_REPORT 3 -1 41 0 39043 1629 0 946. 40. 8 66.35
41.152 3 GPS 0 64188617 547475901 0 302233 34 -50 2373 121745399 32 0
41.153 3 SVINFO 14 47 1 5 29 -91 0
41.153 3 ATTITUDE 0. 0. 0.
41.154 3 ESTIMATOR 355.76532 0.18551
41.214 3 DESIRED -0. 0.13 1. 57. 37. 436. 5. 15.
41.215 3 IMU_ACCEL 1 -1.429688 -1.37207 -9.452148
41.215 3 IMU_GYRO 1 0.031982 0.074219 -0.150391
41.216 3 ATTITUDE 0. 0. 0.
41.246 3 DL_VALUE 28 0.
41.251 3 WP_MOVED 3 641820. 5474501. 446. 32
41.294 3 IMU_MAG 0 0. 0. 0.
41.310 3 STATE_FILTER_STATUS 6 5 0
41.326 3 ATTITUDE 0. 0. 0.
41.358 3 NAVIGATION 10 0 0. 0. 0. 0. 0 43 43 1 0 0
41.374 3 GPS 0 64188594 547475810 0 302414 7 -23 2373 121745600 32 0
41.375 3 SVINFO 16 47 1 5 29 66 114
41.395 3 DESIRED -0. 0.13 1. 57. 37. 436. 5. 15.
41.422 3 ATTITUDE 0. 0. 0.
41.518 3 ATTITUDE 0. 0. 0.
41.550 3 FBW_STATUS 0 45 0 12.30815 0.
41.598 3 DESIRED -0. 0.13 1. 57. 37. 436. 5. 15.
41.644 3 GPS 0 64188466 547475427 0 305327 37 -122 2373 121746000 32 0
41.645 3 SVINFO 18 24 0 6 38 72 356
41.646 3 ATTITUDE 0. 0. 0.
41.646 3 ENERGY 0 12.30815 0. 0. 0. 0. 0.
41.660 3 ESTIMATOR 355.666779 0.059341
41.724 3 ATTITUDE 0. 0. 0.
41.756 3 COMMANDS 0,-36,1020
41.757 3 WP_MOVED 4 641757.8125 5474491. 446. 32
41.805 3 DESIRED -0. 0.13 1. 57. 37. 436. 5. 15.
41.805 3 IMU_GYRO 1 0.372559 1.580078 -0.097168
41.820 3 ATTITUDE 0. 0. 0.
41.868 3 GPS 0 64188029 547470110 0 332693 31 -91 2373 121746200 32 0
41.887 3 SVINFO 20 255 0 4 36 -91 0
41.916 3 ATTITUDE 0. 0. 0.
41.948 3 CIRCLE 2.8 -28.299999 60.
41.997 3 DESIRED -0. 0.13 1. 57. 37. 436. 5. 15.
41.998 3 IMU_ACCEL 1 3.765625 -0.148438 -11.540039
42.028 3 ATTITUDE 0. 0. 0.
42.045 3 AIRSPEED 0. 0. 0. 0.
42.100 3 LINK_REPORT 3 -1 42 0 39999 1669 0 956. 40. 8 66.35
42.125 3 GPS 0 64188118 547470189 0 330804 47 -29 2373 121746400 32 0
42.141 3 SVINFO 23 255 1 5 29 -91 0
42.141 3 ATTITUDE 0. 0. 0.
42.157 3 GPS_SOL 37359 162 1010 5
42.173 3 ESTIMATOR 355.689636 0.051457
42.173 3 FBW_STATUS 0 45 0 12.30815 0.
42.189 3 DESIRED -0. 0.13 1. 57. 37. 436. 5. 15.
42.221 3 ATTITUDE 0. 0. 0.
42.253 3 WP_MOVED 5 641729. 5474694.5 466. 32
42.317 3 ATTITUDE 0. 0. 0.
42.349 3 NAVIGATION 10 0 0. 0. 0. 0. 0 44 44 1 0 0
42.396 3 GPS 0 64188134 547470163 0 330072 91 14 2373 121746600 32 0
42.397 3 SVINFO 25 255 0 1 33 -91 0
42.398 3 DESIRED -0. 0.13 1. 57. 37. 436. 5. 15.
42.399 3 IMU_GYRO 1 0.368408 -0.712891 0.475342
42.412 3 ATTITUDE 0. 0. 0.
42.509 3 ATTITUDE 0. 0. 0.
42.589 3 DESIRED -0. 0.13 1. 57. 37. 436. 5. 15.
42.605 3 IMU_MAG 0 0. 0. 0.
42.637 3 GPS 0 64188191 547470132 1382 329147 128 -31 2373 121747000 32 0
42.646 3 SVINFO 27 255 1 7 31 -91 0
42.646 3 ATTITUDE 0. 0. 0.
42.647 3 ESTIMATOR 355.689636 0.051457
42.685 3 CALIBRATION 0.1 0
42.717 3 ATTITUDE 0. 0. 0.
42.749 3 ENERGY 0 12.30815 0. 0. 0. 0. 0.
42.750 3 DL_VALUE 29 0.
42.765 3 WP_MOVED 6 641754.875 5474698.5 466. 32
42.797 3 DESIRED -0. 0.13 1. 57. 37. 436. 5. 15.
42.798 3 IMU_ACCEL 1 4.548828 -3.896484 -7.71582
42.829 3 ATTITUDE 0. 0. 0.
42.877 3 GPS 0 64188189 547470088 1281 329108 120 -11 2373 121747200 32 0
42.878 3 SVINFO 1 2 0 2 34 64 292
42.909 3 ATTITUDE 0. 0. 0.
43.015 3 DESIRED -0. 0.13 1. 57. 37. 436. 5. 15.
43.017 3 IMU_GYRO 1 0.848877 -0.037109 -0.044678
43.017 3 CIRCLE 2.8 -28.299999 60.
43.017 3 ATTITUDE 0. 0. 0.
43.047 3 DATALINK_REPORT 2 8 0 48074 0 0
43.048 3 AIRSPEED 0. 0. 0. 0.
43.101 3 LINK_REPORT 3 -1 43 0 40958 1709 0 959. 40. 8 66.35
43.127 3 GPS 0 64188195 547470047 1281 329362 120 31 2373 121747400 32 0
43.129 3 SVINFO 4 10 0 5 37 -91 0
43.143 3 ATTITUDE 0. 0. 0.
43.144 3 ESTIMATOR 355.625 -0.010984
43.191 3 DESIRED -0. 0.13 1. 57. 37. 436. 5. 15.
43.223 3 ATTITUDE 0. 0. 0.
43.255 3 WP_MOVED 7 641788.1875 5474495. 446. 32
43.256 3 COMMANDS 0,-36,1020
43.319 3 ATTITUDE 0. 0. 0.
43.352 3 NAVIGATION 10 0 0. 0. 0. 0. 0 45 45 1 0 0
43.387 3 GPS 0 64188213 547469985 1281 328533 91 3 2373 121747600 32 0
43.388 3 SVINFO 6 14 1 1 25 -91 0
43.399 3 DESIRED -0. 0.13 1. 57. 37. 436. 5. 15.
43.415 3 ATTITUDE 0. 0. 0.
43.495 3 STATE_FILTER_STATUS 6 5 0
43.528 3 ATTITUDE 0. 0. 0.
43.543 3 FBW_STATUS 0 45 0 12.29578 0.
43.618 3 DESIRED -0. 0.13 1. 57. 37. 436. 5. 15.
43.619 3 IMU_ACCEL 1 -0.231445 -9.579102 -1.27832
43.619 3 IMU_GYRO 1 -0.291504 1.47998 0.303467
43.634 3 GPS 0 64188215 547469933 1281 328546 98 -45 2373 121747800 32 0
43.635 3 SVINFO 8 29 1 6 14 -91 0
43.636 3 ATTITUDE 0. 0. 0.
43.650 3 ESTIMATOR 355.170349 -0.279701
43.714 3 ATTITUDE 0. 0. 0.
43.746 3 WP_MOVED 8 641844.1875 5474504.5 446. 32
43.794 3 DESIRED -0. 0.13 1. 57. 37. 436. 5. 15.
43.810 3 ATTITUDE 0. 0. 0.
43.842 3 ENERGY 0 12.30815 0. 0. 0. 0. 0.
43.874 3 GPS 0 64188267 547469861 1281 328211 133 -60 2373 121748200 32 0
43.875 3 SVINFO 10 123 0 2 34 30 154
43.895 3 IMU_MAG 0 0. 0. 0.
43.921 3 ATTITUDE 0. 0. 0.
43.986 3 DESIRED -0. 0.13 1. 57. 37. 436. 5. 15.
44.018 3 ATTITUDE 0. 0. 0.
44.050 3 CIRCLE 2.8 -28.299999 60.
44.050 3 AIRSPEED 0. 0. 0. 0.
44.101 3 LINK_REPORT 3 -1 44 0 41859 1746 0 901. 37. 8 66.35
44.144 3 GPS 0 64188263 547469819 1281 328536 151 -48 2373 121748400 32 0
44.145 3 SVINFO 13 1 0 0 0 -91 0
44.146 3 ATTITUDE 0. 0. 0.
44.160 3 GPS_SOL 8537 199 1016 4
44.160 3 ESTIMATOR 355.170349 -0.279701
44.161 3 FBW_STATUS 0 45 0 12.314335 0.
44.192 3 DESIRED -0. 0.13 1. 57. 37. 436. 5. 15.
44.208 3 IMU_GYRO 1 -0.467041 -0.10791 -0.000977
44.209 3 ATTITUDE 0. 0. 0.
44.256 3 DL_VALUE 30 0.
44.258 3 WP_MOVED 9 641814.5 5474703. 476. 32
44.258 3 ACTUATORS 1040,1541,1462
44.320 3 ATTITUDE 0. 0. 0.
44.352 3 NAVIGATION 10 0 0. 0. 0. 0. 0 46 46 1 0 0
44.409 3 AUTOPILOT_VERSION 60400 v6.4.0_stable
44.410 3 GPS 0 64188279 547469788 1281 328622 181 -63 2373 121748600 32 0
44.411 3 SVINFO 15 26 0 1 33 80 16
44.412 3 DESIRED -0. 0.13 1. 57. 37. 436. 5. 15.
44.413 3 IMU_ACCEL 1 -0.516602 -7.265625 -5.862305
44.413 3 ATTITUDE 0. 0. 0.
44.521 3 ATTITUDE 0. 0. 0.
44.616 3 LOGGER_STATUS 1 0 106496 PPRZ\pprzlog_0157.LOG,FLIGHT_RECORDER\fr_0153.LOG
44.617 3 DESIRED -0. 0.13 1. 57. 37. 436. 5. 15.
44.645 3 GPS 0 64188279 547469766 1281 328880 140 -64 2373 121748800 32 0
44.646 3 SVINFO 17 47 0 1 33 66 114
44.646 3 ATTITUDE 0. 0. 0.
44.647 3 ESTIMATOR 355.25412 -0.060971
44.724 3 ATTITUDE 0. 0. 0.
44.740 3 WP_MOVED 10 641786.375 5474701. 476. 32
44.815 3 PPRZ_MODE 0 3 3 2 0 17
44.815 3 CALIBRATION 0.1 0
44.816 3 DESIRED -0. 0.13 1. 57. 37. 436. 5. 15.
44.817 3 IMU_GYRO 1 -0.204834 0.10083 -0.140381
44.817 3 ATTITUDE 0. 0. 0.
44.879 3 GPS 0 64188188 547469768 1281 331382 123 -88 2373 121749200 32 0
44.880 3 SVINFO 19 1 0 0 16 -91 0
44.910 3 ATTITUDE 0. 0. 0.
44.942 3 ENERGY 0 12.30815 0. 0. 0. 0. 0.
44.991 3 DESIRED -0. 0.13 1. 57. 37. 436. 5. 15.
45.023 3 ATTITUDE 0. 0. 0.
45.055 3 AIRSPEED 0. 0. 0. 0.
45.102 3 LINK_REPORT 3 -1 45 0 42877 1787 0 1018. 41. 8 66.35
45.103 3 CIRCLE 2.8 -28.299999 60.
45.150 3 GPS 0 64188211 547469729 1453 331143 175 -107 2373 121749400 32 0
45.152 3 SVINFO 22 6 1 7 15 -91 0
45.152 3 ATTITUDE 0. 0. 0.
45.153 3 ESTIMATOR 355.25412 -0.060971
45.198 3 DESIRED -0. 0.13 1. 57. 37. 436. 5. 15.
45.214 3 IMU_ACCEL 1 2.048828 -8.146484 -10.807617
45.214 3 IMU_MAG 0 0. 0. 0.
45.215 3 ATTITUDE 0. 0. 0.
45.246 3 WP_MOVED 11 641807.5 5474574.5 436. 32
45.310 3 ATTITUDE 0. 0. 0.
45.358 3 NAVIGATION 10 0 0. 0. 0. 0. 0 47 47 1 0 0
45.374 3 GPS 0 64188258 547469688 1388 330183 94 -91 2373 121749600 32 0
45.375 3 SVINFO 24 255 0 1 33 -91 0
45.405 3 DESIRED -0. 0.13 1. 57. 37. 436. 5. 15.
45.405 3 IMU_GYRO 1 0.027344 -0.563477 -0.193115
45.422 3 ATTITUDE 0. 0. 0.
45.470 3 PPRZ_MODE 1 3 3 2 0 21
45.518 3 ATTITUDE 0. 0. 0.
45.550 3 FBW_STATUS 0 45 1 12.30815 0.
45.598 3 DESIRED -0. 0.13 1. 57. 37. 436. 5. 15.
45.642 3 ALIVE 145,115,202,48,58,98,65,226,133,89,229,247,5,28,246,0
45.644 3 GPS 0 64188294 547469654 1388 329545 132 -114 2373 121749800 32 0
45.648 3 SVINFO 26 255 0 0 32 -91 0
45.649 3 ATTITUDE 0. 0. 0.
45.649 3 PONG 
45.650 3 ESTIMATOR 354.96759 -0.189777
45.706 3 STATE_FILTER_STATUS 6 2 0
45.722 3 ATTITUDE 0. 0. 0.
45.754 3 DL_VALUE 31 0.18
45.754 3 WP_MOVED 0 641794. 5474653. 436. 32
45.786 3 DESIRED -0. 0.13 1. 57. 37. 436. 5. 15.
45.818 3 ATTITUDE 0. 0. 0.
45.882 3 GPS 0 64188361 547469595 1388 328318 113 -116 2373 121750200 32 0
45.898 3 SVINFO 28 255 0 0 32 -91 0
45.914 3 ATTITUDE 0. 0. 0.
46.024 3 DESIRED -0. 0.13 1. 57. 37. 436. 5. 15.
46.024 3 IMU_ACCEL 1 1.069336 -5.580078 -7.007812
46.025 3 IMU_GYRO 1 -0.369141 -0.28125 0.137939
46.025 3 ATTITUDE 0. 0. 0.
46.039 3 ENERGY 0 12.30815 0. 0. 0. 0. 0.
46.055 3 AIRSPEED 0. 0. 0. 0.
46.103 3 LINK_REPORT 3 -1 46 0 43865 1829 0 988. 42. 9 68.3
46.136 3 GPS 0 64188376 547469578 1388 328084 113 -116 2373 121750400 32 0
46.136 3 SVINFO 1 2 0 0 32 64 292
46.137 3 ATTITUDE 0. 0. 0.
46.151 3 GPS_SOL 5799 236 9999 0
46.167 3 CIRCLE 2.8 -28.299999 60.
46.168 3 ESTIMATOR 354.96759 -0.189777
46.168 3 FBW_STATUS 0 45 1 12.30815 0.
46.199 3 DESIRED -0. 0.13 1. 57. 37. 436. 5. 15.
46.215 3 ATTITUDE 0. 0. 0.
46.247 3 WP_MOVED 1 641794. 5474653. 436. 32
46.311 3 ATTITUDE 0. 0. 0.
46.360 3 NAVIGATION 10 0 0. 0. 0. 0. 0 48 48 1 0 0
46.376 3 GPS 0 64188391 547469561 1388 327851 113 -116 2373 121750600 32 0
46.377 3 SVINFO 3 8 0 6 38 72 207
46.398 3 DESIRED -0. 0.13 1. 57. 37. 436. 5. 15.
46.423 3 ATTITUDE 0. 0. 0.
46.504 3 IMU_MAG 0 0. 0. 0.
46.520 3 ATTITUDE 0. 0. 0.
46.600 3 DESIRED -0. 0.13 1. 57. 37. 436. 5. 15.
46.601 3 IMU_GYRO 1 -0.790039 2.403564 -0.264404
46.644 3 GPS 0 64188335 547469572 1358 328836 183 -216 2373 121751000 32 0
46.645 3 SVINFO 5 13 1 6 14 -91 0
46.645 3 ATTITUDE 0. 0. 0.
46.646 3 ESTIMATOR 354.757935 -0.22697
46.708 3 ATTITUDE 0. 0. 0.
46.756 3 COMMANDS 0,-34,1817
46.756 3 WP_MOVED 2 641796.8125 5474624.5 436. 32
46.804 3 DESIRED -0. 0.13 1. 57. 37. 436. 5. 15.
46.805 3 IMU_ACCEL 1 1.579102 -2.001953 -11.760742
46.820 3 ATTITUDE 0. 0. 0.
46.898 3 GPS 0 64188295 547469591 1338 329860 149 -154 2373 121751200 32 0
46.899 3 SVINFO 7 27 0 3 35 -91 0
46.899 3 CALIBRATION 0.1 0
46.915 3 ATTITUDE 0. 0. 0.
46.996 3 DESIRED -0. 0.13 1. 57. 37. 436. 5. 15.
47.012 3 ATTITUDE 0. 0. 0.
47.044 3 AIRSPEED 0. 0. 0. 0.
47.076 3 PPRZ_MODE 0 3 3 2 0 17
47.104 3 LINK_REPORT 3 -1 47 0 44767 1867 0 902. 38. 9 68.3
47.124 3 GPS 0 64188229 547469620 1358 331405 107 -152 2373 121751400 32 0
47.141 3 SVINFO 10 123 0 2 34 30 154
47.141 3 ATTITUDE 0. 0. 0.
47.156 3 ENERGY 0 12.30815 0. 0. 0. 0. 0.
47.156 3 ESTIMATOR 354.73349 -0.172857
47.214 3 DESIRED -0. 0.13 1. 57. 37. 436. 5. 15.
47.215 3 IMU_GYRO 1 0.428955 -0.823486 0.25708
47.216 3 CIRCLE 2.8 -28.299999 60.
47.216 3 ATTITUDE 0. 0. 0.
47.246 3 NAVIGATION_REF 641794 5474653 32 356.
47.262 3 DL_VALUE 32 0.
47.263 3 WP_MOVED 3 641820. 5474501. 446. 32
47.310 3 ATTITUDE 0. 0. 0.
47.359 3 NAVIGATION 10 0 0. 0. 0. 0. 0 49 49 1 0 0
47.374 3 GPS 0 64188220 547469608 1517 331502 148 -146 2373 121751600 32 0
47.375 3 SVINFO 12 136 0 0 0 33 188
47.399 3 DESIRED -0. 0.13 1. 57. 37. 436. 5. 15.
47.422 3 ATTITUDE 0. 0. 0.
47.518 3 ATTITUDE 0. 0. 0.
47.550 3 FBW_STATUS 0 45 0 12.30815 0.
47.599 3 DESIRED -0. 0.13 1. 57. 37. 436. 5. 15.
47.600 3 IMU_ACCEL 1 2.192383 -4.837891 -6.81543
47.643 3 GPS 0 64188222 547469588 1508 331436 125 -139 2373 121751800 32 0
47.643 3 SVINFO 14 7 0 1 33 -91 0
47.644 3 ATTITUDE 0. 0. 0.
47.644 3 ESTIMATOR 354.792664 -0.084327
47.722 3 ATTITUDE 0. 0. 0.
47.755 3 WP_MOVED 4 641757.8125 5474491. 446. 32
47.815 3 DESIRED -0. 0.13 1. 57. 37. 436. 5. 15.
47.816 3 IMU_GYRO 1 -0.272949 -0.451172 -0.085449
47.816 3 IMU_MAG 0 0. 0. 0.
47.817 3 ATTITUDE 0. 0. 0.
47.879 3 GPS 0 64188251 547469553 1312 331168 145 -99 2373 121752200 32 0
47.880 3 SVINFO 16 33 1 6 30 39 275
47.910 3 STATE_FILTER_STATUS 6 5 0
47.926 3 ATTITUDE 0. 0. 0.
47.991 3 DESIRED -0. 0.13 1. 57. 37. 436. 5. 15.
48.023 3 ATTITUDE 0. 0. 0.
48.055 3 AIRSPEED 0. 0. 0. 0.
48.105 3 LINK_REPORT 3 -1 48 0 45708 1906 0 941. 39. 9 68.3
48.135 3 GPS 0 64188251 547469552 1363 331531 134 -127 2373 121752400 32 0
48.136 3 SVINFO 19 1 1 4 12 -91 0
48.143 3 ATTITUDE 0. 0. 0.
48.177 3 DATALINK_REPORT 3 9 0 36668 0 0
48.178 3 GPS_SOL 5268 151 1254 4
48.178 3 ESTIMATOR 354.671326 -0.125581
48.179 3 FBW_STATUS 0 45 0 12.30815 0.
48.193 3 DESIRED -0. 0.13 1. 57. 37. 436. 5. 15.
48.209 3 ATTITUDE 0. 0. 0.
48.241 3 ENERGY 0 12.314335 0. 0. 0. 0. 0.
48.257 3 CIRCLE 2.8 -28.299999 60.
48.273 3 WP_MOVED 5 641729. 5474694.5 466. 32
48.274 3 COMMANDS 0,-36,1020
48.321 3 ATTITUDE 0. 0. 0.
48.353 3 NAVIGATION 10 0 0. 0. 0. 0. 0 50 50 1 0 0
48.369 3 GPS 0 64188223 547469549 1417 332449 139 -142 2373 121752600 32 0
48.385 3 SVINFO 21 7 0 1 17 -91 0
48.414 3 DESIRED -0. 0.13 1. 57. 37. 436. 5. 15.
48.415 3 IMU_ACCEL 1 -0.411133 -3.103516 -14.517578
48.415 3 IMU_GYRO 1 -0.553223 -0.041504 -1.327393
48.415 3 ATTITUDE 0. 0. 0.
48.511 3 ATTITUDE 0. 0. 0.
48.591 3 DESIRED -0. 0.13 3.1 87. -36. 436. 5. 15.
48.623 3 GPS 0 64188090 547469551 1343 335830 119 -118 2373 121753000 32 0
48.639 3 SVINFO 23 255 0 1 33 -91 0
48.640 3 ATTITUDE 0. 0. 0.
48.640 3 ESTIMATOR 354.708221 -0.059928
48.719 3 ATTITUDE 0. 0. 0.
48.751 3 DL_VALUE 33 0.4
48.752 3 WP_MOVED 6 641754.875 5474698.5 466. 32
48.799 3 DESIRED -0. 0.13 3.1 87. -36. 436. 5. 15.
48.815 3 ATTITUDE 0. 0. 0.
48.879 3 GPS 0 64188070 547469521 1390 336430 146 -111 2373 121753200 32 0
48.880 3 SVINFO 25 255 0 1 33 -91 0
48.911 3 ATTITUDE 0. 0. 0.
48.991 3 CALIBRATION 0.1 0
49.008 3 DESIRED -0. 0.13 3.1 87. -36. 436. 5. 15.
49.008 3 IMU_GYRO 1 -0.130859 0.524902 -0.356445
49.023 3 ATTITUDE 0. 0. 0.
49.055 3 AIRSPEED 0. 0. 0. 0.
49.103 3 IMU_MAG 0 0. 0. 0.
49.106 3 LINK_REPORT 3 -1 49 0 46682 1947 0 974. 41. 9 68.3
49.136 3 GPS 0 64188043 547469493 1453 337428 130 -100 2373 121753400 32 0
49.136 3 SVINFO 28 255 0 2 34 -91 0
49.137 3 ATTITUDE 0. 0. 0.
49.151 3 ESTIMATOR 354.708221 -0.059928
49.200 3 DESIRED -0. 0.13 3.1 87. -36. 436. 5. 15.
49.200 3 IMU_ACCEL 1 -3.71875 -1.836914 -8.443359
49.215 3 ATTITUDE 0. 0. 0.
49.248 3 WP_MOVED 7 641788.1875 5474495. 446. 32
49.248 3 ACTUATORS 1040,1541,1462
49.295 3 CIRCLE 2.8 -28.299999 60.
49.311 3 ATTITUDE 0. 0. 0.
49.344 3 ENERGY 0 12.30815 0. 0. 0. 0. 0.
49.360 3 NAVIGATION 10 0 85.8 41.5 0. 95.3 0 51 51 1 0 0
49.376 3 GPS 3 64187978 547469454 1567 339393 126 -86 2373 121753600 32 0
49.377 3 SVINFO 30 255 0 5 37 -91 0
49.402 3 DESIRED -0. 0.13 3.1 87. -36. 436. 5. 15.
49.423 3 ATTITUDE 0. 0. 0.
49.519 3 ATTITUDE 0. 0. 0.
49.552 3 FBW_STATUS 0 45 0 12.30815 0.
49.600 3 DESIRED -0. 0.13 3.1 87. -35. 436. 5. 15.
49.601 3 IMU_GYRO 1 -0.02002 0.652588 -0.568604
49.643 3 GPS 3 64187768 547469299 1523 345516 124 -65 2373 121754000 32 0
49.645 3 SVINFO 1 2 1 3 43 64 292
49.646 3 ATTITUDE 0. 0. 0.
49.647 3 ESTIMATOR 355.135193 0.216627
49.692 3 LOGGER_STATUS 1 0 147456 PPRZ\pprzlog_0157.LOG,FLIGHT_RECORDER\fr_0153.LOG
49.692 3 PPRZ_MODE 0 3 3 2 0 17
49.723 3 ATTITUDE 0. 0. 0.
49.739 3 WP_MOVED 8 641844.1875 5474504.5 446. 32
49.787 3 DESIRED -0. 0.13 3.1 87. -35. 436. 5. 15.
49.819 3 ATTITUDE 0. 0. 0.
49.867 3 GPS 3 64187828 547469272 1595 344264 181 -85 2373 121754200 32 0
49.914 3 ATTITUDE 0. 0. 0.
49.995 3 DESIRED -0. 0.13 3.1 87. -36. 436. 5. 15.
49.996 3 IMU_ACCEL 1 -0.287109 0.410156 -11.516602
50.027 3 ATTITUDE 0. 0. 0.
50.047 3 AIRSPEED 0. 0. 0. 0.
50.107 3 LINK_REPORT 3 -1 50 0 47633 1984 0 951. 37. 9 68.3
50.107 3 STATE_FILTER_STATUS 6 2 0
50.123 3 GPS 3 64187843 547469240 1487 344228 143 -57 2373 121754400 32 0
50.139 3 SVINFO 6 27 0 4 36 -91 0
50.140 3 ATTITUDE 0. 0. 0.
50.171 3 GPS_SOL 4067 80 945 6
50.172 3 ESTIMATOR 354.910553 0.00738
50.173 3 FBW_STATUS 0 45 0 12.30815 0.
50.203 3 DESIRED -0. 0.13 3.1 87. -36. 436. 5. 15.
50.204 3 IMU_GYRO 1 0.050293 -0.415527 0.372559
50.219 3 ATTITUDE 0. 0. 0.
50.251 3 DL_VALUE 34 0.5
50.252 3 WP_MOVED 9 641814.5 5474703. 476. 32
50.315 3 ATTITUDE 0. 0. 0.
50.347 3 CIRCLE 2.8 -28.299999 60.
50.364 3 NAVIGATION 10 0 84.4 39. 0. 93. 0 52 52 1 0 0
50.379 3 GPS 3 64187843 547469206 1575 344465 156 -112 2373 121754600 32 0
50.381 3 SVINFO 8 123 0 3 35 30 154
50.407 3 DESIRED -0. 0.13 3.1 87. -36. 436. 5. 15.
50.412 3 IMU_MAG 0 0. 0. 0.
50.412 3 ATTITUDE 0. 0. 0.
50.443 3 ENERGY 0 12.30815 0. 0. 0. 0. 0.
50.523 3 ATTITUDE 0. 0. 0.
50.588 3 DESIRED -0. 0.13 3.1 87. -36. 436. 5. 15.
50.648 3 GPS 3 64187840 547469143 1484 344958 129 -72 2373 121755000 32 0
50.649 3 SVINFO 10 136 0 2 34 33 188
50.649 3 ATTITUDE 0. 0. 0.
50.650 3 PONG 
50.650 3 ESTIMATOR 354.910553 0.00738
50.696 3 ALIVE 145,115,202,48,58,98,65,226,133,89,229,247,5,28,246,0
50.711 3 ATTITUDE 0. 0. 0.
50.744 3 WP_MOVED 10 641786.375 5474701. 476. 32
50.818 3 DESIRED -0. 0.13 3.1 87. -37. 436. 5. 15.
50.819 3 IMU_ACCEL 1 -2.097656 1.217773 -9.193359
50.819 3 IMU_GYRO 1 -0.125 -0.16333 -0.068604
50.819 3 ATTITUDE 0. 0. 0.
50.882 3 GPS 3 64187834 547469119 1486 345297 119 -93 2373 121755200 32 0
50.891 3 SVINFO 12 26 0 2 34 80 16
50.913 3 ATTITUDE 0. 0. 0.
50.994 3 DESIRED -0. 0.13 3.1 87. -37. 436. 5. 15.
51.010 3 ATTITUDE 0. 0. 0.
51.042 3 AIRSPEED 0. 0. 0. 0.
51.089 3 CALIBRATION 0.1 0
51.107 3 LINK_REPORT 3 -1 51 0 48618 2026 0 985. 42. 10 72.67
51.122 3 GPS 3 64187848 547469097 1445 345229 134 -61 2373 121755400 32 0
51.138 3 SVINFO 15 48 1 0 24 -91 0
51.139 3 ATTITUDE 0. 0. 0.
51.139 3 ESTIMATOR 354.946533 0.02494
51.202 3 DESIRED -0. 0.13 3.1 87. -37. 436. 5. 15.
51.218 3 ATTITUDE 0. 0. 0.
51.250 3 WP_MOVED 11 641807.5 5474574.5 436. 32
51.314 3 ATTITUDE 0. 0. 0.
51.346 3 NAVIGATION 10 0 84.5 37.5 0. 92.4 0 53 53 1 0 0
51.378 3 GPS 3 64187850 547469073 1393 345417 133 -107 2373 121755600 32 0
51.380 3 SVINFO 17 10 1 5 13 -91 0
51.411 3 DESIRED -0. 0.13 3.1 87. -37. 436. 5. 15.
51.412 3 IMU_GYRO 1 -0.434082 0.087402 0.194824
51.413 3 CIRCLE 2.8 -28.299999 60.
51.426 3 ATTITUDE 0. 0. 0.
51.522 3 ATTITUDE 0. 0. 0.
51.538 3 ENERGY 0 12.30815 0. 0. 0. 0. 0.
51.554 3 FBW_STATUS 0 45 0 12.30815 0.
51.602 3 DESIRED -0. 0.13 3.1 87. -37. 436. 5. 15.
51.603 3 IMU_ACCEL 1 0.345703 2.508789 -11.765625
51.634 3 GPS 3 64187864 547469015 1574 345615 154 -67 2373 121756000 32 0
51.636 3 SVINFO 19 255 1 3 27 -91 0
51.636 3 ATTITUDE 0. 0. 0.
51.650 3 ESTIMATOR 354.946533 0.02494
51.698 3 IMU_MAG 0 0. 0. 0.
51.714 3 ATTITUDE 0. 0. 0.
51.746 3 COMMANDS 0,-36,1020
51.762 3 DL_VALUE 35 0.45
51.762 3 WP_MOVED 0 641794. 5474653. 436. 32
51.794 3 DESIRED -0. 0.13 3.1 87. -38. 436. 5. 15.
51.810 3 ATTITUDE 0. 0. 0.
51.874 3 GPS 3 64187876 547468995 1529 345453 127 -97 2373 121756200 32 0
51.876 3 SVINFO 21 255 0 1 33 -91 0
51.922 3 ATTITUDE 0. 0. 0.
52.002 3 DESIRED -0. 0.13 3.1 87. -38. 436. 5. 15.
52.003 3 IMU_GYRO 1 0.226318 -0.003174 0.304443
52.019 3 ATTITUDE 0. 0. 0.
52.050 3 AIRSPEED 0. 0. 0. 0.
52.109 3 LINK_REPORT 3 -1 52 0 49541 2064 0 923. 38. 10 72.67
52.143 3 GPS 3 64187895 547468979 1475 345284 126 -54 2373 121756400 32 0
52.144 3 SVINFO 24 255 0 1 33 -91 0
52.145 3 ATTITUDE 0. 0. 0.
52.158 3 GPS_SOL 3805 95 538 7
52.159 3 ESTIMATOR 354.946533 0.02494
52.160 3 FBW_STATUS 0 45 0 12.314335 0.
52.191 3 DESIRED -0. 0.13 3.1 87. -38. 436. 5. 15.
52.223 3 ATTITUDE 0. 0. 0.
52.255 3 WP_MOVED 1 641794. 5474653. 436. 32
52.303 3 STATE_FILTER_STATUS 6 5 0
52.319 3 ATTITUDE 0. 0. 0.
52.351 3 NAVIGATION 10 0 85.2 37. 0. 92.9 0 54 54 1 0 0
52.383 3 GPS 3 64187916 547468962 1635 344993 123 -103 2373 121756600 32 0
52.386 3 SVINFO 1 2 0 6 38 64 292
52.405 3 DESIRED -0. 0.13 3.1 87. -38. 436. 5. 15.
52.406 3 IMU_ACCEL 1 -2.902344 1.77832 -8.074219
52.414 3 ATTITUDE 0. 0. 0.
52.446 3 CIRCLE 2.8 -28.299999 60.
52.511 3 ATTITUDE 0. 0. 0.
52.607 3 DESIRED -0. 0.13 3.1 87. -38. 436. 5. 15.
52.608 3 IMU_GYRO 1 0.067627 0.052246 -0.282959
52.623 3 GPS 3 64187941 547468914 1512 344802 115 -48 2373 121757000 32 0
52.639 3 SVINFO 3 4 0 0 16 -91 0
52.640 3 ATTITUDE 0. 0. 0.
52.655 3 ENERGY 0 12.30815 0. 0. 0. 0. 0.
52.656 3 ESTIMATOR 354.946533 0.02494
52.719 3 ATTITUDE 0. 0. 0.
52.751 3 WP_MOVED 2 641796.8125 5474624.5 436. 32
52.799 3 DESIRED -0. 0.13 3.1 87. -38. 436. 5. 15.
52.815 3 ATTITUDE 0. 0. 0.
52.879 3 GPS 3 64187963 547468901 1550 344461 96 -117 2373 121757200 32 0
52.881 3 SVINFO 5 10 0 1 33 -91 0
52.911 3 ATTITUDE 0. 0. 0.
52.991 3 DESIRED -0. 0.13 3.1 87. -39. 436. 5. 15.
53.007 3 IMU_MAG 0 0. 0. 0.
53.023 3 ATTITUDE 0. 0. 0.
53.055 3 AIRSPEED 0. 0. 0. 0.
53.109 3 LINK_REPORT 3 -1 53 0 50446 2101 0 905. 37. 10 72.67
53.136 3 GPS 3 64187972 547468880 1473 344497 144 -43 2373 121757400 32 0
53.137 3 SVINFO 8 32 0 2 34 -91 0
53.138 3 ATTITUDE 0. 0. 0.
53.151 3 ESTIMATOR 354.946533 0.02494
53.213 3 CALIBRATION 0.1 0
53.214 3 DESIRED -0. 0.13 3.1 87. -39. 436. 5. 15.
53.215 3 IMU_ACCEL 1 0.058594 0.632812 -9.861328
53.215 3 IMU_GYRO 1 -0.184082 0.136963 0.182617
53.215 3 ATTITUDE 0. 0. 0.
53.229 3 DATALINK_REPORT 3 10 0 28937 0 0
53.245 3 DL_VALUE 36 0.
53.261 3 WP_MOVED 3 641820. 5474501. 446. 32
53.262 3 COMMANDS 0,-36,1020
53.309 3 ATTITUDE 0. 0. 0.
53.358 3 NAVIGATION 10 0 85.8 35.5 0. 92.9 0 55 55 1 0 0
53.374 3 GPS 3 64187986 547468857 1584 344417 118 -58 2373 121757600 32 0
53.375 3 SVINFO 10 127 0 0 0 20 128
53.389 3 DESIRED -0. 0.13 3.1 87. -39. 436. 5. 15.
53.421 3 ATTITUDE 0. 0. 0.
53.501 3 CIRCLE 2.8 -28.299999 60.
53.517 3 ATTITUDE 0. 0. 0.
53.549 3 FBW_STATUS 0 45 0 12.30815 0.
53.598 3 DESIRED -0. 0.13 3.1 87. -40. 436. 5. 15.
53.643 3 GPS 3 64188015 547468810 1608 344166 107 -46 2373 121758000 32 0
53.644 3 SVINFO 12 136 0 0 32 33 188
53.645 3 ATTITUDE 0. 0. 0.
53.645 3 ESTIMATOR 354.946533 0.02494
53.723 3 ATTITUDE 0. 0. 0.
53.739 3 ENERGY 0 12.30815 0. 0. 0. 0. 0.
53.755 3 WP_MOVED 4 641757.8125 5474491. 446. 32
53.803 3 DESIRED -0. 0.13 3.1 87. -40. 436. 5. 15.
53.804 3 IMU_GYRO 1 0.239014 0.070312 -0.199951
53.819 3 ATTITUDE 0. 0. 0.
53.883 3 GPS 3 64187373 547468495 1566 353133 69 -49 2373 121758200 32 0
53.884 3 SVINFO 14 26 0 3 35 80 16
53.914 3 ATTITUDE 0. 0. 0.
53.995 3 DESIRED -0. 0.13 3. 87. -39. 436. 5. 15.
53.996 3 IMU_ACCEL 1 -2.615234 1. -8.524414
54.011 3 ATTITUDE 0. 0. 0.
54.043 3 AIRSPEED 0. 0. 0. 0.
54.110 3 LINK_REPORT 3 -1 54 0 51401 2141 0 955. 40. 10 72.67
54.124 3 GPS 3 64187349 547468453 1648 353560 142 -8 2373 121758400 32 0
54.139 3 SVINFO 17 48 1 3 27 -91 0
54.140 3 ATTITUDE 0. 0. 0.
54.171 3 GPS_SOL 837 60 285 9
54.172 3 ESTIMATOR 354.946533 0.02494
54.172 3 FBW_STATUS 0 45 0 12.30815 0.
54.187 3 DESIRED -0. 0.13 3. 87. -38. 436. 5. 15.
54.219 3 ATTITUDE 0. 0. 0.
54.251 3 WP_MOVED 5 641729. 5474694.5 466. 32
54.252 3 ACTUATORS 1040,1541,1462
54.299 3 IMU_MAG 0 0. 0. 0.
54.331 3 ATTITUDE 0. 0. 0.
54.347 3 NAVIGATION 10 0 79.4 31. 0. 85.3 0 56 56 1 0 0
54.379 3 GPS 3 64187346 547468415 1824 353663 115 -6 2373 121758600 32 0
54.381 3 SVINFO 19 10 1 4 12 -91 0
54.395 3 DESIRED -0. 0.13 3. 87. -39. 436. 5. 15.
54.415 3 IMU_GYRO 1 -0.689453 0.231689 0.152832
54.416 3 ATTITUDE 0. 0. 0.
54.507 3 STATE_FILTER_STATUS 6 5 0
54.523 3 ATTITUDE 0. 0. 0.
54.555 3 CIRCLE 2.8 -28.299999 60.
54.587 3 PPRZ_MODE 0 3 3 2 0 17
54.603 3 DESIRED -0. 0.13 3. 87. -39. 436. 5. 15.
54.650 3 GPS 3 64187375 547468354 1597 353146 95 21 2373 121759000 32 0
54.652 3 SVINFO 21 255 0 0 32 -91 0
54.652 3 ATTITUDE 0. 0. 0.
54.652 3 ESTIMATOR 354.946533 0.02494
54.714 3 ATTITUDE 0. 0. 0.
54.746 3 DL_VALUE 37 0.04
54.747 3 WP_MOVED 6 641754.875 5474698.5 466. 32
54.779 3 LOGGER_STATUS 1 0 180224 PPRZ\pprzlog_0157.LOG,FLIGHT_RECORDER\fr_0153.LOG
54.795 3 DESIRED -0. 0.13 3. 87. -40. 436. 5. 15.
54.795 3 IMU_ACCEL 1 0.932617 1.818359 -6.955078
54.826 3 ATTITUDE 0. 0. 0.
54.843 3 ENERGY 0 12.301965 0. 0. 0. 0. 0.
54.875 3 GPS 3 64187369 547468323 1609 353281 88 -35 2373 121759200 32 0
54.876 3 SVINFO 23 255 1 7 31 -91 0
54.922 3 ATTITUDE 0. 0. 0.
55.003 3 DESIRED -0. 0.13 3. 87. -40. 436. 5. 15.
55.003 3 IMU_GYRO 1 -0.062256 0.038574 -0.072754
55.018 3 ATTITUDE 0. 0. 0.
55.051 3 AIRSPEED 0. 0. 0. 0.
55.111 3 LINK_REPORT 3 -1 55 0 52433 2183 0 1032. 42. 10 72.67
55.131 3 GPS 3 64187366 547468292 1681 353322 119 -23 2373 121759400 32 0
55.132 3 ATTITUDE 0. 0. 0.
55.146 3 ESTIMATOR 355.011444 0.048076
55.195 3 DESIRED -0. 0.13 3. 87. -40. 436. 5. 15.
55.211 3 ATTITUDE 0. 0. 0.
55.243 3 WP_MOVED 7 641788.1875 5474495. 446. 32
55.291 3 CALIBRATION 0.1 0
55.323 3 ATTITUDE 0. 0. 0.
55.355 3 NAVIGATION 10 0 79.6 30. 0. 85.1 0 57 57 1 0 0
55.371 3 GPS 3 64187365 547468263 1704 353353 96 9 2373 121759600 32 0
55.372 3 SVINFO 3 4 1 4 12 -91 0
55.387 3 DESIRED -0. 0.13 3. 87. -40. 436. 5. 15.
55.418 3 ATTITUDE 0. 0. 0.
55.466 3 AUTOPILOT_VERSION 60400 v6.4.0_stable
55.515 3 ATTITUDE 0. 0. 0.
55.547 3 FBW_STATUS 0 45 0 12.30815 0.
55.621 3 DESIRED -0. 0.13 3. 87. -41. 436. 5. 15.
55.622 3 IMU_ACCEL 1 -3.230469 1.557617 -7.913086
55.622 3 IMU_GYRO 1 -0.582031 -0.17749 0.247559
55.623 3 IMU_MAG 0 0. 0. 0.
55.652 3 CIRCLE 2.8 -28.299999 60.
55.652 3 GPS 3 64187367 547468212 1614 353373 126 -18 2373 121760000 32 0
55.654 3 SVINFO 5 10 0 0 32 -91 0
55.654 3 ATTITUDE 0. 0. 0.
55.654 3 PONG 
55.655 3 ESTIMATOR 355.468109 0.294024
55.716 3 ATTITUDE 0. 0. 0.
55.748 3 WP_MOVED 8 641844.1875 5474504.5 446. 32
55.780 3 ALIVE 145,115,202,48,58,98,65,226,133,89,229,247,5,28,246,0
55.796 3 DESIRED -0. 0.13 3. 87. -41. 436. 5. 15.
55.812 3 ATTITUDE 0. 0. 0.
55.877 3 GPS 3 64187372 547468184 1563 353363 73 -12 2373 121760200 32 0
55.878 3 SVINFO 7 27 0 3 35 43 154
55.923 3 ATTITUDE 0. 0. 0.
55.939 3 ENERGY 0 12.30815 0. 0. 0. 0. 0.
55.988 3 DESIRED -0. 0.13 3. 87. -41. 436. 5. 15.
56.020 3 ATTITUDE 0. 0. 0.
56.052 3 AIRSPEED 0. 0. 0. 0.
56.111 3 LINK_REPORT 3 -1 56 0 53363 2221 0 930. 38. 11 76.71
56.132 3 GPS 3 64187376 547468160 1574 353328 101 -18 2373 121760400 32 0
56.134 3 ATTITUDE 0. 0. 0.
56.164 3 GPS_SOL 467 59 296 7
56.165 3 ESTIMATOR 355.744202 0.354329
56.165 3 FBW_STATUS 0 45 0 12.30815 0.
56.197 3 DESIRED -0. 0.13 3. 87. -41. 436. 5. 15.
56.197 3 IMU_GYRO 1 0.076172 -0.024902 -0.01001
56.212 3 ATTITUDE 0. 0. 0.
56.260 3 NAVIGATION_REF 641794 5474653 32 356.
56.262 3 DL_VALUE 38 0.
56.262 3 WP_MOVED 9 641814.5 5474703. 476. 32
56.308 3 ATTITUDE 0. 0. 0.
56.356 3 NAVIGATION 10 0 79.8 28.5 0. 84.7 0 58 58 1 0 0
56.372 3 GPS 3 64187382 547468138 1438 353418 88 27 2373 121760600 32 0
56.374 3 SVINFO 12 7 0 1 33 -91 0
56.412 3 DESIRED -0. 0.13 3. 87. -41. 436. 5. 15.
56.413 3 IMU_ACCEL 1 -0.277344 0.889648 -9.205078
56.420 3 ATTITUDE 0. 0. 0.
56.516 3 ATTITUDE 0. 0. 0.
56.597 3 DESIRED -0. 0.13 3. 87. -41. 436. 5. 15.
56.642 3 GPS 3 64187394 547468099 1552 353455 96 -9 2373 121761000 32 0
56.643 3 SVINFO 14 33 0 6 38 39 275
56.643 3 ATTITUDE 0. 0. 0.
56.658 3 CIRCLE 2.8 -28.299999 60.
56.658 3 ESTIMATOR 355.774689 0.247211
56.705 3 STATE_FILTER_STATUS 6 2 0
56.722 3 ATTITUDE 0. 0. 0.
56.754 3 COMMANDS 0,-36,1020
56.754 3 WP_MOVED 10 641786.375 5474701. 476. 32
56.802 3 DESIRED -0. 0.13 3. 87. -41. 436. 5. 15.
56.803 3 IMU_GYRO 1 -0.41333 0.321533 0.076904
56.818 3 ATTITUDE 0. 0. 0.
56.882 3 GPS 3 64187405 547468080 1491 353436 111 16 2373 121761200 32 0
56.883 3 SVINFO 16 48 1 2 26 -91 0
56.898 3 IMU_MAG 0 0. 0. 0.
56.913 3 ATTITUDE 0. 0. 0.
56.994 3 DESIRED -0. 0.13 3. 87. -41. 436. 5. 15.
57.010 3 ATTITUDE 0. 0. 0.
57.042 3 ENERGY 0 12.30815 0. 0. 0. 0. 0.
57.058 3 AIRSPEED 0. 0. 0. 0.
57.112 3 LINK_REPORT 3 -1 57 0 54322 2261 0 959. 40. 11 76.71
57.138 3 GPS 3 64187414 547468060 1510 353459 90 7 2373 121761400 32 0
57.140 3 SVINFO 19 24 0 0 32 72 356
57.140 3 ATTITUDE 0. 0. 0.
57.141 3 ESTIMATOR 355.971619 0.305422
57.202 3 DESIRED -0. 0.13 3. 87. -42. 436. 5. 15.
57.203 3 IMU_ACCEL 1 0.266602 1.330078 -8.541992
57.218 3 ATTITUDE 0. 0. 0.
57.250 3 WP_MOVED 11 641807.5 5474574.5 436. 32
57.314 3 ATTITUDE 0. 0. 0.
57.346 3 NAVIGATION 10 0 80.2 27.5 0. 84.8 0 59 59 1 0 0
57.378 3 GPS 3 64187418 547468040 1621 353467 88 -27 2373 121761600 32 0
57.380 3 SVINFO 21 255 0 1 33 -91 0
57.394 3 CALIBRATION 0.1 0
57.420 3 DESIRED -0. 0.13 3. 87. -42. 436. 5. 15.
57.421 3 IMU_GYRO 1 -0.140381 -0.319092 1.196777
57.421 3 ATTITUDE 0. 0. 0.
57.522 3 ATTITUDE 0. 0. 0.
57.538 3 FBW_STATUS 0 45 0 12.30815 0.
57.586 3 DESIRED -0. 0.13 3. 87. -42. 436. 5. 15.
57.634 3 GPS 3 64187423 547467990 1713 353408 90 -46 2373 121762000 32 0
57.636 3 SVINFO 23 255 1 5 29 -91 0
57.636 3 ATTITUDE 0. 0. 0.
57.650 3 ESTIMATOR 355.971619 0.305422
57.698 3 CIRCLE 2.8 -28.299999 60.
57.714 3 ATTITUDE 0. 0. 0.
57.746 3 DL_VALUE 39 0.04
57.747 3 WP_MOVED 0 641794. 5474653. 436. 32
57.794 3 DESIRED -0. 0.13 3.1 86. -43. 436. 5. 15.
57.810 3 ATTITUDE 0. 0. 0.
57.874 3 GPS 3 64187421 547467963 1733 353406 109 -50 2373 121762200 32 0
57.876 3 SVINFO 0 1 0 5 37 33 274
57.918 3 ATTITUDE 0. 0. 0.
58.014 3 DESIRED -0. 0.13 3.1 86. -43. 436. 5. 15.
58.015 3 IMU_ACCEL 1 2.987305 1.790039 -11.31543
58.015 3 IMU_GYRO 1 0.216797 0.907959 0.418945
58.015 3 ATTITUDE 0. 0. 0.
58.045 3 AIRSPEED 0. 0. 0. 0.
58.112 3 LINK_REPORT 3 -1 58 0 55210 2298 0 888. 37. 11 76.71
58.126 3 GPS 3 64187422 547467939 1695 353422 113 -15 2373 121762400 32 0
58.127 3 SVINFO 3 8 0 3 35 72 207
58.141 3 ATTITUDE 0. 0. 0.
58.169 3 ENERGY 0 12.30815 0. 0. 0. 0. 0.
58.170 3 GPS_SOL 388 67 291 8
58.170 3 ESTIMATOR 355.971619 0.305422
58.171 3 FBW_STATUS 0 45 0 12.30815 0.
58.201 3 DESIRED -0. 0.13 3.1 86. -43. 436. 5. 15.
58.217 3 IMU_MAG 0 0. 0. 0.
58.233 3 ATTITUDE 0. 0. 0.
58.249 3 WP_MOVED 1 641794. 5474653. 436. 32
58.249 3 COMMANDS 0,-36,1020
58.313 3 DATALINK_REPORT 3 11 0 23299 0 0
58.329 3 ATTITUDE 0. 0. 0.
58.361 3 NAVIGATION 10 0 80.2 26. 0. 84.4 0 60 60 1 0 0
58.377 3 GPS 3 64187424 547467918 1637 353456 85 -27 2373 121762600 32 0
58.378 3 SVINFO 5 24 1 6 14 -91 0
58.393 3 DESIRED -0. 0.13 3.1 86. -43. 436. 5. 15.
58.426 3 ATTITUDE 0. 0. 0.
58.521 3 ATTITUDE 0. 0. 0.
58.601 3 DESIRED -0. 0.13 3.1 86. -43. 436. 5. 15.
58.602 3 IMU_GYRO 1 0.448242 -0.007812 0.209717
58.643 3 GPS 3 64187420 547467881 1684 353593 39 -75 2373 121763000 32 0
58.644 3 SVINFO 7 32 0 5 37 36 107
58.645 3 ATTITUDE 0. 0. 0.
58.645 3 ESTIMATOR 355.746674 -0.012758
58.723 3 ATTITUDE 0. 0. 0.
58.755 3 CIRCLE 2.8 -28.299999 60.
58.756 3 WP_MOVED 2 641796.8125 5474624.5 436. 32
58.803 3 DESIRED -0. 0.13 3.1 86. -43. 436. 5. 15.
58.804 3 IMU_ACCEL 1 0.949219 -3.1875 -8.021484
58.819 3 ATTITUDE 0. 0. 0.
58.867 3 GPS 3 64187427 547467875 1684 353352 25 -97 2373 121763200 32 0
58.883 3 SVINFO 9 127 0 0 0 20 128
58.915 3 STATE_FILTER_STATUS 6 5 0
58.931 3 ATTITUDE 0. 0. 0.
58.999 3 DESIRED -0. 0.13 3.1 86. -43. 436. 5. 15.
59.011 3 ATTITUDE 0. 0. 0.
59.043 3 AIRSPEED 0. 0. 0. 0.
59.113 3 LINK_REPORT 3 -1 59 0 56149 2337 0 939. 39. 11 76.71
59.123 3 GPS 3 64187432 547467870 1684 353077 11 -68 2373 121763400 32 0
59.139 3 SVINFO 12 33 0 2 34 39 275
59.140 3 ATTITUDE 0. 0. 0.
59.140 3 ESTIMATOR 355.746674 -0.012758
59.204 3 DESIRED -0. 0.13 3.1 86. -43. 436. 5. 15.
59.204 3 IMU_GYRO 1 -0.032227 0.074219 -0.085449
59.219 3 ATTITUDE 0. 0. 0.
59.235 3 ENERGY 0 12.314335 0. 0. 0. 0. 0.
59.251 3 DL_VALUE 40 0.002
59.267 3 WP_MOVED 3 641820. 5474501. 446. 32
59.268 3 ACTUATORS 1040,1541,1462
59.315 3 ATTITUDE 0. 0. 0.
59.348 3 NAVIGATION 10 0 80.3 25.5 0. 84.3 0 61 61 1 0 0
59.380 3 GPS 3 64187432 547467868 1684 352997 22 -76 2373 121763600 32 0
59.381 3 SVINFO 14 48 1 3 27 -91 0
59.396 3 DESIRED -0. 0.13 3.1 86. -43. 436. 5. 15.
59.420 3 ATTITUDE 0. 0. 0.
59.491 3 PPRZ_MODE 0 3 3 2 0 17
59.492 3 CALIBRATION 0.1 0
59.523 3 IMU_MAG 0 0. 0. 0.
59.539 3 ATTITUDE 0. 0. 0.
59.555 3 FBW_STATUS 0 45 0 12.30815 0.
59.604 3 DESIRED -0. 0.13 3.1 86. -43. 436. 5. 15.
59.604 3 IMU_ACCEL 1 2.764648 -1.441406 -6.801758
59.636 3 GPS 3 64187436 547467869 1684 352857 5 -37 2373 121764000 32 0
59.637 3 SVINFO 16 10 1 3 11 -91 0
59.638 3 ATTITUDE 0. 0. 0.
59.651 3 ESTIMATOR 355.746674 -0.012758
59.716 3 ATTITUDE 0. 0. 0.
59.748 3 WP_MOVED 4 641757.8125 5474491. 446. 32
59.796 3 DESIRED -0. 0.13 3.1 86. -43. 436. 5. 15.
59.812 3 IMU_GYRO 1 -0.270752 -0.197266 0.037354
59.812 3 CIRCLE 2.8 -28.299999 60.
59.813 3 ATTITUDE 0. 0. 0.
59.861 3 LOGGER_STATUS 1 0 212992 PPRZ\pprzlog_0157.LOG,FLIGHT_RECORDER\fr_0153.LOG
59.876 3 GPS 3 64187438 547467870 1684 352728 18 -66 2373 121764200 32 0
59.878 3 SVINFO 18 255 1 1 25 -91 0
59.918 3 ATTITUDE 0. 0. 0.
59.988 3 DESIRED -0. 0.13 3.1 86. -43. 436. 5. 15.
60.020 3 ATTITUDE 0. 0. 0.
60.052 3 AIRSPEED 0. 0. 0. 0.
60.114 3 LINK_REPORT 3 -1 60 0 57163 2378 0 1014. 41. 11 76.71
60.142 3 GPS 3 64187442 547467876 1684 352594 36 -56 2373 121764400 32 0
60.143 3 SVINFO 21 255 1 2 26 -91 0
60.144 3 ATTITUDE 0. 0. 0.
60.158 3 GPS_SOL 308 63 265 9
60.158 3 ESTIMATOR 354.863495 -0.519504
60.159 3 FBW_STATUS 0 45 0 12.30815 0.
60.190 3 DESIRED -0. 0.13 3.1 86. -43. 436. 5. 15.
60.222 3 ATTITUDE 0. 0. 0.
60.254 3 WP_MOVED 5 641729. 5474694.5 466. 32
60.318 3 ATTITUDE 0. 0. 0.
60.350 3 ENERGY 0 12.314335 0. 0. 0. 0. 0.
60.366 3 NAVIGATION 10 0 80.4 25.5 0. 84.3 0 62 62 1 0 0
60.382 3 GPS 3 64187440 547467870 1684 352609 32 -27 2373 121764600 32 0
60.384 3 SVINFO 23 255 0 2 34 -91 0
60.398 3 DESIRED -0. 0.13 3.1 86. -43. 436. 5. 15.
60.420 3 IMU_ACCEL 1 -0.135742 -0.65332 -7.486328
60.420 3 IMU_GYRO 1 -0.367676 0.405518 -0.102539
60.421 3 ATTITUDE 0. 0. 0.
60.510 3 ATTITUDE 0. 0. 0.
60.591 3 DESIRED -0. 0.13 3.1 86. -43. 436. 5. 15.
60.652 3 GPS 3 64187439 547467868 1684 352621 20 -44 2373 121765000 32 0
60.654 3 SVINFO 1 2 0 1 33 64 292
60.654 3 ATTITUDE 0. 0. 0.
60.654 3 PONG 
60.655 3 ESTIMATOR 354.863495 -0.519504
60.716 3 ATTITUDE 0. 0. 0.
60.748 3 DL_VALUE 41 0.004
60.749 3 WP_MOVED 6 641754.875 5474698.5 466. 32
60.797 3 DESIRED -0. 0.13 3.1 86. -43. 436. 5. 15.
60.813 3 IMU_MAG 0 0. 0. 0.
60.828 3 ATTITUDE 0. 0. 0.
60.844 3 CIRCLE 2.8 -28.299999 60.
60.877 3 ALIVE 145,115,202,48,58,98,65,226,133,89,229,247,5,28,246,0
60.893 3 GPS 3 64187437 547467868 1684 352638 18 -42 2373 121765200 32 0
60.894 3 SVINFO 3 8 0 4 36 72 207
60.921 3 ATTITUDE 0. 0. 0.
61.005 3 DESIRED -0. 0.13 3.1 86. -43. 436. 5. 15.
61.006 3 IMU_GYRO 1 -0.063721 0.001709 -0.007324
61.021 3 ATTITUDE 0. 0. 0.
61.053 3 AIRSPEED 0. 0. 0. 0.
61.101 3 STATE_FILTER_STATUS 6 2 0
61.114 3 LINK_REPORT 3 -1 61 0 58135 2419 0 972. 41. 12 75.64
61.133 3 GPS 3 64187436 547467868 1684 352702 21 -34 2373 121765400 32 0
61.134 3 ATTITUDE 0. 0. 0.
61.149 3 ESTIMATOR 354.11145 -0.655431
61.197 3 DESIRED -0. 0.13 3.1 86. -43. 436. 5. 15.
61.205 3 IMU_ACCEL 1 -0.928711 -0.198242 -9.200195
61.213 3 ATTITUDE 0. 0. 0.
61.245 3 WP_MOVED 7 641788.1875 5474495. 446. 32
61.309 3 ATTITUDE 0. 0. 0.
61.357 3 NAVIGATION 10 0 80.4 25.5 0. 84.3 0 63 63 1 0 0
61.373 3 GPS 3 64187436 547467870 1684 352688 20 -41 2373 121765600 32 0
61.375 3 SVINFO 8 123 0 4 36 30 154
61.389 3 DESIRED -0. 0.13 3.1 86. -43. 436. 5. 15.
61.422 3 ATTITUDE 0. 0. 0.
61.437 3 ENERGY 0 12.314335 0. 0. 0. 0. 0.
61.517 3 ATTITUDE 0. 0. 0.
61.549 3 FBW_STATUS 0 45 0 12.30815 0.
61.611 3 CALIBRATION 0.1 0
61.612 3 DESIRED -0. 0.13 3.1 86. -43. 436. 5. 15.
61.613 3 IMU_GYRO 1 -0.063232 0.001709 -0.007812
61.642 3 GPS 3 64187434 547467870 1684 352680 16 -42 2373 121766000 32 0
61.644 3 SVINFO 10 136 0 1 33 33 188
61.645 3 ATTITUDE 0. 0. 0.
61.645 3 ESTIMATOR 354.11145 -0.655431
61.722 3 ATTITUDE 0. 0. 0.
61.754 3 COMMANDS 0,-36,1020
61.755 3 WP_MOVED 8 641844.1875 5474504.5 446. 32
61.786 3 DESIRED -0. 0.13 3.1 86. -43. 436. 5. 15.
61.818 3 ATTITUDE 0. 0. 0.
61.882 3 GPS 3 64187431 547467869 1684 352669 11 -51 2373 121766200 32 0
61.884 3 SVINFO 12 26 1 7 31 80 16
61.898 3 CIRCLE 2.8 -28.299999 60.
61.925 3 ATTITUDE 0. 0. 0.
61.994 3 DESIRED -0. 0.13 3.1 86. -43. 436. 5. 15.
61.994 3 IMU_ACCEL 1 -0.935547 -0.217773 -9.183594
62.010 3 ATTITUDE 0. 0. 0.
62.042 3 AIRSPEED 0. 0. 0. 0.
62.090 3 IMU_MAG 0 0. 0. 0.
62.115 3 LINK_REPORT 3 -1 62 0 59042 2456 0 907. 37. 12 75.64
62.122 3 GPS 3 64187429 547467863 1684 352724 0 -38 2373 121766400 32 0
62.138 3 SVINFO 15 48 1 2 26 -91 0
62.139 3 ATTITUDE 0. 0. 0.
62.154 3 GPS_SOL 295 47 233 10
62.170 3 ESTIMATOR 354.11145 -0.655431
62.171 3 FBW_STATUS 0 45 0 12.30815 0.
62.203 3 DESIRED -0. 0.13 3.1 86. -43. 436. 5. 15.
62.204 3 IMU_GYRO 1 -0.063232 0.00293 -0.006836
62.218 3 ATTITUDE 0. 0. 0.
62.250 3 DL_VALUE 42 0.
62.251 3 WP_MOVED 9 641814.5 5474703. 476. 32
62.315 3 ATTITUDE 0. 0. 0.
62.347 3 NAVIGATION 10 0 80.2 25.5 0. 84.2 0 64 64 1 0 0
62.379 3 GPS 3 64187426 547467858 1684 352765 5 -38 2373 121766600 32 0
62.380 3 SVINFO 17 10 1 3 11 -91 0
62.395 3 DESIRED -0. 0.13 3.1 86. -43. 436. 5. 15.
62.423 3 ATTITUDE 0. 0. 0.
62.522 3 ATTITUDE 0. 0. 0.
62.539 3 ENERGY 0 12.30815 0. 0. 0. 0. 0.
62.587 3 DESIRED -0. 0.13 3.1 86. -43. 436. 5. 15.
62.635 3 GPS 3 64187421 547467852 1684 352792 17 -48 2373 121767000 32 0
62.636 3 SVINFO 19 24 1 7 31 72 356
62.638 3 ATTITUDE 0. 0. 0.
62.651 3 ESTIMATOR 353.638428 -0.551534
62.715 3 ATTITUDE 0. 0. 0.
62.747 3 WP_MOVED 10 641786.375 5474701. 476. 32
62.824 3 DESIRED -0. 0.13 3.1 86. -43. 436. 5. 15.
62.825 3 IMU_ACCEL 1 -0.938477 -0.209961 -9.173828
62.825 3 IMU_GYRO 1 -0.062744 0.003418 -0.007324
62.826 3 ATTITUDE 0. 0. 0.
62.873 3 GPS 3 64187419 547467853 1684 352813 14 -47 2373 121767200 32 0
62.874 3 SVINFO 21 255 1 5 29 -91 0
62.922 3 ATTITUDE 0. 0. 0.
62.951 3 CIRCLE 2.8 -28.299999 60.
63.000 3 DESIRED -0. 0.13 3.1 86. -43. 436. 5. 15.
63.016 3 ATTITUDE 0. 0. 0.
63.048 3 AIRSPEED 0. 0. 0. 0.
63.116 3 LINK_REPORT 3 -1 63 0 59948 2493 0 906. 37. 12 75.64
63.142 3 GPS 3 64187415 547467851 1684 352851 8 -39 2373 121767400 32 0
63.144 3 SVINFO 1 2 0 7 39 64 292
63.145 3 ATTITUDE 0. 0. 0.
63.145 3 ESTIMATOR 353.638428 -0.551534
63.191 3 DESIRED -0. 0.13 3.1 86. -43. 436. 5. 15.
63.222 3 ATTITUDE 0. 0. 0.
63.254 3 WP_MOVED 11 641807.5 5474574.5 436. 32
63.255 3 COMMANDS 0,-36,1020
63.302 3 STATE_FILTER_STATUS 6 5 0
63.318 3 ATTITUDE 0. 0. 0.
63.351 3 NAVIGATION 10 0 80.1 25.5 0. 84.1 0 65 65 1 0 0
63.382 3 GPS 3 64187413 547467848 1684 352913 2 -40 2373 121767600 32 0
63.383 3 SVINFO 3 8 0 7 39 72 207
63.424 3 DESIRED -0. 0.13 3.1 86. -43. 436. 5. 15.
63.425 3 IMU_GYRO 1 -0.062744 0.001709 -0.007324
63.425 3 IMU_MAG 0 0. 0. 0.
63.461 3 DATALINK_REPORT 3 12 0 19043 0 0
63.477 3 ATTITUDE 0. 0. 0.
63.509 3 ATTITUDE 0. 0. 0.
63.541 3 FBW_STATUS 0 45 0 12.30815 0.
63.590 3 DESIRED -0. 0.13 3.1 86. -43. 436. 5. 15.
63.605 3 IMU_ACCEL 1 -0.948242 -0.201172 -9.157227
63.621 3 GPS 3 64187400 547467831 1684 353220 11 -22 2373 121768000 32 0
63.637 3 SVINFO 5 23 0 5 37 -91 0
63.638 3 ATTITUDE 0. 0. 0.
63.654 3 ENERGY 0 12.30815 0. 0. 0. 0. 0.
63.654 3 ESTIMATOR 353.638428 -0.551534
63.685 3 CALIBRATION 0.1 0
63.717 3 ATTITUDE 0. 0. 0.
63.750 3 DL_VALUE 43 0.1
63.751 3 WP_MOVED 0 641794. 5474653. 436. 32
63.797 3 DESIRED -0. 0.13 3. 86. -43. 436. 5. 15.
63.813 3 ATTITUDE 0. 0. 0.
63.878 3 GPS 3 64187399 547467828 1684 353225 8 -30 2373 121768200 32 0
63.885 3 SVINFO 7 32 1 0 40 36 107
63.916 3 ATTITUDE 0. 0. 0.
64.015 3 DESIRED -0. 0.13 3. 86. -43. 436. 5. 15.
64.015 3 IMU_GYRO 1 -0.064209 0.001221 -0.007812
64.016 3 CIRCLE 2.8 -28.299999 60.
64.016 3 ATTITUDE 0. 0. 0.
64.047 3 AIRSPEED 0. 0. 0. 0.
64.116 3 LINK_REPORT 3 -1 64 0 60915 2534 0 967. 41. 12 75.64
64.143 3 GPS 3 64187399 547467825 1684 353198 7 -31 2373 121768400 32 0
64.144 3 SVINFO 10 136 0 3 35 33 188
64.145 3 ATTITUDE 0. 0. 0.
64.159 3 GPS_SOL 252 50 233 10
64.159 3 ESTIMATOR 353.687103 -0.209488
64.160 3 FBW_STATUS 0 45 0 12.30815 0.
64.191 3 DESIRED -0. 0.13 3. 86. -43. 436. 5. 15.
64.223 3 ATTITUDE 0. 0. 0.
64.255 3 WP_MOVED 1 641794. 5474653. 436. 32
64.255 3 ACTUATORS 1040,1541,1462
64.319 3 ATTITUDE 0. 0. 0.
64.351 3 NAVIGATION 10 0 80. 25.5 0. 84. 0 66 66 1 0 0
64.367 3 GPS 3 64187398 547467822 1684 353178 14 -43 2373 121768600 32 0
64.383 3 SVINFO 12 26 1 6 30 80 16
64.423 3 PPRZ_MODE 0 3 3 2 0 17
64.423 3 DESIRED -0. 0.13 3. 86. -43. 436. 5. 15.
64.424 3 IMU_ACCEL 1 -0.880859 -0.229492 -9.178711
64.424 3 ATTITUDE 0. 0. 0.
64.522 3 ATTITUDE 0. 0. 0.
64.602 3 DESIRED -0. 0.13 3. 86. -43. 436. 5. 15.
64.603 3 IMU_GYRO 1 -0.063232 0.002197 -0.006836
64.634 3 GPS 3 64187394 547467815 1684 353211 2 -27 2373 121769000 32 0
64.635 3 ATTITUDE 0. 0. 0.
64.650 3 ESTIMATOR 353.080811 -0.49283
64.698 3 IMU_MAG 0 0. 0. 0.
64.714 3 ATTITUDE 0. 0. 0.
64.746 3 ENERGY 0 12.30815 0. 0. 0. 0. 0.
64.762 3 WP_MOVED 2 641796.8125 5474624.5 436. 32
64.794 3 DESIRED -0. 0.13 3. 86. -43. 436. 5. 15.
64.810 3 ATTITUDE 0. 0. 0.
64.874 3 GPS 3 64187391 547467815 1684 353194 18 -35 2373 121769200 32 0
64.876 3 SVINFO 16 5 0 3 19 -91 0
64.923 3 ATTITUDE 0. 0. 0.
64.955 3 LOGGER_STATUS 1 0 253952 PPRZ\pprzlog_0157.LOG,FLIGHT_RECORDER\fr_0153.LOG
65.002 3 DESIRED -0. 0.13 3. 86. -43. 436. 5. 15.
65.018 3 ATTITUDE 0. 0. 0.
65.050 3 CIRCLE 2.8 -28.299999 60.
65.051 3 AIRSPEED 0. 0. 0. 0.
65.116 3 LINK_REPORT 3 -1 65 0 61885 2572 0 970. 38. 12 75.64
65.143 3 GPS 3 64187388 547467813 1684 353176 17 -32 2373 121769400 32 0
65.144 3 SVINFO 19 8 0 3 35 47 53
65.144 3 ATTITUDE 0. 0. 0.
65.145 3 ESTIMATOR 352.789612 -0.487246
65.217 3 DESIRED -0. 0.13 3. 86. -43. 436. 5. 15.
65.218 3 IMU_ACCEL 1 -0.950195 -0.174805 -9.185547
65.218 3 IMU_GYRO 1 -0.063721 0.001221 -0.008301
65.218 3 ATTITUDE 0. 0. 0.
65.248 3 NAVIGATION_REF 641794 5474653 32 356.
65.249 3 DL_VALUE 44 0.03
65.264 3 WP_MOVED 3 641820. 5474501. 446. 32
65.312 3 ATTITUDE 0. 0. 0.
65.345 3 NAVIGATION 10 0 79.9 25.5 0. 83.8 0 67 67 1 0 0
65.377 3 GPS 3 64187388 547467817 1684 353124 11 -40 2373 121769600 32 0
65.378 3 SVINFO 21 255 0 6 22 -91 0
65.393 3 DESIRED -0. 0.13 3. 86. -43. 436. 5. 15.
65.408 3 ATTITUDE 0. 0. 0.
65.504 3 STATE_FILTER_STATUS 6 5 0
65.521 3 ATTITUDE 0. 0. 0.
65.553 3 FBW_STATUS 0 45 0 12.314335 0.
65.601 3 DESIRED -0. 0.13 3. 86. -43. 436. 5. 15.
65.643 3 GPS 3 64187384 547467808 1684 353180 8 -42 2373 121770000 32 0
65.645 3 SVINFO 23 255 1 6 30 -91 0
65.645 3 ATTITUDE 0. 0. 0.
65.646 3 PONG 
65.646 3 ESTIMATOR 352.789612 -0.487246
65.723 3 ATTITUDE 0. 0. 0.
65.739 3 WP_MOVED 4 641757.8125 5474491. 446. 32
65.813 3 CALIBRATION 0.1 0
65.814 3 DESIRED -0. 0.13 3. 86. -43. 436. 5. 15.
65.815 3 IMU_GYRO 1 -0.063721 0.00293 -0.006348
65.815 3 ATTITUDE 0. 0. 0.
65.845 3 ENERGY 0 12.32052 0. 0. 0. 0. 0.
