2.316 3 LINK_REPORT 3 -1 2 0 1937 82 0 959. 40. 0 0.
2.328 3 SHT_STATUS 0 0 0.1 -39.66
2.328 3 ATTITUDE 0.003219 -3.140466 0.144295
2.402 3 NAVIGATION_REF 649123 5253077 32 2575.
2.402 3 CIRCLE 0. 0. -60.
2.402 3 GPS 0 16602145 0 0 -17000 0 0 2320 195 31 0
2.403 3 SVINFO 0 0 0 0 0 0 0
2.403 3 DESIRED 0.36 0.15 0.8 60. 60. 2595. 5. 15.
2.434 3 ATTITUDE 0.003209 -3.140451 0.144294
2.530 3 ATTITUDE 0.003228 -3.140434 0.144334
2.546 3 IMU_GYRO 1 -0.028564 0.025635 -0.044678
2.594 3 DESIRED 0.36 0.15 0.8 60. 60. 2595. 5. 15.
2.626 3 ESTIMATOR 2559.246338 -13.239571
2.652 3 GPS 0 16602145 0 0 -17000 0 0 2320 195 31 0
2.652 3 SVINFO 0 0 0 0 0 0 0
2.653 3 ATTITUDE 0.00322 -3.140424 0.144351
2.716 3 WP_MOVED 2 649046.125 5253124. 2595. 32
2.732 3 ATTITUDE 0.003239 -3.140411 0.144393
2.748 3 IMU_ACCEL 1 1.351562 -0.02832 -9.381836
2.748 3 ENERGY 0 11.44225 0. 0. 0. 0. 0.
2.796 3 DESIRED 0.36 0.15 0.8 60. 60. 2595. 5. 15.
2.828 3 SHT_STATUS 0 0 0.1 -39.66
2.828 3 ATTITUDE 0.003254 -3.140398 0.144431
2.870 3 LINK_REPORT 3 -1 3 0 2985 126 0 1048. 44. 0 0.
2.876 3 GPS 0 16602145 0 0 -17000 0 0 2320 195 31 0
2.877 3 SVINFO 0 0 0 0 0 0 0
2.940 3 ATTITUDE 0.003255 -3.140355 0.14446
2.972 3 AIRSPEED 0. 0. 0. 0.
3.005 3 DESIRED 0.36 0.15 0.8 60. 60. 2595. 5. 15.
3.020 3 CALIBRATION -150. 0
3.036 3 ATTITUDE 0.003247 -3.14031 0.144457
3.132 3 DL_VALUE 8 1.
3.133 3 ESTIMATOR 2561.955566 -8.765318
3.161 3 GPS 0 16602145 0 0 -17000 0 0 2320 195 31 0
3.162 3 SVINFO 0 0 0 0 0 0 0
3.163 3 ATTITUDE 0.003252 -3.140273 0.144473
3.163 3 IMU_GYRO 1 -0.029053 0.025635 -0.042969
3.193 3 DESIRED 0.36 0.15 0.8 60. 60. 2595. 5. 15.
3.225 3 WP_MOVED 0 649123. 5253077. 2595. 32
3.241 3 ATTITUDE 0.003289 -3.140241 0.144493
3.273 3 COMMANDS 0,3163,81
3.290 3 NAVIGATION 9 0 0. 0. 0. 0. 0 13 13 1 0 0
3.292 3 IMU_MAG 0 0. 0. 0.
3.337 3 SHT_STATUS 0 0 0.1 -39.66
3.337 3 ATTITUDE 0.003286 -3.140182 0.144495
3.398 3 FBW_STATUS 2 0 1 11.42988 0.
3.399 3 GPS 0 16602145 0 0 -17000 0 0 2320 195 31 0
3.400 3 SVINFO 0 0 0 0 0 0 0
3.401 3 DESIRED 0.36 0.15 0.8 60. 60. 2595. 5. 15.
3.413 3 CIRCLE 0. 0. -60.
3.429 3 ATTITUDE 0.003301 -3.140145 0.144485
3.542 3 ATTITUDE 0.003357 -3.140107 0.144501
3.542 3 IMU_ACCEL 1 1.341797 -0.011719 -9.379883
3.605 3 DESIRED 0.36 0.15 0.8 60. 60. 2595. 5. 15.
3.647 3 ESTIMATOR 2566.111816 -3.815619
3.648 3 GPS 0 16602145 0 0 -17000 0 0 2320 195 31 0
3.648 3 SVINFO 0 0 0 0 0 0 0
3.648 3 ATTITUDE 0.003384 -3.14008 0.144494
3.727 3 WP_MOVED 1 649123. 5253077. 2595. 32
3.743 3 ATTITUDE 0.003391 -3.14007 0.14453
3.759 3 IMU_GYRO 1 -0.028564 0.02417 -0.043457
3.791 3 DESIRED 0.36 0.15 0.8 60. 60. 2595. 4.9 15.
3.839 3 SHT_STATUS 0 0 0.1 -39.66
3.839 3 ATTITUDE 0.003404 -3.140022 0.144555
3.855 3 ENERGY 0 11.448435 0. 0. 0. 0. 0.
3.870 3 LINK_REPORT 3 -1 4 0 3961 167 0 976. 41. 0 0.
3.887 3 GPS 0 16602145 0 0 -17000 0 0 2320 195 31 0
3.888 3 SVINFO 0 0 0 0 0 0 0
3.935 3 ATTITUDE 0.003427 -3.140024 0.144562
3.983 3 GPS_SOL 429496729 99900 9999 0
3.983 3 AIRSPEED 0. 0. 0. 0.
3.999 3 DESIRED 0.36 0.15 0.8 60. 60. 2595. 4.7 15.
4.031 3 DATALINK_REPORT 14 0 0 988 0 0
4.047 3 ATTITUDE 0.003473 -3.139993 0.144542
4.127 3 ESTIMATOR 2568.770508 -1.486911
4.153 3 GPS 0 16602145 0 0 -17000 0 0 2320 195 31 0
4.154 3 SVINFO 0 0 0 0 0 0 0
4.154 3 ATTITUDE 0.003484 -3.139965 0.144563
4.169 3 FBW_STATUS 2 0 1 11.448435 0.
4.201 3 DESIRED 0.36 0.14 0.8 60. 60. 2595. 4.5 15.
4.233 3 WP_MOVED 2 649046.125 5253124. 2595. 32
4.249 3 ATTITUDE 0.00348 -3.139963 0.14457
4.281 3 NAVIGATION 9 0 0. 0. 0. 0. 0 14 14 1 0 0
4.360 3 SHT_STATUS 0 0 0.1 -39.66
4.360 3 ATTITUDE 0.003523 -3.139943 0.144595
4.361 3 IMU_ACCEL 1 1.336914 -0.02832 -9.353516
4.361 3 IMU_GYRO 1 -0.029053 0.024658 -0.043457
4.376 3 GPS 0 16602145 0 0 -17000 0 0 2320 195 31 0
4.392 3 SVINFO 0 0 0 0 0 0 0
4.392 3 DESIRED 0.36 0.14 0.8 60. 60. 2595. 4.3 15.
4.424 3 ATTITUDE 0.003563 -3.139891 0.144591
4.473 3 CIRCLE 0. 0. -60.
4.505 3 STATE_FILTER_STATUS 6 3 0
4.537 3 ATTITUDE 0.003589 -3.139862 0.1446
4.601 3 IMU_MAG 0 0. 0. 0.
4.602 3 DESIRED 0.36 0.13 0.8 60. 60. 2595. 4.1 15.
4.633 3 DL_VALUE 9 2595.
4.633 3 ESTIMATOR 2572.166504 0.753416
4.649 3 GPS 0 16602145 0 0 -17000 0 0 2320 195 31 0
4.650 3 SVINFO 0 0 0 0 0 0 0
4.651 3 ATTITUDE 0.003614 -3.139831 0.144634
4.729 3 WP_MOVED 0 649123. 5253077. 2595. 32
4.745 3 ATTITUDE 0.003627 -3.139781 0.144666
4.793 3 DESIRED 0.36 0.12 0.8 60. 60. 2595. 4. 15.
4.826 3 SHT_STATUS 0 0 0.1 -39.66
4.841 3 ATTITUDE 0.003664 -3.139792 0.144653
4.871 3 LINK_REPORT 3 -1 5 0 4905 207 0 944. 40. 0 0.
4.888 3 GPS 0 16602145 0 0 -17000 0 0 2320 195 31 0
4.889 3 SVINFO 0 0 0 0 0 0 0
4.937 3 ATTITUDE 0.003664 -3.139756 0.144664
4.953 3 ENERGY 0 11.42988 0. 0. 0. 0. 0.
4.969 3 IMU_GYRO 1 -0.029785 0.025635 -0.043457
4.969 3 AIRSPEED 0. 0. 0. 0.
5.001 3 DESIRED 0.36 0.12 0.8 60. 60. 2595. 3.8 15.
5.033 3 ATTITUDE 0.003667 -3.139726 0.144669
5.097 3 CALIBRATION -150. 0
5.129 3 ESTIMATOR 2573.72168 1.451609
5.155 3 GPS 0 16602145 0 0 -17000 0 0 2320 195 31 0
5.156 3 SVINFO 0 0 0 0 0 0 0
5.157 3 ATTITUDE 0.003678 -3.139723 0.1447
5.157 3 IMU_ACCEL 1 1.349609 -0.040039 -9.411133
5.204 3 DESIRED 0.36 0.12 0.8 60. 60. 2595. 3.7 15.
5.219 3 WP_MOVED 1 649123. 5253077. 2595. 32
5.235 3 ATTITUDE 0.003662 -3.139682 0.144664
5.284 3 NAVIGATION 9 0 0. 0. 0. 0. 0 15 15 1 0 0
5.285 3 COMMANDS 0,3160,-451
5.332 3 SHT_STATUS 0 0 0.1 -39.66
5.332 3 ATTITUDE 0.003666 -3.139638 0.14468
5.379 3 FBW_STATUS 2 0 1 11.44225 0.
5.395 3 GPS 0 16602145 0 0 -17000 0 0 2320 195 31 0
5.395 3 SVINFO 0 0 0 0 0 0 0
5.416 3 DESIRED 0.36 0.11 0.8 60. 60. 2595. 3.6 15.
5.427 3 PONG 
5.443 3 ATTITUDE 0.003661 -3.139628 0.144696
5.522 3 CIRCLE 0. 0. -60.
5.538 3 ATTITUDE 0.003626 -3.139604 0.144732
5.555 3 LOGGER_STATUS 0 0 0 none
5.556 3 IMU_GYRO 1 -0.030273 0.027344 -0.043457
5.603 3 DESIRED 0.36 0.11 0.8 60. 60. 2595. 3.5 15.
5.649 3 ESTIMATOR 2575.391846 1.878688
5.650 3 GPS 0 16602145 0 0 -17000 0 0 2320 195 31 0
5.651 3 SVINFO 0 0 0 0 0 0 0
5.652 3 ATTITUDE 0.00361 -3.139558 0.144763
5.713 3 WP_MOVED 2 649046.125 5253124. 2595. 32
5.745 3 ATTITUDE 0.003646 -3.139501 0.144776
5.793 3 DESIRED 0.36 0.11 0.8 60. 60. 2595. 3.4 15.
5.828 3 SHT_STATUS 0 0 0.1 -39.66
5.841 3 ATTITUDE 0.003662 -3.139461 0.144781
5.872 3 LINK_REPORT 3 -1 6 0 5874 248 0 969. 41. 1 58.09
5.873 3 GPS 0 16602145 0 0 -17000 0 0 2320 195 31 0
5.889 3 SVINFO 0 0 0 0 0 0 0
5.889 3 IMU_MAG 0 0. 0. 0.
5.937 3 ATTITUDE 0.003646 -3.139421 0.144782
5.937 3 IMU_ACCEL 1 1.334961 -0.023438 -9.358398
5.969 3 GPS_SOL 429496729 99900 9999 0
5.985 3 AIRSPEED 0. 0. 0. 0.
6.001 3 DESIRED 0.36 0.1 0.8 60. 60. 2595. 3.4 15.
6.033 3 ATTITUDE 0.003639 -3.139378 0.1448
6.065 3 ENERGY 0 11.41751 0. 0. 0. 0. 0.
6.129 3 DL_VALUE 10 0.
6.130 3 ESTIMATOR 2576.174561 1.890826
6.159 3 GPS 0 16602145 0 0 -17000 0 0 2320 195 31 0
6.160 3 SVINFO 0 0 0 0 0 0 0
6.161 3 ATTITUDE 0.003598 -3.13938 0.144788
6.162 3 IMU_GYRO 1 -0.028564 0.024658 -0.043945
6.175 3 FBW_STATUS 2 0 1 11.44225 0.
6.191 3 DESIRED 0.36 0.1 0.8 60. 60. 2595. 3.3 15.
6.223 3 WP_MOVED 0 649123. 5253077. 2595. 32
6.239 3 ATTITUDE 0.00364 -3.139374 0.144791
6.288 3 NAVIGATION 9 0 0. 0. 0. 0. 0 16 16 1 0 0
6.289 3 ACTUATORS 1040,1353,1401
6.335 3 SHT_STATUS 0 0 0.1 -39.66
6.335 3 ATTITUDE 0.003679 -3.139328 0.144795
6.383 3 GPS 0 16602145 0 0 -17000 0 0 2320 195 31 0
6.383 3 SVINFO 0 0 0 0 0 0 0
6.399 3 DESIRED 0.36 0.1 0.8 60. 60. 2595. 3.3 15.
6.431 3 ATTITUDE 0.003691 -3.139302 0.144816
6.527 3 ATTITUDE 0.003655 -3.139246 0.144831
6.560 3 ALIVE 8,144,6,66,11,198,81,189,7,217,216,157,220,111,57,170
6.575 3 CIRCLE 0. 0. -60.
6.607 3 DESIRED 0.36 0.1 0.8 60. 60. 2595. 3.3 15.
6.649 3 ESTIMATOR 2576.652344 1.536368
6.649 3 GPS 0 16602145 0 0 -17000 0 0 2320 195 31 0
6.650 3 SVINFO 0 0 0 0 0 0 0
6.650 3 ATTITUDE 0.003676 -3.139209 0.14481
6.713 3 STATE_FILTER_STATUS 6 3 0
6.729 3 WP_MOVED 1 649123. 5253077. 2595. 32
6.745 3 ATTITUDE 0.003674 -3.139186 0.144828
6.746 3 IMU_ACCEL 1 1.328125 -0.044922 -9.368164
6.761 3 IMU_GYRO 1 -0.029053 0.023682 -0.042969
6.794 3 DESIRED 0.36 0.1 0.8 60. 60. 2595. 3.3 15.
6.833 3 SHT_STATUS 0 0 0.1 -39.66
6.842 3 ATTITUDE 0.003654 -3.139096 0.144832
6.873 3 LINK_REPORT 3 -1 7 0 6914 292 0 1040. 44. 1 58.09
6.874 3 GPS 0 16602145 0 0 -17000 0 0 2320 195 31 0
6.889 3 SVINFO 0 0 0 0 0 0 0
6.921 3 PPRZ_MODE 2 3 3 2 0 4
6.937 3 ATTITUDE 0.003663 -3.139046 0.144845
6.969 3 AIRSPEED 0. 0. 0. 0.
7.002 3 DESIRED 0.36 0.1 0.8 60. 60. 2595. 3.3 15.
7.033 3 ATTITUDE 0.003677 -3.138998 0.144839
7.130 3 ESTIMATOR 2576.848877 1.300494
7.146 3 GPS 0 16602145 0 0 -17000 0 0 2320 195 31 0
7.147 3 SVINFO 0 0 0 0 0 0 0
7.148 3 ATTITUDE 0.003695 -3.138954 0.144869
7.162 3 ENERGY 0 11.44225 0. 0. 0. 0. 0.
7.193 3 IMU_MAG 0 0. 0. 0.
7.211 3 DESIRED 0.36 0.1 0.8 60. 60. 2595. 3.2 15.
7.212 3 CALIBRATION -150. 0
7.225 3 WP_MOVED 2 649046.125 5253124. 2595. 32
7.241 3 ATTITUDE 0.003733 -3.138907 0.144895
7.274 3 NAVIGATION 9 0 0. 0. 0. 0. 0 17 17 1 0 0
7.339 3 SHT_STATUS 0 0 0.1 -39.66
7.340 3 ATTITUDE 0.003769 -3.138862 0.144898
7.353 3 IMU_GYRO 1 -0.029785 0.025146 -0.04248
7.397 3 FBW_STATUS 2 0 1 11.44225 0.
7.397 3 GPS 0 16602145 0 0 -17000 0 0 2320 195 31 0
7.398 3 SVINFO 0 0 0 0 0 0 0
7.398 3 DESIRED 0.36 0.1 0.8 60. 60. 2595. 3.2 15.
7.429 3 ATTITUDE 0.003794 -3.138802 0.144891
7.542 3 ATTITUDE 0.003807 -3.138717 0.144913
7.542 3 IMU_ACCEL 1 1.344727 -0.02832 -9.401367
7.606 3 DESIRED 0.36 0.1 0.8 60. 60. 2595. 3.2 15.
7.650 3 DL_VALUE 11 0.
7.651 3 CIRCLE 0. 0. -60.
7.652 3 ESTIMATOR 2576.945801 0.925735
7.652 3 GPS 0 16602145 0 0 -17000 0 0 2320 195 31 0
7.653 3 SVINFO 0 0 0 0 0 0 0
7.654 3 ATTITUDE 0.003856 -3.138676 0.144908
7.731 3 WP_MOVED 0 649123. 5253077. 2595. 32
7.746 3 ATTITUDE 0.003861 -3.138641 0.144886
7.795 3 DESIRED 0.36 0.1 0.8 60. 60. 2595. 3.2 15.
7.833 3 SHT_STATUS 0 0 0.1 -39.66
7.843 3 ATTITUDE 0.003855 -3.138589 0.144875
7.873 3 LINK_REPORT 3 -1 8 0 7868 332 0 954. 40. 1 58.09
7.874 3 GPS 0 16602145 0 0 -17000 0 0 2320 195 31 0
7.890 3 SVINFO 0 0 0 0 0 0 0
7.939 3 ATTITUDE 0.003837 -3.138538 0.144868
7.955 3 IMU_GYRO 1 -0.028564 0.02417 -0.042969
7.971 3 GPS_SOL 429496729 99900 9999 0
7.987 3 AIRSPEED 0. 0. 0. 0.
8.003 3 DESIRED 0.36 0.1 0.8 60. 60. 2595. 3.2 15.
8.034 3 ATTITUDE 0.003854 -3.138476 0.144846
8.131 3 ESTIMATOR 2577.066895 0.785087
8.131 3 GPS 0 16602145 0 0 -17000 0 0 2320 195 31 0
8.147 3 SVINFO 0 0 0 0 0 0 0
8.148 3 ATTITUDE 0.003872 -3.138422 0.144857
8.163 3 FBW_STATUS 2 0 1 11.436065 0.
8.195 3 DESIRED 0.36 0.1 0.8 60. 60. 2595. 3.2 15.
8.227 3 WP_MOVED 1 649123. 5253077. 2595. 32
8.243 3 ATTITUDE 0.003849 -3.13839 0.144861
8.259 3 ENERGY 0 11.448435 0. 0. 0. 0. 0.
8.275 3 COMMANDS 0,3159,-663
8.291 3 NAVIGATION 9 0 0. 0. 0. 0. 0 18 18 1 0 0
8.339 3 SHT_STATUS 0 0 0.1 -39.66
8.340 3 ATTITUDE 0.003865 -3.138339 0.144844
8.341 3 IMU_ACCEL 1 1.354492 -0.038086 -9.375
8.386 3 GPS 0 16602145 0 0 -17000 0 0 2320 195 31 0
8.387 3 SVINFO 0 0 0 0 0 0 0
8.403 3 DESIRED 0.36 0.1 0.8 60. 60. 2595. 3.2 15.
8.435 3 ATTITUDE 0.003846 -3.138308 0.144823
8.499 3 IMU_MAG 0 0. 0. 0.
8.531 3 ATTITUDE 0.003842 -3.138238 0.144818
8.547 3 IMU_GYRO 1 -0.029785 0.024658 -0.042969
8.595 3 DESIRED 0.36 0.1 0.8 60. 60. 2595. 3.3 15.
8.627 3 ESTIMATOR 2576.93457 0.467872
8.643 3 GPS 0 16602145 0 0 -17000 0 0 2320 195 31 0
8.644 3 SVINFO 0 0 0 0 0 0 0
8.645 3 ATTITUDE 0.003864 -3.138158 0.144804
8.675 3 CIRCLE 0. 0. -60.
8.723 3 WP_MOVED 2 649046.125 5253124. 2595. 32
8.739 3 ATTITUDE 0.003908 -3.138119 0.144782
8.803 3 DESIRED 0.36 0.1 0.8 60. 60. 2595. 3.3 15.
8.835 3 SHT_STATUS 0 0 0.1 -39.66
8.851 3 ATTITUDE 0.003895 -3.138078 0.144793
8.874 3 LINK_REPORT 3 -1 9 0 8837 372 0 969. 40. 1 58.09
8.883 3 GPS 0 16602145 0 0 -17000 0 0 2320 195 31 0
8.883 3 SVINFO 0 0 0 0 0 0 0
8.915 3 STATE_FILTER_STATUS 6 3 0
8.931 3 ATTITUDE 0.003909 -3.13802 0.144819
8.979 3 AIRSPEED 0. 0. 0. 0.
8.995 3 DESIRED 0.36 0.1 0.8 60. 60. 2595. 3.2 15.
9.027 3 ATTITUDE 0.003897 -3.137974 0.1448
9.151 3 DATALINK_REPORT 3 1 0 960 0 0
9.152 3 DL_VALUE 12 0.
9.153 3 ESTIMATOR 2577.015137 0.413336
9.154 3 GPS 0 16602145 0 0 -17000 0 0 2320 195 31 0
9.155 3 SVINFO 0 0 0 0 0 0 0
9.156 3 ATTITUDE 0.003942 -3.137889 0.144812
9.167 3 IMU_ACCEL 1 1.382812 0.029297 -9.413086
9.167 3 IMU_GYRO 1 -0.029785 0.024658 -0.043457
9.199 3 DESIRED 0.36 0.1 0.8 60. 60. 2595. 3.2 15.
9.215 3 WP_MOVED 0 649123. 5253077. 2595. 32
9.231 3 ATTITUDE 0.003961 -3.137814 0.144796
9.280 3 NAVIGATION 9 0 0. 0. 0. 0. 0 19 19 1 0 0
9.295 3 CALIBRATION -150. 0
9.336 3 SHT_STATUS 0 0 0.1 -39.66
9.344 3 ATTITUDE 0.003918 -3.137748 0.144798
9.359 3 ENERGY 0 11.436065 0. 0. 0. 0. 0.
9.374 3 FBW_STATUS 2 0 1 11.436065 0.
9.405 3 GPS 0 16602145 0 0 -17000 0 0 2320 195 31 0
9.405 3 SVINFO 0 0 0 0 0 0 0
9.406 3 DESIRED 0.36 0.1 0.8 60. 60. 2595. 3.2 15.
9.437 3 ATTITUDE 0.003944 -3.137661 0.144746
9.533 3 ATTITUDE 0.003953 -3.137626 0.144777
9.598 3 DESIRED 0.36 0.1 0.8 60. 60. 2595. 3.2 15.
9.629 3 ESTIMATOR 2576.984131 0.266841
9.646 3 GPS 0 16602145 0 0 -17000 0 0 2320 195 31 0
9.647 3 SVINFO 0 0 0 0 0 0 0
9.648 3 ATTITUDE 0.00393 -3.137558 0.144803
9.725 3 CIRCLE 0. 0. -60.
9.726 3 WP_MOVED 1 649123. 5253077. 2595. 32
9.741 3 ATTITUDE 0.003952 -3.137479 0.144793
9.757 3 IMU_GYRO 1 -0.028564 0.025635 -0.043457
9.805 3 IMU_MAG 0 0. 0. 0.
9.806 3 DESIRED 0.36 0.1 0.8 60. 60. 2595. 3.3 15.
9.821 3 SHT_STATUS 0 0 0.1 -39.66
9.837 3 ATTITUDE 0.00396 -3.137433 0.144795
9.875 3 LINK_REPORT 3 -1 10 0 9829 414 0 992. 42. 1 58.09
9.885 3 GPS 0 16602145 0 0 -17000 0 0 2320 195 31 0
9.885 3 SVINFO 0 0 0 0 0 0 0
9.933 3 ATTITUDE 0.004 -3.137372 0.144793
9.934 3 IMU_ACCEL 1 1.368164 0. -9.396484
9.981 3 GPS_SOL 429496729 99900 9999 0
9.982 3 AIRSPEED 0. 0. 0. 0.
9.998 3 DESIRED 0.36 0.1 0.8 60. 60. 2595. 3.3 15.
10.029 3 ATTITUDE 0.004 -3.13729 0.14478
10.126 3 ESTIMATOR 2576.939209 0.185452
10.152 3 GPS 0 16602145 0 0 -17000 0 0 2320 195 31 0
10.153 3 SVINFO 0 0 0 0 0 0 0
10.154 3 ATTITUDE 0.00398 -3.137233 0.144781
10.167 3 FBW_STATUS 2 0 1 11.44225 0.
10.200 3 DESIRED 0.36 0.1 0.8 60. 60. 2595. 3.2 15.
10.215 3 WP_MOVED 2 649046.125 5253124. 2595. 32
10.231 3 ATTITUDE 0.004014 -3.137157 0.144742
10.280 3 NAVIGATION 9 0 0. 0. 0. 0. 0 20 20 1 0 0
10.281 3 COMMANDS 0,3157,-660
10.338 3 SHT_STATUS 0 0 0.1 -39.66
10.344 3 ATTITUDE 0.003988 -3.137079 0.144724
10.345 3 IMU_GYRO 1 -0.029053 0.025635 -0.043457
10.375 3 GPS 0 16602145 0 0 -17000 0 0 2320 195 31 0
10.376 3 SVINFO 0 0 0 0 0 0 0
10.407 3 DESIRED 0.36 0.1 0.8 60. 60. 2595. 3.2 15.
10.407 3 PONG 
10.423 3 ATTITUDE 0.004029 -3.137024 0.144747
10.455 3 ENERGY 0 11.436065 0. 0. 0. 0. 0.
10.536 3 ATTITUDE 0.004081 -3.136918 0.14476
10.600 3 DESIRED 0.36 0.1 0.8 60. 60. 2595. 3.2 15.
10.632 3 DL_VALUE 13 70.
10.632 3 ESTIMATOR 2577.023926 0.166046
10.662 3 GPS 0 16602145 0 0 -17000 0 0 2320 195 31 0
10.664 3 SVINFO 0 0 0 0 0 0 0
10.664 3 ATTITUDE 0.004045 -3.136855 0.144778
10.665 3 LOGGER_STATUS 0 0 0 none
10.726 3 WP_MOVED 0 649123. 5253077. 2595. 32
10.742 3 ATTITUDE 0.004041 -3.136776 0.144746
10.743 3 IMU_ACCEL 1 1.339844 -0.003906 -9.427734
10.775 3 CIRCLE 0. 0. -60.
10.807 3 DESIRED 0.36 0.1 0.8 60. 60. 2595. 3.2 15.
10.838 3 SHT_STATUS 0 0 0.1 -39.66
10.839 3 ATTITUDE 0.004003 -3.136694 0.14474
10.875 3 LINK_REPORT 3 -1 11 0 10817 456 0 988. 42. 2 37.72
10.886 3 GPS 0 16602145 0 0 -17000 0 0 2320 195 31 0
10.886 3 SVINFO 0 0 0 0 0 0 0
10.934 3 ATTITUDE 0.003978 -3.136618 0.144693
10.950 3 IMU_GYRO 1 -0.029785 0.024658 -0.042969
10.966 3 AIRSPEED 0. 0. 0. 0.
10.999 3 DESIRED 0.36 0.1 0.8 60. 60. 2595. 3.2 15.
11.031 3 ATTITUDE 0.004006 -3.136527 0.14469
11.095 3 IMU_MAG 0 0. 0. 0.
11.110 3 STATE_FILTER_STATUS 6 3 0
11.127 3 ESTIMATOR 2576.973633 0.096636
11.143 3 GPS 0 16602145 0 0 -17000 0 0 2320 195 31 0
11.144 3 SVINFO 0 0 0 0 0 0 0
11.144 3 ATTITUDE 0.003989 -3.136479 0.144654
11.208 3 DESIRED 0.36 0.1 0.8 60. 60. 2595. 3.2 15.
11.222 3 WP_MOVED 1 649123. 5253077. 2595. 32
11.238 3 ATTITUDE 0.003975 -3.136431 0.144653
11.287 3 NAVIGATION 9 0 0. 0. 0. 0. 0 21 21 1 0 0
11.288 3 ACTUATORS 1040,1352,1403
11.335 3 SHT_STATUS 0 0 0.1 -39.66
11.336 3 ATTITUDE 0.003971 -3.13635 0.144636
11.382 3 NAVIGATION_REF 649123 5253077 32 2575.
11.382 3 FBW_STATUS 2 0 1 11.436065 0.
11.412 3 GPS 0 16602145 0 0 -17000 0 0 2320 195 31 0
11.414 3 SVINFO 0 0 0 0 0 0 0
11.414 3 DESIRED 0.36 0.1 0.8 60. 60. 2595. 3.2 15.
11.415 3 CALIBRATION -150. 0
11.429 3 ATTITUDE 0.003953 -3.136313 0.144614
11.541 3 ATTITUDE 0.003921 -3.136268 0.144635
11.542 3 IMU_ACCEL 1 1.368164 -0.018555 -9.389648
11.557 3 ENERGY 0 11.44225 0. 0. 0. 0. 0.
11.558 3 IMU_GYRO 1 -0.028564 0.024658 -0.043457
11.605 3 DESIRED 0.36 0.1 0.8 60. 60. 2595. 3.2 15.
11.647 3 ESTIMATOR 2577.03125 0.101636
11.649 3 GPS 0 16602145 0 0 -17000 0 0 2320 195 31 0
11.650 3 SVINFO 0 0 0 0 0 0 0
11.651 3 ATTITUDE 0.003895 -3.13623 0.144599
11.652 3 ALIVE 8,144,6,66,11,198,81,189,7,217,216,157,220,111,57,170
11.728 3 WP_MOVED 2 649046.125 5253124. 2595. 32
11.744 3 ATTITUDE 0.003872 -3.136191 0.144591
11.792 3 DESIRED 0.36 0.1 0.8 60. 60. 2595. 3.2 15.
11.850 3 PPRZ_MODE 2 3 3 2 0 4
11.851 3 CIRCLE 0. 0. -60.
11.852 3 SHT_STATUS 0 0 0.1 -39.66
11.852 3 ATTITUDE 0.003901 -3.136136 0.144589
11.876 3 LINK_REPORT 3 -1 12 0 11852 500 0 1035. 44. 2 37.72
11.881 3 GPS 0 16602145 0 0 -17000 0 0 2320 195 31 0
11.882 3 SVINFO 0 0 0 0 0 0 0
11.930 3 ATTITUDE 0.003898 -3.136082 0.144577
11.978 3 GPS_SOL 429496729 99900 9999 0
11.978 3 AIRSPEED 0. 0. 0. 0.
11.994 3 DESIRED 0.36 0.1 0.8 60. 60. 2595. 3.3 15.
12.026 3 ATTITUDE 0.003887 -3.136014 0.144575
12.148 3 DL_VALUE 14 0.
12.149 3 ESTIMATOR 2576.833984 -0.033793
12.150 3 GPS 0 16602145 0 0 -17000 0 0 2320 195 31 0
12.156 3 SVINFO 0 0 0 0 0 0 0
12.156 3 ATTITUDE 0.003866 -3.135954 0.144575
12.157 3 IMU_GYRO 1 -0.029053 0.024658 -0.043457
12.164 3 FBW_STATUS 2 0 1 11.44225 0.
12.197 3 DESIRED 0.36 0.1 0.8 60. 60. 2595. 3.3 15.
12.229 3 WP_MOVED 0 649123. 5253077. 2595. 32
12.245 3 ATTITUDE 0.003868 -3.135898 0.144539
12.277 3 NAVIGATION 9 0 0. 0. 0. 0. 0 22 22 1 0 0
12.341 3 SHT_STATUS 0 0 0.1 -39.66
12.342 3 ATTITUDE 0.003867 -3.13583 0.144545
12.343 3 IMU_ACCEL 1 1.366211 -0.016602 -9.425781
12.388 3 GPS 0 16602145 0 0 -17000 0 0 2320 195 31 0
12.389 3 SVINFO 0 0 0 0 0 0 0
12.404 3 IMU_MAG 0 0. 0. 0.
12.404 3 DESIRED 0.36 0.1 0.8 60. 60. 2595. 3.3 15.
12.436 3 ATTITUDE 0.003822 -3.135794 0.144549
12.533 3 ATTITUDE 0.003764 -3.135721 0.144537
12.598 3 DESIRED 0.36 0.1 0.8 60. 60. 2595. 3.3 15.
12.629 3 ESTIMATOR 2576.436523 -0.233303
12.659 3 GPS 0 16602145 0 0 -17000 0 0 2320 195 31 0
12.661 3 SVINFO 0 0 0 0 0 0 0
12.662 3 ATTITUDE 0.003768 -3.135659 0.144524
12.662 3 ENERGY 0 11.448435 0. 0. 0. 0. 0.
12.723 3 WP_MOVED 1 649123. 5253077. 2595. 32
12.739 3 ATTITUDE 0.003708 -3.135625 0.144492
12.755 3 IMU_GYRO 1 -0.029053 0.026123 -0.042969
12.803 3 DESIRED 0.36 0.1 0.8 60. 60. 2595. 3.3 15.
12.843 3 SHT_STATUS 0 0 0.1 -39.66
12.858 3 ATTITUDE 0.00376 -3.135562 0.144497
12.876 3 LINK_REPORT 3 -1 13 0 12799 539 0 947. 39. 2 37.72
12.896 3 CIRCLE 0. 0. -60.
12.897 3 GPS 0 16602145 0 0 -17000 0 0 2320 195 31 0
12.897 3 SVINFO 0 0 0 0 0 0 0
12.929 3 ATTITUDE 0.003725 -3.135489 0.144527
12.977 3 AIRSPEED 0. 0. 0. 0.
12.993 3 DESIRED 0.36 0.1 0.8 60. 60. 2595. 3.4 15.
13.025 3 ATTITUDE 0.003751 -3.135432 0.14452
13.089 3 AUTOPILOT_VERSION 60400 v6.4.0_stable
13.150 3 ESTIMATOR 2576.343262 -0.236277
13.152 3 GPS 0 16602145 0 0 -17000 0 0 2320 195 31 0
13.153 3 SVINFO 0 0 0 0 0 0 0
13.154 3 ATTITUDE 0.003794 -3.135335 0.144491
13.154 3 IMU_ACCEL 1 1.341797 -0.023438 -9.399414
13.198 3 DESIRED 0.36 0.1 0.8 60. 60. 2595. 3.4 15.
13.215 3 WP_MOVED 2 649046.125 5253124. 2595. 32
13.230 3 ATTITUDE 0.003808 -3.135241 0.14451
13.278 3 COMMANDS 0,3159,-609
13.279 3 NAVIGATION 9 0 0. 0. 0. 0. 0 23 23 1 0 0
13.310 3 STATE_FILTER_STATUS 6 3 0
13.326 3 SHT_STATUS 0 0 0.1 -39.66
13.327 3 ATTITUDE 0.003843 -3.135182 0.144473
13.358 3 IMU_GYRO 1 -0.029053 0.024658 -0.042969
13.374 3 FBW_STATUS 2 0 1 11.44225 0.
13.405 3 GPS 0 16602145 0 0 -17000 0 0 2320 195 31 0
13.405 3 SVINFO 0 0 0 0 0 0 0
13.406 3 DESIRED 0.36 0.1 0.8 60. 60. 2595. 3.4 15.
13.437 3 ATTITUDE 0.00386 -3.135102 0.144445
13.501 3 CALIBRATION -150. 0
13.533 3 ATTITUDE 0.003873 -3.135053 0.144469
13.597 3 DESIRED 0.36 0.1 0.8 60. 60. 2595. 3.4 15.
13.629 3 DL_VALUE 15 70.
13.630 3 ESTIMATOR 2576.109619 -0.295682
13.657 3 GPS 0 16602145 0 0 -17000 0 0 2320 195 31 0
13.659 3 SVINFO 0 0 0 0 0 0 0
13.659 3 ATTITUDE 0.003914 -3.134972 0.144419
13.689 3 IMU_MAG 0 0. 0. 0.
13.722 3 WP_MOVED 0 649123. 5253077. 2595. 32
13.737 3 ATTITUDE 0.003901 -3.134863 0.144378
13.754 3 ENERGY 0 11.44225 0. 0. 0. 0. 0.
13.802 3 DESIRED 0.36 0.1 0.8 60. 60. 2595. 3.4 15.
13.842 3 SHT_STATUS 0 0 0.1 -39.66
13.843 3 ATTITUDE 0.003901 -3.134785 0.144317
13.877 3 LINK_REPORT 3 -1 14 0 13792 581 0 993. 42. 2 37.72
13.881 3 GPS 0 16602145 0 0 -17000 0 0 2320 195 31 0
13.881 3 SVINFO 0 0 0 0 0 0 0
13.913 3 CIRCLE 0. 0. -60.
13.929 3 ATTITUDE 0.003969 -3.134688 0.144308
13.945 3 IMU_ACCEL 1 1.351562 -0.016602 -9.416016
13.961 3 IMU_GYRO 1 -0.029053 0.02417 -0.042969
13.977 3 GPS_SOL 429496729 99900 9999 0
13.978 3 AIRSPEED 0. 0. 0. 0.
13.994 3 DESIRED 0.36 0.1 0.8 60. 60. 2595. 3.4 15.
14.008 3 WIND_INFO 3 5 0. 0. 0. 0.
14.025 3 ATTITUDE 0.003977 -3.134586 0.144283
14.149 3 ESTIMATOR 2576.005371 -0.287711
14.150 3 GPS 0 16602145 0 0 -17000 0 0 2320 195 31 0
14.152 3 SVINFO 0 0 0 0 0 0 0
14.159 3 ATTITUDE 0.003978 -3.134485 0.144244
14.165 3 FBW_STATUS 2 0 1 11.44225 0.
14.197 3 DESIRED 0.36 0.1 0.8 60. 60. 2595. 3.4 15.
14.212 3 DATALINK_REPORT 1 3 0 1015 0 0
14.229 3 WP_MOVED 1 649123. 5253077. 2595. 32
14.229 3 ATTITUDE 0.004005 -3.13439 0.144213
14.277 3 NAVIGATION 9 0 0. 0. 0. 0. 0 24 24 1 0 0
14.325 3 SHT_STATUS 0 0 0.1 -39.66
14.344 3 ATTITUDE 0.00399 -3.134322 0.14418
14.373 3 GPS 0 16602145 0 0 -17000 0 0 2320 195 31 0
14.389 3 SVINFO 0 0 0 0 0 0 0
14.405 3 DESIRED 0.36 0.1 0.8 60. 60. 2595. 3.4 15.
14.437 3 ATTITUDE 0.003971 -3.134258 0.144138
14.533 3 ATTITUDE 0.004015 -3.134178 0.144128
14.549 3 IMU_GYRO 1 -0.029785 0.024658 -0.043457
14.598 3 DESIRED 0.36 0.1 0.8 60. 60. 2595. 3.4 15.
14.629 3 ESTIMATOR 2575.94751 -0.218681
14.646 3 GPS 0 16602145 0 0 -17000 0 0 2320 195 31 0
14.648 3 SVINFO 0 0 0 0 0 0 0
14.649 3 ATTITUDE 0.00398 -3.134116 0.144129
14.725 3 WP_MOVED 2 649046.125 5253124. 2595. 32
14.741 3 ATTITUDE 0.004005 -3.134023 0.144074
14.742 3 IMU_ACCEL 1 1.328125 -0.016602 -9.370117
14.806 3 DESIRED 0.36 0.1 0.8 60. 60. 2595. 3.4 15.
14.822 3 SHT_STATUS 0 0 0.1 -39.66
14.842 3 ATTITUDE 0.003997 -3.133954 0.14404
14.869 3 ENERGY 0 11.44225 0. 0. 0. 0. 0.
14.878 3 LINK_REPORT 3 -1 15 0 14765 621 0 973. 40. 3 37.72
14.885 3 GPS 0 16602145 0 0 -17000 0 0 2320 195 31 0
14.886 3 SVINFO 0 0 0 0 0 0 0
14.934 3 ATTITUDE 0.004018 -3.133872 0.144028
14.981 3 CIRCLE 0. 0. -60.
14.982 3 AIRSPEED 0. 0. 0. 0.
14.998 3 IMU_MAG 0 0. 0. 0.
15.014 3 DESIRED 0.36 0.1 0.8 60. 60. 2595. 3.4 15.
15.030 3 ATTITUDE 0.004013 -3.133829 0.143992
15.125 3 DL_VALUE 16 0.
15.151 3 ESTIMATOR 2576.035645 -0.126932
15.152 3 GPS 0 16602145 0 0 -17000 0 0 2320 195 31 0
15.153 3 SVINFO 0 0 0 0 0 0 0
15.154 3 ATTITUDE 0.00404 -3.133775 0.143966
15.155 3 IMU_GYRO 1 -0.028564 0.024658 -0.04248
15.200 3 DESIRED 0.36 0.1 0.8 60. 60. 2595. 3.4 15.
15.216 3 WP_MOVED 0 649123. 5253077. 2595. 32
15.231 3 ATTITUDE 0.004074 -3.133679 0.143953
15.280 3 NAVIGATION 9 0 0. 0. 0. 0. 0 25 25 1 0 0
15.281 3 COMMANDS 0,3157,-588
15.327 3 SHT_STATUS 0 0 0.1 -39.66
15.344 3 ATTITUDE 0.004038 -3.133612 0.143981
15.375 3 FBW_STATUS 2 0 1 11.448435 0.
15.391 3 GPS 0 16602145 0 0 -17000 0 0 2320 195 31 0
15.392 3 SVINFO 0 0 0 0 0 0 0
15.407 3 DESIRED 0.36 0.1 0.8 60. 60. 2595. 3.4 15.
15.423 3 PONG 
15.439 3 ATTITUDE 0.004056 -3.133509 0.143965
15.503 3 STATE_FILTER_STATUS 6 3 0
15.535 3 ATTITUDE 0.00406 -3.133426 0.143932
15.536 3 IMU_ACCEL 1 1.356445 -0.011719 -9.420898
15.600 3 DESIRED 0.36 0.1 0.8 60. 60. 2595. 3.4 15.
15.616 3 CALIBRATION -150. 0
15.631 3 ESTIMATOR 2576.307861 0.048831
15.648 3 GPS 0 16602145 0 0 -17000 0 0 2320 195 31 0
15.649 3 SVINFO 0 0 0 0 0 0 0
15.649 3 ATTITUDE 0.004056 -3.133322 0.143946
15.728 3 WP_MOVED 1 649123. 5253077. 2595. 32
15.744 3 LOGGER_STATUS 0 0 0 none
15.745 3 ATTITUDE 0.004106 -3.133233 0.143918
15.760 3 IMU_GYRO 1 -0.029785 0.024658 -0.042969
15.792 3 DESIRED 0.36 0.1 0.8 60. 60. 2595. 3.4 15.
15.824 3 SHT_STATUS 0 0 0.1 -39.66
15.847 3 ATTITUDE 0.004095 -3.133144 0.143886
15.871 3 GPS 0 16602145 0 0 -17000 0 0 2320 195 31 0
15.879 3 LINK_REPORT 3 -1 16 0 15782 665 0 1017. 44. 4 53.55
15.887 3 SVINFO 0 0 0 0 0 0 0
15.935 3 ATTITUDE 0.00411 -3.133061 0.143891
15.952 3 ENERGY 0 11.448435 0. 0. 0. 0. 0.
15.984 3 GPS_SOL 429496729 99900 9999 0
15.984 3 AIRSPEED 0. 0. 0. 0.
16.000 3 DESIRED 0.36 0.1 0.8 60. 60. 2595. 3.3 15.
16.016 3 CIRCLE 0. 0. -60.
16.032 3 ATTITUDE 0.004112 -3.132962 0.143865
16.128 3 ESTIMATOR 2576.440186 0.111555
16.144 3 GPS 0 16602145 0 0 -17000 0 0 2320 195 31 0
16.146 3 SVINFO 0 0 0 0 0 0 0
16.147 3 ATTITUDE 0.004095 -3.13285 0.143862
16.176 3 FBW_STATUS 2 0 1 11.44225 0.
16.208 3 DESIRED 0.36 0.1 0.8 60. 60. 2595. 3.3 15.
16.224 3 WP_MOVED 2 649046.125 5253124. 2595. 32
16.240 3 ATTITUDE 0.004085 -3.132753 0.143842
16.288 3 NAVIGATION 9 0 0. 0. 0. 0. 0 26 26 1 0 0
16.290 3 ACTUATORS 1040,1354,1401
16.290 3 IMU_MAG 0 0. 0. 0.
16.357 3 SHT_STATUS 0 0 0.1 -39.66
16.358 3 ATTITUDE 0.004076 -3.132661 0.143855
16.358 3 IMU_ACCEL 1 1.330078 -0.040039 -9.360352
16.359 3 IMU_GYRO 1 -0.029053 0.024658 -0.043457
16.383 3 GPS 0 16602145 0 0 -17000 0 0 2320 195 31 0
16.384 3 SVINFO 0 0 0 0 0 0 0
16.399 3 DESIRED 0.36 0.1 0.8 60. 60. 2595. 3.3 15.
16.431 3 ATTITUDE 0.00404 -3.132569 0.143809
16.528 3 ATTITUDE 0.004015 -3.132505 0.1438
16.593 3 DESIRED 0.36 0.1 0.8 60. 60. 2595. 3.3 15.
16.650 3 DL_VALUE 17 2.
16.651 3 ESTIMATOR 2576.474609 0.101774
16.652 3 GPS 0 16602145 0 0 -17000 0 0 2320 195 31 0
16.653 3 SVINFO 0 0 0 0 0 0 0
16.654 3 ATTITUDE 0.004016 -3.132418 0.14376
16.730 3 PPRZ_MODE 2 3 3 2 0 4
16.731 3 WP_MOVED 0 649123. 5253077. 2595. 32
16.746 3 ATTITUDE 0.004029 -3.132358 0.143749
16.747 3 ALIVE 8,144,6,66,11,198,81,189,7,217,216,157,220,111,57,170
16.794 3 DESIRED 0.36 0.1 0.8 60. 60. 2595. 3.3 15.
16.826 3 SHT_STATUS 0 0 0.1 -39.66
16.845 3 ATTITUDE 0.004032 -3.132268 0.143706
16.874 3 GPS 0 16602145 0 0 -17000 0 0 2320 195 31 0
16.879 3 LINK_REPORT 3 -1 17 0 16782 707 0 1000. 42. 4 53.55
16.889 3 SVINFO 0 0 0 0 0 0 0
16.922 3 ATTITUDE 0.004033 -3.132172 0.143666
16.954 3 IMU_GYRO 1 -0.028564 0.025146 -0.042969
16.970 3 AIRSPEED 0. 0. 0. 0.
17.003 3 DESIRED 0.36 0.1 0.8 60. 60. 2595. 3.3 15.
17.034 3 ATTITUDE 0.004038 -3.13208 0.14368
17.050 3 ENERGY 0 11.436065 0. 0. 0. 0. 0.
17.066 3 CIRCLE 0. 0. -60.
17.130 3 ESTIMATOR 2576.444336 0.062595
17.157 3 GPS 0 16602145 0 0 -17000 0 0 2320 195 31 0
17.159 3 SVINFO 0 0 0 0 0 0 0
17.160 3 ATTITUDE 0.004032 -3.131974 0.14365
17.160 3 IMU_ACCEL 1 1.356445 -0.013672 -9.40332
17.205 3 DESIRED 0.36 0.1 0.8 60. 60. 2595. 3.3 15.
17.221 3 WP_MOVED 1 649123. 5253077. 2595. 32
17.237 3 ATTITUDE 0.00404 -3.131908 0.143649
17.286 3 NAVIGATION 9 0 0. 0. 0. 0. 0 27 27 1 0 0
17.334 3 SHT_STATUS 0 0 0.1 -39.66
17.349 3 ATTITUDE 0.00406 -3.131806 0.143622
17.395 3 FBW_STATUS 2 0 1 11.448435 0.
17.395 3 GPS 0 16602145 0 0 -17000 0 0 2320 195 31 0
17.395 3 SVINFO 0 0 0 0 0 0 0
17.396 3 DESIRED 0.36 0.1 0.8 60. 60. 2595. 3.3 15.
17.427 3 ATTITUDE 0.004054 -3.131702 0.143609
17.523 3 ATTITUDE 0.00403 -3.131626 0.143594
17.555 3 IMU_GYRO 1 -0.029053 0.024658 -0.042969
17.603 3 IMU_MAG 0 0. 0. 0.
17.604 3 DESIRED 0.36 0.1 0.8 60. 60. 2595. 3.3 15.
17.648 3 ESTIMATOR 2576.524902 0.086005
17.650 3 GPS 0 16602145 0 0 -17000 0 0 2320 195 31 0
17.651 3 SVINFO 0 0 0 0 0 0 0
17.652 3 ATTITUDE 0.004022 -3.131535 0.143575
17.697 3 CALIBRATION -150. 0
17.715 3 STATE_FILTER_STATUS 6 3 0
17.727 3 WP_MOVED 2 649046.125 5253124. 2595. 32
17.728 3 ATTITUDE 0.004075 -3.131423 0.143534
17.792 3 DESIRED 0.36 0.1 0.8 60. 60. 2595. 3.3 15.
17.824 3 SHT_STATUS 0 0 0.1 -39.66
17.840 3 ATTITUDE 0.004068 -3.13132 0.143536
17.880 3 LINK_REPORT 3 -1 18 0 17707 746 0 925. 39. 4 53.55
17.888 3 GPS 0 16602145 0 0 -17000 0 0 2320 195 31 0
17.888 3 SVINFO 0 0 0 0 0 0 0
17.936 3 ATTITUDE 0.00411 -3.131235 0.143522
17.936 3 IMU_ACCEL 1 1.330078 0.029297 -9.413086
17.968 3 GPS_SOL 429496729 99900 9999 0
17.984 3 AIRSPEED 0. 0. 0. 0.
18.000 3 DESIRED 0.36 0.1 0.8 60. 60. 2595. 3.3 15.
18.032 3 ATTITUDE 0.004123 -3.131131 0.143519
18.128 3 DL_VALUE 18 0.
18.155 3 CIRCLE 0. 0. -60.
18.156 3 ESTIMATOR 2576.533691 0.071689
18.156 3 GPS 0 16602145 0 0 -17000 0 0 2320 195 31 0
18.157 3 SVINFO 0 0 0 0 0 0 0
18.158 3 ATTITUDE 0.004121 -3.131046 0.143492
18.182 3 ENERGY 0 11.44225 0. 0. 0. 0. 0.
18.182 3 IMU_GYRO 1 -0.028564 0.024658 -0.04248
18.183 3 FBW_STATUS 2 0 1 11.44225 0.
18.198 3 DESIRED 0.36 0.1 0.8 60. 60. 2595. 3.3 15.
18.213 3 WP_MOVED 0 649123. 5253077. 2595. 32
18.229 3 ATTITUDE 0.004171 -3.130981 0.143508
18.277 3 COMMANDS 0,3155,-605
18.279 3 NAVIGATION 9 0 0. 0. 0. 0. 0 28 28 1 0 0
18.325 3 SHT_STATUS 0 0 0.1 -39.66
18.341 3 ATTITUDE 0.004188 -3.130899 0.143486
18.373 3 GPS 0 16602145 0 0 -17000 0 0 2320 195 31 0
18.389 3 SVINFO 0 0 0 0 0 0 0
18.405 3 DESIRED 0.36 0.1 0.8 60. 60. 2595. 3.3 15.
18.439 3 ATTITUDE 0.004214 -3.130802 0.143476
18.533 3 ATTITUDE 0.004179 -3.130702 0.143492
18.598 3 DESIRED 0.36 0.1 0.8 60. 60. 2595. 3.3 15.
18.629 3 ESTIMATOR 2576.443115 -0.001916
18.646 3 GPS 0 16602145 0 0 -17000 0 0 2320 195 31 0
18.646 3 SVINFO 0 0 0 0 0 0 0
18.647 3 ATTITUDE 0.004164 -3.130628 0.143467
18.726 3 WP_MOVED 1 649123. 5253077. 2595. 32
18.741 3 ATTITUDE 0.004176 -3.130517 0.143461
18.742 3 IMU_ACCEL 1 1.359375 -0.006836 -9.396484
18.757 3 IMU_GYRO 1 -0.028564 0.024658 -0.04248
18.806 3 DESIRED 0.36 0.1 0.8 60. 60. 2595. 3.3 15.
18.822 3 SHT_STATUS 0 0 0.1 -39.66
18.845 3 ATTITUDE 0.004219 -3.130418 0.14346
18.881 3 LINK_REPORT 3 -1 19 0 18689 787 0 982. 41. 4 53.55
18.886 3 GPS 0 16602145 0 0 -17000 0 0 2320 195 31 0
18.887 3 SVINFO 0 0 0 0 0 0 0
18.901 3 IMU_MAG 0 0. 0. 0.
18.933 3 ATTITUDE 0.004213 -3.130315 0.143458
18.965 3 AIRSPEED 0. 0. 0. 0.
18.998 3 DESIRED 0.36 0.1 0.8 60. 60. 2595. 3.4 15.
19.030 3 ATTITUDE 0.004217 -3.130208 0.143451
19.126 3 ESTIMATOR 2576.255127 -0.110747
19.153 3 GPS 0 16602145 0 0 -17000 0 0 2320 195 31 0
19.154 3 SVINFO 0 0 0 0 0 0 0
19.160 3 ATTITUDE 0.004198 -3.130128 0.143412
19.168 3 CIRCLE 0. 0. -60.
19.201 3 DESIRED 0.36 0.1 0.8 60. 60. 2595. 3.4 15.
19.216 3 WP_MOVED 2 649046.125 5253124. 2595. 32
19.249 3 ATTITUDE 0.004203 -3.130053 0.143393
19.265 3 ENERGY 0 11.448435 0. 0. 0. 0. 0.
19.281 3 NAVIGATION 9 0 0. 0. 0. 0. 0 29 29 1 0 0
19.296 3 DATALINK_REPORT 4 4 0 972 0 0
19.328 3 SHT_STATUS 0 0 0.1 -39.66
19.329 3 ATTITUDE 0.004232 -3.129953 0.143361
19.345 3 IMU_GYRO 1 -0.028564 0.025146 -0.042969
19.377 3 FBW_STATUS 2 0 1 11.44225 0.
19.393 3 GPS 0 16602145 0 0 -17000 0 0 2320 195 31 0
19.394 3 SVINFO 0 0 0 0 0 0 0
19.409 3 DESIRED 0.36 0.1 0.8 60. 60. 2595. 3.4 15.
19.425 3 ATTITUDE 0.004224 -3.12985 0.143355
19.536 3 ATTITUDE 0.004202 -3.129751 0.143368
19.537 3 IMU_ACCEL 1 1.334961 0.017578 -9.452148
19.601 3 DESIRED 0.36 0.1 0.8 60. 60. 2595. 3.4 15.
19.632 3 DL_VALUE 19 0.
19.633 3 ESTIMATOR 2576.130371 -0.143608
19.649 3 GPS 0 16602145 0 0 -17000 0 0 2320 195 31 0
19.650 3 SVINFO 0 0 0 0 0 0 0
19.650 3 ATTITUDE 0.004187 -3.129646 0.14337
19.713 3 WP_MOVED 0 649123. 5253077. 2595. 32
19.744 3 ATTITUDE 0.004124 -3.129562 0.143396
19.793 3 DESIRED 0.36 0.1 0.8 60. 60. 2595. 3.4 15.
19.808 3 CALIBRATION -150. 0
19.825 3 SHT_STATUS 0 0 0.1 -39.66
19.855 3 ATTITUDE 0.004123 -3.129458 0.143372
19.881 3 LINK_REPORT 3 -1 20 0 19648 827 0 959. 40. 4 53.55
19.889 3 GPS 0 16602145 0 0 -17000 0 0 2320 195 31 0
19.890 3 SVINFO 0 0 0 0 0 0 0
19.904 3 STATE_FILTER_STATUS 6 3 0
19.937 3 ATTITUDE 0.004146 -3.129329 0.143377
19.953 3 IMU_GYRO 1 -0.029053 0.02417 -0.04248
19.969 3 GPS_SOL 429496729 99900 9999 0
19.985 3 AIRSPEED 0. 0. 0. 0.
20.001 3 DESIRED 0.36 0.1 0.8 60. 60. 2595. 3.4 15.
20.033 3 ATTITUDE 0.004134 -3.129237 0.143368
20.129 3 ESTIMATOR 2576.203369 -0.067373
20.145 3 GPS 0 16602145 0 0 -17000 0 0 2320 195 31 0
20.146 3 SVINFO 0 0 0 0 0 0 0
20.147 3 ATTITUDE 0.004157 -3.129117 0.143378
20.177 3 FBW_STATUS 2 0 1 11.44225 0.
20.209 3 IMU_MAG 0 0. 0. 0.
20.210 3 DESIRED 0.36 0.1 0.8 60. 60. 2595. 3.4 15.
20.225 3 CIRCLE 0. 0. -60.
20.225 3 WP_MOVED 1 649123. 5253077. 2595. 32
20.241 3 ATTITUDE 0.004132 -3.129018 0.143404
20.289 3 NAVIGATION 9 0 0. 0. 0. 0. 0 30 30 1 0 0
20.290 3 COMMANDS 0,3156,-587
20.337 3 SHT_STATUS 0 0 0.1 -39.66
20.337 3 ATTITUDE 0.004121 -3.128914 0.143396
20.353 3 IMU_ACCEL 1 1.37793 -0.008789 -9.399414
20.354 3 ENERGY 0 11.448435 0. 0. 0. 0. 0.
20.399 3 NAVIGATION_REF 649123 5253077 32 2575.
20.400 3 GPS 0 16602145 0 0 -17000 0 0 2320 195 31 0
20.401 3 SVINFO 0 0 0 0 0 0 0
20.415 3 DESIRED 0.36 0.1 0.8 60. 60. 2595. 3.4 15.
20.430 3 PONG 
20.447 3 ATTITUDE 0.004142 -3.128829 0.143376
20.527 3 ATTITUDE 0.00409 -3.128731 0.143341
20.559 3 IMU_GYRO 1 -0.029785 0.024658 -0.041992
20.591 3 DESIRED 0.36 0.1 0.8 60. 60. 2595. 3.4 15.
20.649 3 ESTIMATOR 2576.330566 0.016345
20.650 3 GPS 0 16602145 0 0 -17000 0 0 2320 195 31 0
20.651 3 SVINFO 0 0 0 0 0 0 0
20.652 3 ATTITUDE 0.004032 -3.128623 0.143334
20.729 3 WP_MOVED 2 649046.125 5253124. 2595. 32
20.745 3 ATTITUDE 0.004037 -3.128506 0.143325
20.793 3 DESIRED 0.36 0.1 0.8 60. 60. 2595. 3.3 15.
20.853 3 LOGGER_STATUS 1 0 0 PPRZ\pprzlog_0123.LOG,FLIGHT_RECORDER\fr_0126.LOG
20.853 3 SHT_STATUS 0 0 0.1 -39.66
20.854 3 ATTITUDE 0.004025 -3.128374 0.143308
20.882 3 LINK_REPORT 3 -1 21 0 20722 871 0 1074. 44. 5 60.42
20.884 3 GPS 0 16602145 0 0 -17000 0 0 2320 195 31 0
20.885 3 SVINFO 0 0 0 0 0 0 0
20.932 3 ATTITUDE 0.004051 -3.128271 0.143316
20.980 3 AIRSPEED 0. 0. 0. 0.
20.996 3 DESIRED 0.36 0.1 0.8 60. 60. 2595. 3.4 15.
21.028 3 ATTITUDE 0.004068 -3.128155 0.143293
21.165 3 DL_VALUE 20 0.
21.165 3 ESTIMATOR 2576.344238 0.011286
21.166 3 GPS 0 16602145 0 0 -17000 0 0 2320 195 31 0
21.167 3 SVINFO 0 0 0 0 0 0 0
21.168 3 ATTITUDE 0.004079 -3.128056 0.143267
21.169 3 IMU_ACCEL 1 1.359375 -0.016602 -9.399414
21.169 3 IMU_GYRO 1 -0.029053 0.024658 -0.04248
21.197 3 DESIRED 0.36 0.1 0.8 60. 60. 2595. 3.3 15.
21.229 3 WP_MOVED 0 649123. 5253077. 2595. 32
21.245 3 ATTITUDE 0.004079 -3.127927 0.143268
21.277 3 CIRCLE 0. 0. -60.
21.293 3 NAVIGATION 9 0 0. 0. 0. 0. 0 31 31 1 0 0
21.295 3 ACTUATORS 1040,1354,1400
21.347 3 SHT_STATUS 0 0 0.1 -39.66
21.348 3 ATTITUDE 0.004088 -3.12782 0.143247
21.389 3 FBW_STATUS 2 0 1 11.44225 0.
21.390 3 GPS 0 16602145 0 0 -17000 0 0 2320 195 31 0
21.392 3 SVINFO 0 0 0 0 0 0 0
21.405 3 DESIRED 0.36 0.1 0.8 60. 60. 2595. 3.4 15.
21.437 3 ATTITUDE 0.004107 -3.127727 0.143217
21.453 3 ENERGY 0 11.44225 0. 0. 0. 0. 0.
21.485 3 IMU_MAG 0 0. 0. 0.
21.532 3 ATTITUDE 0.004091 -3.127583 0.143244
21.597 3 DESIRED 0.36 0.1 0.8 60. 60. 2595. 3.4 15.
21.629 3 PPRZ_MODE 2 3 3 2 0 4
21.657 3 ESTIMATOR 2576.240723 -0.059376
21.658 3 GPS 0 16602145 0 0 -17000 0 0 2320 195 31 0
21.659 3 SVINFO 0 0 0 0 0 0 0
21.660 3 ATTITUDE 0.004104 -3.127483 0.143218
21.721 3 WP_MOVED 1 649123. 5253077. 2595. 32
21.737 3 ATTITUDE 0.004115 -3.127372 0.143212
21.753 3 IMU_GYRO 1 -0.028564 0.026123 -0.04248
21.801 3 DESIRED 0.36 0.1 0.8 60. 60. 2595. 3.4 15.
21.833 3 SHT_STATUS 0 0 0.1 -39.66
21.850 3 ALIVE 8,144,6,66,11,198,81,189,7,217,216,157,220,111,57,170
21.851 3 ATTITUDE 0.004095 -3.127258 0.143173
21.882 3 GPS 0 16602145 0 0 -17000 0 0 2320 195 31 0
21.883 3 SVINFO 0 0 0 0 0 0 0
21.883 3 LINK_REPORT 3 -1 22 0 21775 915 0 1053. 44. 5 60.42
21.897 3 CALIBRATION -150. 0
21.945 3 ATTITUDE 0.004105 -3.127163 0.143149
21.946 3 IMU_ACCEL 1 1.325195 -0.001953 -9.411133
21.977 3 GPS_SOL 429496729 99900 9999 0
21.978 3 AIRSPEED 0. 0. 0. 0.
21.993 3 DESIRED 0.36 0.1 0.8 60. 60. 2595. 3.4 15.
22.025 3 ATTITUDE 0.004124 -3.127064 0.143102
22.105 3 STATE_FILTER_STATUS 6 3 0
22.150 3 ESTIMATOR 2576.030273 -0.165968
22.151 3 GPS 0 16602145 0 0 -17000 0 0 2320 195 31 0
22.153 3 SVINFO 0 0 0 0 0 0 0
22.154 3 ATTITUDE 0.004098 -3.126932 0.143101
22.166 3 FBW_STATUS 2 0 1 11.44225 0.
22.199 3 DESIRED 0.36 0.1 0.8 60. 60. 2595. 3.4 15.
22.214 3 WP_MOVED 2 649046.125 5253124. 2595. 32
22.246 3 ATTITUDE 0.004104 -3.126793 0.143091
22.279 3 NAVIGATION 9 0 0. 0. 0. 0. 0 32 32 1 0 0
22.326 3 CIRCLE 0. 0. -60.
22.348 3 SHT_STATUS 0 0 0.1 -39.66
22.349 3 ATTITUDE 0.004164 -3.126656 0.143012
22.358 3 IMU_GYRO 1 -0.029053 0.025635 -0.042969
22.375 3 GPS 0 16602145 0 0 -17000 0 0 2320 195 31 0
22.390 3 SVINFO 0 0 0 0 0 0 0
22.407 3 DESIRED 0.36 0.1 0.8 60. 60. 2595. 3.4 15.
22.439 3 ATTITUDE 0.004189 -3.126549 0.143015
22.535 3 ATTITUDE 0.004166 -3.126438 0.142992
22.551 3 ENERGY 0 11.44225 0. 0. 0. 0. 0.
22.599 3 DESIRED 0.36 0.1 0.8 60. 60. 2595. 3.5 15.
22.630 3 DL_VALUE 21 0.
22.631 3 ESTIMATOR 2575.710693 -0.288604
22.658 3 GPS 0 16602145 0 0 -17000 0 0 2320 195 31 0
22.658 3 SVINFO 0 0 0 0 0 0 0
22.659 3 ATTITUDE 0.004198 -3.126325 0.142974
22.721 3 WP_MOVED 0 649123. 5253077. 2595. 32
22.737 3 ATTITUDE 0.004186 -3.126235 0.142957
22.738 3 IMU_ACCEL 1 1.333008 0.00293 -9.420898
22.807 3 IMU_MAG 0 0. 0. 0.
22.808 3 DESIRED 0.36 0.1 0.8 60. 60. 2595. 3.5 15.
22.834 3 SHT_STATUS 0 0 0.1 -39.66
22.834 3 ATTITUDE 0.004183 -3.126133 0.14292
22.882 3 GPS 0 16602145 0 0 -17000 0 0 2320 195 31 0
22.883 3 SVINFO 0 0 0 0 0 0 0
22.884 3 LINK_REPORT 3 -1 23 0 22767 957 0 992. 42. 5 60.42
22.929 3 ATTITUDE 0.004168 -3.126038 0.142917
22.945 3 IMU_GYRO 1 -0.028564 0.023682 -0.042969
22.978 3 AIRSPEED 0. 0. 0. 0.
22.994 3 DESIRED 0.36 0.1 0.8 60. 60. 2595. 3.5 15.
23.026 3 ATTITUDE 0.004177 -3.125943 0.142829
23.148 3 ESTIMATOR 2575.730469 -0.212082
23.149 3 GPS 0 16602145 0 0 -17000 0 0 2320 195 31 0
23.150 3 SVINFO 0 0 0 0 0 0 0
23.150 3 ATTITUDE 0.004176 -3.125832 0.142828
23.196 3 DESIRED 0.36 0.1 0.8 60. 60. 2595. 3.5 15.
23.228 3 WP_MOVED 1 649123. 5253077. 2595. 32
23.244 3 ATTITUDE 0.004195 -3.125701 0.142803
23.276 3 COMMANDS 0,3155,-528
23.278 3 NAVIGATION 9 0 0. 0. 0. 0. 0 33 33 1 0 0
23.325 3 SHT_STATUS 0 0 0.1 -39.66
23.340 3 ATTITUDE 0.004211 -3.125616 0.142789
23.411 3 FBW_STATUS 2 0 1 11.436065 0.
23.412 3 CIRCLE 0. 0. -60.
23.413 3 GPS 0 16602145 0 0 -17000 0 0 2320 195 31 0
23.414 3 SVINFO 0 0 0 0 0 0 0
23.415 3 DESIRED 0.36 0.11 0.8 60. 60. 2595. 3.5 15.
23.427 3 ATTITUDE 0.004197 -3.12552 0.142736
23.539 3 ATTITUDE 0.004185 -3.125391 0.14272
23.540 3 IMU_ACCEL 1 1.356445 -0.025391 -9.336914
23.555 3 IMU_GYRO 1 -0.028564 0.022949 -0.04248
23.603 3 DESIRED 0.36 0.11 0.8 60. 60. 2595. 3.5 15.
23.649 3 ESTIMATOR 2575.422607 -0.302908
23.650 3 GPS 0 16602145 0 0 -17000 0 0 2320 195 31 0
23.651 3 SVINFO 0 0 0 0 0 0 0
23.652 3 ATTITUDE 0.004197 -3.125271 0.142687
23.653 3 ENERGY 0 11.42988 0. 0. 0. 0. 0.
23.729 3 WP_MOVED 2 649046.125 5253124. 2595. 32
23.730 3 ATTITUDE 0.004152 -3.12516 0.142692
23.793 3 DESIRED 0.36 0.11 0.8 60. 60. 2595. 3.5 15.
23.825 3 SHT_STATUS 0 0 0.1 -39.66
23.840 3 ATTITUDE 0.004172 -3.125055 0.142658
23.884 3 LINK_REPORT 3 -1 24 0 23645 993 0 878. 36. 5 60.42
23.889 3 GPS 0 16602145 0 0 -17000 0 0 2320 195 31 0
23.890 3 SVINFO 0 0 0 0 0 0 0
23.937 3 ATTITUDE 0.004132 -3.124936 0.142654
23.969 3 GPS_SOL 429496729 99900 9999 0
23.985 3 AIRSPEED 0. 0. 0. 0.
24.001 3 DESIRED 0.36 0.11 0.8 60. 60. 2595. 3.5 15.
24.016 3 CALIBRATION -150. 0
24.032 3 ATTITUDE 0.004087 -3.12484 0.142665
24.096 3 IMU_MAG 0 0. 0. 0.
24.128 3 DL_VALUE 22 0.
24.158 3 ESTIMATOR 2575.290771 -0.310516
24.159 3 GPS 0 16602145 0 0 -17000 0 0 2320 195 31 0
24.166 3 SVINFO 0 0 0 0 0 0 0
24.167 3 ATTITUDE 0.004087 -3.124733 0.142647
24.167 3 IMU_GYRO 1 -0.029053 0.025635 -0.043945
24.175 3 FBW_STATUS 2 0 1 11.44225 0.
24.191 3 AUTOPILOT_VERSION 60400 v6.4.0_stable
24.206 3 DESIRED 0.36 0.11 0.8 60. 60. 2595. 3.5 15.
24.222 3 WP_MOVED 0 649123. 5253077. 2595. 32
24.238 3 ATTITUDE 0.004118 -3.124621 0.142658
24.271 3 NAVIGATION 9 0 0. 0. 0. 0. 0 34 34 1 0 0
24.303 3 STATE_FILTER_STATUS 6 3 0
24.335 3 SHT_STATUS 0 0 0.1 -39.66
24.335 3 ATTITUDE 0.004081 -3.124509 0.142637
24.351 3 IMU_ACCEL 1 1.351562 -0.003906 -9.432617
24.384 3 GPS 0 16602145 0 0 -17000 0 0 2320 195 31 0
24.385 3 SVINFO 0 0 0 0 0 0 0
24.399 3 DATALINK_REPORT 4 5 0 53532 0 0
24.400 3 DESIRED 0.36 0.11 0.8 60. 60. 2595. 3.5 15.
24.431 3 CIRCLE 0. 0. -60.
24.432 3 ATTITUDE 0.004064 -3.124393 0.142633
24.527 3 ATTITUDE 0.004067 -3.124294 0.142629
24.608 3 DESIRED 0.36 0.11 0.8 60. 60. 2595. 3.5 15.
24.649 3 ESTIMATOR 2575.392334 -0.159344
24.650 3 GPS 0 16602145 0 0 -17000 0 0 2320 195 31 0
24.650 3 SVINFO 0 0 0 0 0 0 0
24.651 3 ATTITUDE 0.004044 -3.124154 0.142572
24.730 3 WP_MOVED 1 649123. 5253077. 2595. 32
24.745 3 ATTITUDE 0.004059 -3.124022 0.142562
24.761 3 ENERGY 0 11.44225 0. 0. 0. 0. 0.
24.762 3 IMU_GYRO 1 -0.029785 0.025146 -0.04248
24.794 3 DESIRED 0.36 0.11 0.8 60. 60. 2595. 3.5 15.
24.825 3 SHT_STATUS 0 0 0.1 -39.66
24.841 3 ATTITUDE 0.004045 -3.12391 0.142566
24.885 3 LINK_REPORT 3 -1 25 0 24682 1037 0 1037. 44. 5 60.42
24.889 3 GPS 0 16602145 0 0 -17000 0 0 2320 195 31 0
24.890 3 SVINFO 0 0 0 0 0 0 0
24.937 3 ATTITUDE 0.004064 -3.123792 0.142558
24.969 3 AIRSPEED 0. 0. 0. 0.
25.002 3 DESIRED 0.36 0.11 0.8 60. 60. 2595. 3.6 15.
25.033 3 ATTITUDE 0.004037 -3.123663 0.142555
25.129 3 ESTIMATOR 2575.207031 -0.227519
25.155 3 GPS 0 16602145 0 0 -17000 0 0 2320 195 31 0
25.156 3 SVINFO 0 0 0 0 0 0 0
25.157 3 ATTITUDE 0.00405 -3.123534 0.142576
25.157 3 IMU_ACCEL 1 1.336914 -0.035156 -9.458984
25.203 3 DESIRED 0.36 0.11 0.8 60. 60. 2595. 3.6 15.
25.219 3 WP_MOVED 2 649046.125 5253124. 2595. 32
25.235 3 ATTITUDE 0.004043 -3.123438 0.142537
25.284 3 NAVIGATION 9 0 0. 0. 0. 0. 0 35 35 1 0 0
25.285 3 COMMANDS 0,3156,-477
25.331 3 SHT_STATUS 0 0 0.1 -39.66
25.353 3 ATTITUDE 0.004062 -3.123349 0.142492
25.363 3 IMU_GYRO 1 -0.029053 0.025146 -0.043457
25.379 3 FBW_STATUS 2 0 1 11.448435 0.
25.395 3 GPS 0 16602145 0 0 -17000 0 0 2320 195 31 0
25.396 3 SVINFO 0 0 0 0 0 0 0
25.411 3 IMU_MAG 0 0. 0. 0.
25.412 3 DESIRED 0.36 0.11 0.8 60. 60. 2595. 3.6 15.
25.412 3 PONG 
25.443 3 ATTITUDE 0.00406 -3.123228 0.142503
25.475 3 CIRCLE 0. 0. -60.
25.539 3 ATTITUDE 0.00404 -3.123112 0.142486
25.603 3 DESIRED 0.36 0.11 0.8 60. 60. 2595. 3.6 15.
25.649 3 DL_VALUE 23 0.
25.649 3 ESTIMATOR 2574.733887 -0.401647
25.650 3 GPS 0 16602145 0 0 -17000 0 0 2320 195 31 0
25.651 3 SVINFO 0 0 0 0 0 0 0
25.651 3 ATTITUDE 0.004027 -3.123016 0.142444
25.729 3 WP_MOVED 0 649123. 5253077. 2595. 32
25.745 3 ATTITUDE 0.00404 -3.122888 0.142464
25.794 3 DESIRED 0.36 0.11 0.8 60. 60. 2595. 3.6 15.
25.825 3 SHT_STATUS 0 0 0.1 -39.66
25.841 3 ATTITUDE 0.004034 -3.122779 0.142427
25.857 3 ENERGY 0 11.44225 0. 0. 0. 0. 0.
25.873 3 GPS 0 16602145 0 0 -17000 0 0 2320 195 31 0
25.885 3 LINK_REPORT 3 -1 26 0 25667 1078 0 985. 41. 6 41.39
25.890 3 SVINFO 0 0 0 0 0 0 0
25.938 3 LOGGER_STATUS 1 0 32768 PPRZ\pprzlog_0123.LOG,FLIGHT_RECORDER\fr_0126.LOG
25.939 3 ATTITUDE 0.004097 -3.122676 0.142425
25.939 3 IMU_ACCEL 1 1.371094 0.015625 -9.4375
25.953 3 IMU_GYRO 1 -0.028076 0.025146 -0.042969
25.969 3 GPS_SOL 429496729 99900 9999 0
25.985 3 AIRSPEED 0. 0. 0. 0.
26.001 3 DESIRED 0.36 0.11 0.8 60. 60. 2595. 3.6 15.
26.033 3 ATTITUDE 0.004106 -3.122541 0.142408
26.097 3 CALIBRATION -150. 0
26.129 3 ESTIMATOR 2574.76001 -0.295872
26.146 3 GPS 0 16602145 0 0 -17000 0 0 2320 195 31 0
26.146 3 SVINFO 0 0 0 0 0 0 0
26.147 3 ATTITUDE 0.004082 -3.122448 0.14239
26.177 3 FBW_STATUS 2 0 1 11.448435 0.
26.193 3 DESIRED 0.36 0.11 0.8 60. 60. 2595. 3.7 15.
26.225 3 WP_MOVED 1 649123. 5253077. 2595. 32
26.241 3 ATTITUDE 0.004073 -3.122347 0.142328
26.290 3 NAVIGATION 9 0 0. 0. 0. 0. 0 36 36 1 0 0
26.291 3 ACTUATORS 1040,1360,1395
26.337 3 SHT_STATUS 0 0 0.1 -39.66
26.338 3 ATTITUDE 0.004112 -3.12223 0.142306
26.386 3 GPS 0 16602145 0 0 -17000 0 0 2320 195 31 0
26.386 3 SVINFO 0 0 0 0 0 0 0
26.402 3 DESIRED 0.36 0.11 0.8 60. 60. 2595. 3.6 15.
26.433 3 ATTITUDE 0.004125 -3.122104 0.142282
26.514 3 STATE_FILTER_STATUS 6 3 0
26.529 3 PPRZ_MODE 2 3 3 2 0 4
26.530 3 CIRCLE 0. 0. -60.
26.545 3 ATTITUDE 0.004148 -3.121982 0.142247
26.561 3 IMU_GYRO 1 -0.028564 0.02417 -0.041992
26.594 3 DESIRED 0.36 0.11 0.8 60. 60. 2595. 3.6 15.
26.651 3 ESTIMATOR 2574.827148 -0.159323
26.652 3 GPS 0 16602145 0 0 -17000 0 0 2320 195 31 0
26.653 3 SVINFO 0 0 0 0 0 0 0
26.653 3 ATTITUDE 0.004206 -3.121835 0.142222
26.683 3 IMU_MAG 0 0. 0. 0.
26.715 3 WP_MOVED 2 649046.125 5253124. 2595. 32
26.747 3 ATTITUDE 0.004197 -3.121751 0.142218
26.748 3 IMU_ACCEL 1 1.306641 -0.008789 -9.480469
26.796 3 DESIRED 0.36 0.11 0.8 60. 60. 2595. 3.7 15.
26.827 3 SHT_STATUS 0 0 0.1 -39.66
26.843 3 ATTITUDE 0.004248 -3.121639 0.142187
26.877 3 GPS 0 16602145 0 0 -17000 0 0 2320 195 31 0
26.877 3 SVINFO 0 0 0 0 0 0 0
26.886 3 LINK_REPORT 3 -1 27 0 26743 1123 0 1076. 45. 6 41.39
26.924 3 ALIVE 8,144,6,66,11,198,81,189,7,217,216,157,220,111,57,170
26.940 3 ATTITUDE 0.004245 -3.1215 0.142196
26.956 3 ENERGY 0 11.423695 0. 0. 0. 0. 0.
26.972 3 AIRSPEED 0. 0. 0. 0.
27.004 3 DESIRED 0.36 0.11 0.8 60. 60. 2595. 3.7 15.
27.036 3 ATTITUDE 0.004251 -3.121388 0.142179
27.131 3 DL_VALUE 24 0.
27.132 3 ESTIMATOR 2574.619873 -0.23878
27.161 3 GPS 0 16602145 0 0 -17000 0 0 2320 195 31 0
27.161 3 SVINFO 0 0 0 0 0 0 0
27.162 3 ATTITUDE 0.004219 -3.121278 0.142209
27.162 3 IMU_GYRO 1 -0.029785 0.025146 -0.04248
27.193 3 DESIRED 0.36 0.11 0.8 60. 60. 2595. 3.7 15.
27.225 3 WP_MOVED 0 649123. 5253077. 2595. 32
27.241 3 ATTITUDE 0.004212 -3.121163 0.14222
27.273 3 NAVIGATION 9 0 0. 0. 0. 0. 0 37 37 1 0 0
27.336 3 SHT_STATUS 0 0 0.1 -39.66
27.337 3 ATTITUDE 0.004179 -3.121066 0.142181
27.397 3 FBW_STATUS 2 0 1 11.42988 0.
27.397 3 GPS 0 16602145 0 0 -17000 0 0 2320 195 31 0
27.398 3 SVINFO 0 0 0 0 0 0 0
27.398 3 DESIRED 0.36 0.11 0.8 60. 60. 2595. 3.7 15.
27.429 3 ATTITUDE 0.004165 -3.120953 0.1422
27.541 3 ATTITUDE 0.004157 -3.120842 0.14218
27.541 3 IMU_ACCEL 1 1.349609 0.015625 -9.460938
27.573 3 CIRCLE 0. 0. -60.
27.605 3 DESIRED 0.36 0.11 0.8 60. 60. 2595. 3.7 15.
27.650 3 ESTIMATOR 2574.690674 -0.126496
27.650 3 GPS 0 16602145 0 0 -17000 0 0 2320 195 31 0
27.651 3 SVINFO 0 0 0 0 0 0 0
27.651 3 ATTITUDE 0.00412 -3.120739 0.14214
27.730 3 WP_MOVED 1 649123. 5253077. 2595. 32
27.745 3 ATTITUDE 0.004099 -3.120632 0.142097
27.762 3 IMU_GYRO 1 -0.028564 0.025146 -0.041992
27.794 3 DESIRED 0.36 0.11 0.8 60. 60. 2595. 3.6 15.
27.826 3 SHT_STATUS 0 0 0.1 -39.66
27.842 3 ATTITUDE 0.004133 -3.120509 0.142097
27.874 3 GPS 0 16602145 0 0 -17000 0 0 2320 195 31 0
27.887 3 LINK_REPORT 3 -1 28 0 27679 1161 0 936. 38. 6 41.39
27.890 3 SVINFO 0 0 0 0 0 0 0
27.938 3 ATTITUDE 0.004108 -3.1204 0.142057
27.970 3 GPS_SOL 429496729 99900 9999 0
27.986 3 AIRSPEED 0. 0. 0. 0.
28.002 3 IMU_MAG 0 0. 0. 0.
28.002 3 DESIRED 0.36 0.11 0.8 60. 60. 2595. 3.6 15.
28.034 3 ATTITUDE 0.004079 -3.120284 0.142067
28.050 3 ENERGY 0 11.436065 0. 0. 0. 0. 0.
28.130 3 ESTIMATOR 2574.725586 -0.082208
28.146 3 GPS 0 16602145 0 0 -17000 0 0 2320 195 31 0
28.147 3 SVINFO 0 0 0 0 0 0 0
28.147 3 ATTITUDE 0.004061 -3.120164 0.142044
28.178 3 FBW_STATUS 2 0 1 11.45462 0.
28.194 3 DESIRED 0.36 0.11 0.8 60. 60. 2595. 3.7 15.
28.210 3 CALIBRATION -150. 0
28.226 3 WP_MOVED 2 649046.125 5253124. 2595. 32
28.242 3 ATTITUDE 0.00406 -3.120046 0.142035
28.274 3 COMMANDS 0,3156,-443
28.290 3 NAVIGATION 9 0 0. 0. 0. 0. 0 38 38 1 0 0
28.322 3 SHT_STATUS 0 0 0.1 -39.66
28.357 3 ATTITUDE 0.00405 -3.119926 0.142034
28.358 3 IMU_ACCEL 1 1.341797 -0.02832 -9.425781
28.358 3 IMU_GYRO 1 -0.029785 0.025146 -0.04248
28.387 3 GPS 0 16602145 0 0 -17000 0 0 2320 195 31 0
28.387 3 SVINFO 0 0 0 0 0 0 0
28.402 3 DESIRED 0.36 0.11 0.8 60. 60. 2595. 3.7 15.
28.434 3 ATTITUDE 0.004026 -3.119787 0.142058
28.530 3 ATTITUDE 0.003995 -3.119661 0.142052
28.594 3 DESIRED 0.36 0.11 0.8 60. 60. 2595. 3.7 15.
28.651 3 DL_VALUE 25 140.
28.651 3 CIRCLE 0. 0. -60.
28.652 3 ESTIMATOR 2574.665039 -0.077007
28.652 3 GPS 0 16602145 0 0 -17000 0 0 2320 195 31 0
28.652 3 SVINFO 0 0 0 0 0 0 0
28.652 3 ATTITUDE 0.003996 -3.119545 0.142077
28.699 3 STATE_FILTER_STATUS 6 3 0
28.716 3 WP_MOVED 0 649123. 5253077. 2595. 32
28.749 3 ATTITUDE 0.003998 -3.119433 0.142053
