4.402 3 ATTITUDE 0.019913 -3.140167 0.146094
4.434 3 ENERGY 0 11.522655 0. 0. 0. 0. 0.
4.450 3 NAVIGATION 10 0 4711.1 15222. 0. 15934.3 0 7 7 1 0 0
4.466 3 GPS 3 64650507 548987518 1721 319211 1 -2 2373 134924200 32 0
4.466 3 SVINFO 23 12 0 4 36 6 81
4.482 3 DESIRED 0.14 0.15 3.4 78. 11. 436. 5. 15.
4.498 3 ATTITUDE 0.019881 -3.140156 0.146214
4.610 3 ATTITUDE 0.019836 -3.14019 0.146189
4.642 3 FBW_STATUS 2 0 1 11.497915 0.
4.674 3 PPRZ_MODE 2 3 3 2 0 4
4.690 3 DESIRED 0.8 0.15 3.4 78. 11. 436. 5. 15.
4.722 3 GPS 3 64650524 548987535 1721 319335 5 -10 2373 134924400 32 0
4.723 3 SVINFO 24 17 0 1 33 38 167
4.723 3 ATTITUDE 0.019791 -3.140168 0.145908
4.738 3 ESTIMATOR 402.249756 32.681267
4.802 3 ATTITUDE 0.019899 -3.140169 0.146135
4.835 3 WP_MOVED 4 641757.8125 5474491. 446. 32
4.856 3 LINK_REPORT 3 -1 5 0 4663 192 0 939. 39. 0 0.
4.883 3 DESIRED 0.45 0.15 3.4 78. 11. 436. 5. 15.
4.884 3 IMU_GYRO 1 -0.031738 0.011963 -0.037598
4.898 3 ATTITUDE 0.019935 -3.140159 0.146312
4.962 3 GPS 3 64650552 548987560 1721 319458 1 -6 2373 134924800 32 0
4.963 3 SVINFO 25 18 0 4 36 77 250
5.010 3 ATTITUDE 0.019979 -3.140166 0.146307
5.091 3 DESIRED 0.14 0.15 3.4 78. 11. 436. 5. 15.
5.092 3 IMU_ACCEL 1 1.407227 -0.169922 -9.365234
5.107 3 ATTITUDE 0.019914 -3.140152 0.146545
5.139 3 AIRSPEED 0. 0. 0. 0.
5.187 3 STATE_FILTER_STATUS 6 3 0
5.230 3 GPS 3 64650566 548987570 1721 319424 2 -3 2373 134925000 32 0
5.231 3 SVINFO 26 19 1 1 41 31 322
5.232 3 ATTITUDE 0.019937 -3.140123 0.1464
5.246 3 GPS_SOL 261 27 129 17
5.246 3 ESTIMATOR 392.404968 19.974506
5.247 3 FBW_STATUS 2 0 1 11.522655 0.
5.278 3 DESIRED -0.8 0.15 3.4 78. 11. 436. 5. 15.
5.294 3 IMU_MAG 0 0. 0. 0.
5.310 3 ATTITUDE 0.019955 -3.140108 0.146115
5.342 3 CIRCLE 2.8 -28.299999 60.
5.343 3 WP_MOVED 5 641729. 5474694.5 466. 32
5.392 3 PONG 
5.406 3 ATTITUDE 0.019945 -3.140312 0.143919
5.438 3 NAVIGATION 10 0 4711.8 15223. 0. 15935.5 0 8 8 1 0 0
5.471 3 GPS 3 64650579 548987579 1721 319404 7 -17 2373 134925200 32 0
5.472 3 SVINFO 0 1 1 3 43 48 143
5.486 3 DESIRED 0.59 0.15 3.4 78. 11. 436. 5. 15.
5.487 3 IMU_GYRO 1 -0.035645 0.032715 -0.036621
5.503 3 DEBUG 0,0,0,0,0,0,0,0,0,0,0,0,0,0,0,0,0,0,0
5.518 3 UBLOX_INFO 115200 0 0 0 0 7 0
5.519 3 ATTITUDE 0.021149 -3.140112 0.14633
5.535 3 ENERGY 0 11.51647 0. 0. 0. 0. 0.
5.598 3 ATTITUDE 0.020858 -3.1401 0.146633
5.679 3 DESIRED 0.8 0.15 3.4 78. 11. 436. 5. 15.
5.731 3 GPS 3 64650592 548987588 1721 319400 3 -13 2373 134925400 32 0
5.732 3 SVINFO 1 2 0 4 36 20 145
5.733 3 ATTITUDE 0.020722 -3.140048 0.146314
5.733 3 ESTIMATOR 379.025177 6.732066
5.806 3 ATTITUDE 0.02077 -3.140039 0.146333
5.838 3 COMMANDS 0,-2173,79
5.839 3 DL_VALUE 5 0.
5.839 3 WP_MOVED 6 641754.875 5474698.5 466. 32
5.857 3 LINK_REPORT 3 -1 6 0 5673 235 0 1010. 43. 1 36.67
5.887 3 DESIRED -0.23 0.15 3.4 78. 11. 436. 5. 15.
5.888 3 IMU_ACCEL 1 1.394531 -0.219727 -9.49707
5.902 3 ATTITUDE 0.020915 -3.140064 0.147197
5.967 3 GPS 3 64650611 548987606 1721 319499 5 -4 2373 134925800 32 0
5.969 3 SVINFO 2 4 1 3 27 62 191
5.998 3 ATTITUDE 0.020842 -3.140096 0.147399
6.079 3 CALIBRATION 108. 0
6.095 3 DESIRED 0.8 0.15 3.4 78. 11. 436. 5. 15.
6.096 3 IMU_GYRO 1 -0.027588 0.029541 -0.037598
6.111 3 ATTITUDE 0.02056 -3.140128 0.146975
6.143 3 AIRSPEED 0. 0. 0. 0.
6.237 3 GPS 3 64650620 548987615 1721 319514 8 -26 2373 134926000 32 0
6.238 3 SVINFO 3 6 1 1 41 23 310
6.239 3 ATTITUDE 0.020638 -3.140099 0.14712
6.239 3 ESTIMATOR 371.714172 1.174167
6.285 3 DESIRED 0.8 0.15 3.4 78. 11. 436. 5. 15.
6.301 3 ATTITUDE 0.020593 -3.140065 0.14718
6.333 3 WP_MOVED 7 641788.1875 5474495. 446. 32
6.381 3 CIRCLE 2.8 -28.299999 60.
6.413 3 ATTITUDE 0.020644 -3.140061 0.147291
6.445 3 NAVIGATION 10 0 4712.2 15223.5 0. 15936.1 0 9 9 1 0 0
6.461 3 GPS 3 64650628 548987621 1721 319502 0 -3 2373 134926200 32 0
6.462 3 SVINFO 4 9 0 7 23 27 215
6.477 3 DESIRED -0.8 0.15 3.4 78. 11. 436. 5. 15.
6.509 3 DATALINK_REPORT 1 1 0 937 0 0
6.510 3 ATTITUDE 0.020635 -3.140047 0.14781
6.589 3 IMU_MAG 0 0. 0. 0.
6.605 3 ATTITUDE 0.020296 -3.140244 0.14581
6.637 3 ENERGY 0 11.510285 0. 0. 0. 0. 0.
6.638 3 FBW_STATUS 2 0 1 11.510285 0.
6.685 3 DESIRED 0.8 0.15 3.4 78. 11. 436. 5. 15.
6.701 3 IMU_ACCEL 1 1.483398 -0.196289 -9.576172
6.702 3 IMU_GYRO 1 -0.033447 0.052734 -0.037109
6.717 3 GPS 3 64650636 548987627 1721 319522 5 -11 2373 134926400 32 0
6.719 3 ATTITUDE 0.021165 -3.14007 0.147911
6.733 3 ESTIMATOR 363.695618 -3.362625
6.813 3 ATTITUDE 0.02091 -3.140054 0.147309
6.829 3 WP_MOVED 8 641844.1875 5474504.5 446. 32
6.857 3 LINK_REPORT 3 -1 7 0 6605 273 0 932. 38. 1 36.67
6.878 3 DESIRED 0.5 0.15 3.4 78. 11. 436. 5. 15.
6.909 3 ATTITUDE 0.021042 -3.140007 0.148142
6.973 3 GPS 3 64650650 548987640 1721 319519 5 -19 2373 134926800 32 0
6.974 3 SVINFO 6 17 0 1 33 38 252
7.005 3 ATTITUDE 0.021071 -3.140016 0.14802
7.086 3 DESIRED 0.8 0.15 3.4 78. 11. 436. 5. 15.
7.101 3 ATTITUDE 0.021172 -3.140017 0.147883
7.133 3 AIRSPEED 0. 0. 0. 0.
7.214 3 GPS 3 64650658 548987645 1721 319486 4 -11 2373 134927000 32 0
7.229 3 SVINFO 7 19 0 2 34 36 286
7.231 3 ATTITUDE 0.02116 -3.139984 0.147911
7.246 3 GPS_SOL 208 33 129 17
7.246 3 ESTIMATOR 359.771881 -4.791722
7.247 3 FBW_STATUS 2 0 1 11.522655 0.
7.294 3 DESIRED 0.8 0.15 3.4 78. 11. 436. 5. 15.
7.295 3 IMU_GYRO 1 -0.027588 0.022949 -0.037598
7.310 3 ATTITUDE 0.021126 -3.13997 0.147933
7.341 3 DL_VALUE 6 0.
7.342 3 WP_MOVED 9 641814.5 5474703. 476. 32
7.343 3 COMMANDS 0,6854,58
7.389 3 STATE_FILTER_STATUS 6 3 0
7.405 3 ATTITUDE 0.021094 -3.139958 0.147919
7.438 3 CIRCLE 2.8 -28.299999 60.
7.454 3 NAVIGATION 10 0 4712.6 15223.5 0. 15936.2 0 10 10 1 0 0
7.470 3 GPS 3 64650664 548987652 1721 319487 9 -19 2373 134927200 32 0
7.471 3 SVINFO 8 31 1 3 11 30 75
7.486 3 DESIRED 0.8 0.15 3.4 78. 11. 436. 5. 15.
7.487 3 IMU_ACCEL 1 1.380859 -0.205078 -9.401367
7.502 3 ATTITUDE 0.021122 -3.139919 0.147915
7.598 3 ATTITUDE 0.02112 -3.139922 0.147951
7.678 3 DESIRED 0.41 0.15 3.4 78. 11. 436. 5. 15.
7.710 3 GPS 3 64650671 548987656 1721 319485 4 -15 2373 134927400 32 0
7.711 3 ATTITUDE 0.021279 -3.1399 0.148138
7.726 3 ENERGY 0 11.522655 0. 0. 0. 0. 0.
7.742 3 ESTIMATOR 356.054749 -5.213651
7.806 3 ATTITUDE 0.021248 -3.13987 0.148157
7.839 3 WP_MOVED 10 641786.375 5474701. 476. 32
7.858 3 LINK_REPORT 3 -1 8 0 7501 310 0 896. 37. 1 36.67
7.886 3 DESIRED -0.23 0.15 3.4 78. 11. 436. 5. 15.
7.901 3 IMU_GYRO 1 -0.034424 0.019287 -0.037109
7.901 3 IMU_MAG 0 0. 0. 0.
7.902 3 ATTITUDE 0.021149 -3.139845 0.148127
7.966 3 GPS 3 64650682 548987665 1721 319510 6 -18 2373 134927800 32 0
7.998 3 ATTITUDE 0.021123 -3.139815 0.148171
8.030 3 LOGGER_STATUS 0 0 0 none
8.078 3 DESIRED 0.69 0.15 3.4 78. 11. 436. 5. 15.
8.110 3 ATTITUDE 0.02106 -3.139811 0.148036
8.142 3 AIRSPEED 0. 0. 0. 0.
8.174 3 CALIBRATION -150. 0
8.222 3 GPS 3 64650686 548987669 1721 319514 0 -11 2373 134928000 32 0
8.224 3 ATTITUDE 0.021136 -3.13977 0.148062
8.238 3 ESTIMATOR 354.582245 -4.864109
8.286 3 DESIRED -0.8 0.15 3.4 78. 11. 436. 5. 15.
8.287 3 IMU_ACCEL 1 1.224609 -0.241211 -9.338867
8.302 3 ATTITUDE 0.021151 -3.139739 0.148086
8.334 3 WP_MOVED 11 641807.5 5474574.5 436. 32
8.335 3 ACTUATORS 1040,1784,1780
8.398 3 ATTITUDE 0.021068 -3.139991 0.146166
8.447 3 NAVIGATION 10 0 4712.9 15223.5 0. 15936.3 0 11 11 1 0 0
8.463 3 GPS 3 64650691 548987673 1721 319512 5 -2 2373 134928200 32 0
8.504 3 DESIRED 0.8 0.15 3.4 78. 11. 436. 5. 15.
8.506 3 IMU_GYRO 1 -0.03125 0.054932 -0.038818
8.506 3 CIRCLE 2.8 -28.299999 60.
8.506 3 ATTITUDE 0.021174 -3.139716 0.148116
8.600 3 ATTITUDE 0.02113 -3.139691 0.147954
8.648 3 FBW_STATUS 2 0 1 11.5041 0.
8.681 3 DESIRED -0.8 0.15 3.4 78. 11. 436. 5. 15.
8.713 3 GPS 3 64650696 548987677 1721 319494 3 0 2373 134928400 32 0
8.714 3 ATTITUDE 0.021136 -3.139692 0.148134
8.728 3 ESTIMATOR 353.917542 -3.658066
8.809 3 ATTITUDE 0.020715 -3.139919 0.146029
8.825 3 ENERGY 0 11.51647 0. 0. 0. 0. 0.
8.840 3 DL_VALUE 7 2.
8.841 3 WP_MOVED 0 641794. 5474653. 436. 32
8.859 3 LINK_REPORT 3 -1 9 0 8392 346 0 891. 36. 1 36.67
8.889 3 DESIRED 0.8 0.15 3.4 78. 11. 436. 5. 15.
8.904 3 ATTITUDE 0.021104 -3.139636 0.148354
8.953 3 GPS 3 64650705 548987686 1721 319491 3 -12 2373 134928800 32 0
9.001 3 ATTITUDE 0.02095 -3.13962 0.147974
9.049 3 ALIVE 81,251,48,3,220,56,64,164,224,46,110,36,49,231,158,235
9.112 3 DESIRED 0.5 0.15 3.4 78. 11. 436. 5. 15.
9.113 3 IMU_ACCEL 1 1.382812 -0.205078 -9.336914
9.114 3 IMU_GYRO 1 -0.023926 0.013916 -0.037109
9.114 3 ATTITUDE 0.020959 -3.13958 0.148551
9.144 3 AIRSPEED 0. 0. 0. 0.
9.192 3 IMU_MAG 0 0. 0. 0.
9.224 3 GPS 3 64650710 548987690 1721 319508 5 -21 2373 134929000 32 0
9.226 3 SVINFO 15 19 1 1 41 64 58
9.226 3 ATTITUDE 0.021005 -3.139582 0.148395
9.240 3 GPS_SOL 179 32 129 17
9.241 3 ESTIMATOR 353.822723 -2.887258
9.256 3 FBW_STATUS 2 0 1 11.522655 0.
9.288 3 DESIRED 0.69 0.15 3.4 78. 11. 436. 5. 15.
9.304 3 ATTITUDE 0.020969 -3.139586 0.148252
9.336 3 WP_MOVED 1 641794. 5474653. 436. 32
9.400 3 ATTITUDE 0.021038 -3.139569 0.148302
9.448 3 NAVIGATION 10 0 4713.1 15224. 0. 15936.9 0 12 12 1 0 0
9.464 3 GPS 3 64650713 548987692 1721 319499 5 3 2373 134929200 32 0
9.465 3 SVINFO 16 44 0 7 39 -91 0
9.480 3 DESIRED -0.37 0.15 3.4 78. 11. 436. 5. 15.
9.512 3 ATTITUDE 0.020927 -3.13954 0.148388
9.528 3 CIRCLE 2.8 -28.299999 60.
9.576 3 PPRZ_MODE 2 3 3 2 0 4
9.592 3 STATE_FILTER_STATUS 6 3 0
9.608 3 ATTITUDE 0.021018 -3.139505 0.148296
9.689 3 DESIRED -0.8 0.15 3.4 78. 11. 436. 5. 15.
9.689 3 IMU_GYRO 1 -0.039307 0.012939 -0.037109
9.731 3 GPS 3 64650716 548987694 1721 319508 4 8 2373 134929400 32 0
9.733 3 SVINFO 17 1 1 0 8 1 51
9.733 3 ATTITUDE 0.020619 -3.139754 0.146044
9.734 3 ESTIMATOR 353.968262 -1.88278
9.811 3 ATTITUDE 0.020753 -3.139743 0.146163
9.827 3 WP_MOVED 2 641796.8125 5474624.5 436. 32
9.860 3 LINK_REPORT 3 -1 10 0 9308 384 0 916. 38. 1 36.67
9.892 3 DESIRED -0.8 0.15 3.4 78. 11. 436. 5. 15.
9.892 3 IMU_ACCEL 1 1.363281 -0.155273 -9.360352
9.907 3 ATTITUDE 0.020815 -3.13974 0.146204
9.923 3 ENERGY 0 11.51647 0. 0. 0. 0. 0.
9.971 3 GPS 3 64650719 548987699 1721 319521 1 -9 2373 134929800 32 0
9.972 3 SVINFO 18 2 1 0 8 47 41
10.003 3 ATTITUDE 0.020824 -3.139654 0.146505
10.084 3 DESIRED 0.14 0.15 3.4 78. 11. 436. 5. 15.
10.100 3 ATTITUDE 0.020969 -3.139457 0.14833
10.132 3 AIRSPEED 0. 0. 0. 0.
10.164 3 AUTOPILOT_VERSION 60400 v6.4.0_stable
10.212 3 GPS 3 64650721 548987701 1721 319522 10 -26 2373 134930000 32 0
10.213 3 ATTITUDE 0.020885 -3.139427 0.148344
10.228 3 ESTIMATOR 354.137299 -1.367812
10.302 3 CALIBRATION -150. 0
10.302 3 DESIRED 0.8 0.15 3.4 78. 11. 436. 5. 15.
10.303 3 IMU_GYRO 1 -0.041504 0.007568 -0.037109
10.303 3 ATTITUDE 0.020805 -3.139416 0.147885
10.350 3 NAVIGATION_REF 641794 5474653 32 356.
10.351 3 DL_VALUE 8 0.
10.351 3 WP_MOVED 3 641820. 5474501. 446. 32
10.381 3 PONG 
10.401 3 ATTITUDE 0.020882 -3.139423 0.147994
10.445 3 NAVIGATION 10 0 4713.2 15224. 0. 15936.9 0 13 13 1 0 0
10.461 3 GPS 3 64650724 548987702 1721 319484 2 -7 2373 134930200 32 0
10.462 3 SVINFO 20 4 1 6 30 20 235
10.477 3 DESIRED 0.14 0.15 3.4 78. 11. 436. 5. 15.
10.493 3 IMU_MAG 0 0. 0. 0.
10.510 3 ATTITUDE 0.020925 -3.139394 0.148233
10.590 3 CIRCLE 2.8 -28.299999 60.
10.606 3 ATTITUDE 0.020872 -3.13936 0.148248
10.638 3 FBW_STATUS 2 0 1 11.510285 0.
10.686 3 DESIRED 0.59 0.15 3.4 78. 11. 436. 5. 15.
10.687 3 IMU_ACCEL 1 1.382812 -0.166992 -9.422852
10.732 3 GPS 3 64650725 548987704 1721 319493 4 -24 2373 134930400 32 0
10.733 3 SVINFO 21 10 1 0 8 2 341
10.734 3 ATTITUDE 0.020904 -3.13936 0.148181
10.734 3 ESTIMATOR 354.563721 -0.699571
10.812 3 ATTITUDE 0.020957 -3.139339 0.148091
10.844 3 COMMANDS 0,-1181,54
10.844 3 WP_MOVED 4 641757.8125 5474491. 446. 32
10.861 3 LINK_REPORT 3 -1 11 0 10283 425 0 975. 41. 2 27.51
10.892 3 DESIRED -0.11 0.15 3.4 78. 11. 436. 5. 15.
10.893 3 IMU_GYRO 1 -0.030762 0.026855 -0.037598
10.908 3 ATTITUDE 0.020829 -3.139299 0.148187
10.956 3 GPS 3 64650729 548987707 1721 319477 3 1 2373 134930800 32 0
11.004 3 ATTITUDE 0.020807 -3.139258 0.14805
11.036 3 ENERGY 0 11.510285 0. 0. 0. 0. 0.
11.084 3 DESIRED 0.8 0.15 3.4 78. 11. 436. 5. 15.
11.100 3 ATTITUDE 0.020833 -3.139179 0.147651
11.133 3 AIRSPEED 0. 0. 0. 0.
11.213 3 GPS 3 64650730 548987709 1721 319508 3 -21 2373 134931000 32 0
11.214 3 ATTITUDE 0.020821 -3.139148 0.14769
11.244 3 GPS_SOL 159 31 125 18
11.245 3 ESTIMATOR 354.948822 -0.326553
11.245 3 FBW_STATUS 2 0 1 11.51647 0.
11.277 3 DESIRED 0.8 0.15 3.4 78. 11. 436. 5. 15.
11.308 3 ATTITUDE 0.020824 -3.13911 0.147709
11.340 3 WP_MOVED 5 641729. 5474694.5 466. 32
11.406 3 ATTITUDE 0.020888 -3.13907 0.147703
11.436 3 NAVIGATION 10 0 4713.3 15224. 0. 15936.9 0 14 14 1 0 0
11.468 3 GPS 3 64650732 548987711 1721 319507 2 -15 2373 134931200 32 0
11.469 3 SVINFO 24 17 0 0 32 38 167
11.485 3 DESIRED 0.5 0.15 3.4 78. 11. 436. 5. 15.
11.500 3 IMU_ACCEL 1 1.402344 -0.205078 -9.353516
11.501 3 IMU_GYRO 1 -0.024902 0.012939 -0.037109
11.501 3 ATTITUDE 0.021011 -3.139038 0.148062
11.596 3 DATALINK_REPORT 1 2 0 914 0 0
11.613 3 ATTITUDE 0.021022 -3.139016 0.147905
11.628 3 CIRCLE 2.8 -28.299999 60.
11.677 3 DESIRED 0.65 0.15 3.4 78. 11. 436. 5. 15.
11.725 3 GPS 3 64650734 548987714 1721 319518 7 -32 2373 134931400 32 0
11.726 3 SVINFO 25 18 0 3 35 77 250
11.727 3 ATTITUDE 0.021049 -3.138982 0.147839
11.741 3 ESTIMATOR 355.206573 -0.088922
11.789 3 IMU_MAG 0 0. 0. 0.
11.805 3 STATE_FILTER_STATUS 6 3 0
11.805 3 ATTITUDE 0.021088 -3.138947 0.147838
11.837 3 DL_VALUE 9 1.
11.837 3 WP_MOVED 6 641754.875 5474698.5 466. 32
11.862 3 LINK_REPORT 3 -1 12 0 11209 463 0 926. 38. 2 27.51
11.885 3 DESIRED -0.7 0.15 3.4 78. 11. 436. 5. 15.
11.906 3 ATTITUDE 0.021013 -3.138975 0.147454
11.965 3 GPS 3 64650738 548987718 1721 319475 1 -5 2373 134931800 32 0
12.013 3 ATTITUDE 0.021031 -3.139009 0.146689
12.094 3 DESIRED 0.14 0.15 3.4 78. 11. 436. 5. 15.
12.095 3 IMU_GYRO 1 -0.033936 0.027832 -0.036621
12.109 3 ATTITUDE 0.021007 -3.138891 0.147846
12.125 3 ENERGY 0 11.51647 0. 0. 0. 0. 0.
12.141 3 AIRSPEED 0. 0. 0. 0.
12.221 3 GPS 3 64650739 548987719 1721 319468 3 -6 2373 134932000 32 0
12.222 3 ATTITUDE 0.020985 -3.138884 0.147711
12.237 3 ESTIMATOR 355.358459 0.013767
12.286 3 DESIRED -0.23 0.15 3.4 78. 11. 436. 5. 15.
12.287 3 IMU_ACCEL 1 1.325195 -0.209961 -9.447266
12.301 3 ATTITUDE 0.020927 -3.138857 0.14771
12.333 3 WP_MOVED 7 641788.1875 5474495. 446. 32
12.349 3 COMMANDS 0,-2176,61
12.365 3 CALIBRATION -150. 0
12.397 3 ATTITUDE 0.020821 -3.138826 0.147786
12.445 3 NAVIGATION 10 0 4713.4 15224. 0. 15937. 0 15 15 1 0 0
12.461 3 GPS 3 64650743 548987722 1721 319428 6 0 2373 134932200 32 0
12.462 3 SVINFO 1 2 0 3 35 20 145
12.477 3 DESIRED 0.8 0.15 3.4 78. 11. 436. 5. 15.
12.509 3 ATTITUDE 0.020785 -3.138767 0.147215
12.605 3 ATTITUDE 0.020817 -3.138737 0.147373
12.637 3 FBW_STATUS 2 0 1 11.522655 0.
12.701 3 DESIRED 0.59 0.15 3.4 78. 11. 436. 5. 15.
12.702 3 IMU_GYRO 1 -0.030273 0.027832 -0.037109
12.703 3 CIRCLE 2.8 -28.299999 60.
12.717 3 GPS 3 64650746 548987724 1721 319433 7 -31 2373 134932400 32 0
12.718 3 ATTITUDE 0.020828 -3.138696 0.147683
12.732 3 ESTIMATOR 355.483124 0.062442
12.812 3 ATTITUDE 0.020831 -3.138633 0.147643
12.829 3 WP_MOVED 8 641844.1875 5474504.5 446. 32
12.863 3 LINK_REPORT 3 -1 13 0 12063 497 0 854. 34. 2 27.51
12.877 3 DESIRED 0.8 0.15 3.4 78. 11. 436. 5. 15.
12.910 3 ATTITUDE 0.020771 -3.138592 0.147234
12.957 3 GPS 3 64650751 548987730 1721 319414 5 -14 2373 134932800 32 0
13.005 3 ATTITUDE 0.020759 -3.138544 0.147269
13.085 3 DESIRED 0.8 0.15 3.4 78. 11. 436. 5. 15.
13.100 3 IMU_ACCEL 1 1.366211 -0.181641 -9.417969
13.100 3 IMU_MAG 0 0. 0. 0.
13.100 3 ATTITUDE 0.020758 -3.138506 0.147211
13.116 3 LOGGER_STATUS 0 0 0 none
13.148 3 AIRSPEED 0. 0. 0. 0.
13.212 3 GPS 3 64650755 548987733 1721 319431 1 -9 2373 134933000 32 0
13.213 3 ATTITUDE 0.020817 -3.138487 0.147292
13.228 3 ENERGY 0 11.510285 0. 0. 0. 0. 0.
13.244 3 GPS_SOL 144 30 125 18
13.244 3 ESTIMATOR 355.543701 0.084717
13.245 3 FBW_STATUS 2 0 1 11.510285 0.
13.292 3 DESIRED 0.14 0.15 3.4 78. 11. 436. 5. 15.
13.293 3 IMU_GYRO 1 -0.026367 -0.002441 -0.038086
13.308 3 ATTITUDE 0.020796 -3.138429 0.147486
13.341 3 DL_VALUE 10 436.
13.341 3 WP_MOVED 9 641814.5 5474703. 476. 32
13.342 3 ACTUATORS 1040,1463,1458
13.407 3 ATTITUDE 0.020818 -3.138426 0.147431
13.437 3 NAVIGATION 10 0 4713.6 15224. 0. 15937. 0 16 16 1 0 0
13.469 3 GPS 3 64650758 548987736 1721 319429 5 13 2373 134933200 32 0
13.485 3 DESIRED -0.59 0.15 3.4 78. 11. 436. 5. 15.
13.501 3 ATTITUDE 0.020899 -3.138449 0.146611
13.597 3 ATTITUDE 0.020814 -3.138363 0.146871
13.677 3 DESIRED 0.54 0.15 3.4 78. 11. 436. 5. 15.
13.725 3 GPS 3 64650761 548987740 1721 319439 8 -24 2373 134933400 32 0
13.727 3 SVINFO 6 17 0 2 34 38 252
13.727 3 ATTITUDE 0.020826 -3.138328 0.147376
13.741 3 CIRCLE 2.8 -28.299999 60.
13.741 3 ESTIMATOR 355.838257 0.20014
13.805 3 ATTITUDE 0.020889 -3.138303 0.147325
13.837 3 WP_MOVED 10 641786.375 5474701. 476. 32
13.863 3 LINK_REPORT 3 -1 14 0 12955 533 0 892. 36. 2 27.51
13.885 3 DESIRED -0.37 0.15 3.4 78. 11. 436. 5. 15.
13.908 3 IMU_ACCEL 1 1.361328 -0.236328 -9.449219
13.909 3 IMU_GYRO 1 -0.02124 0.025635 -0.036621
13.909 3 ATTITUDE 0.020898 -3.138247 0.147203
13.965 3 GPS 3 64650768 548987747 1721 319460 4 -12 2373 134933800 32 0
13.967 3 SVINFO 7 19 0 3 35 36 286
13.997 3 STATE_FILTER_STATUS 6 3 0
14.013 3 ATTITUDE 0.020776 -3.138177 0.147293
14.077 3 DESIRED 0.8 0.15 3.4 78. 11. 436. 5. 15.
14.109 3 ATTITUDE 0.020768 -3.13813 0.146903
14.141 3 AIRSPEED 0. 0. 0. 0.
14.158 3 ALIVE 81,251,48,3,220,56,64,164,224,46,110,36,49,231,158,235
14.231 3 GPS 3 64650772 548987751 1721 319465 1 1 2373 134934000 32 0
14.233 3 SVINFO 8 31 1 6 30 30 75
14.233 3 ATTITUDE 0.020752 -3.138068 0.146866
14.234 3 ESTIMATOR 356.212128 0.369845
