9.009 3 LINK_REPORT 3 -1 9 0 5584 233 4 959. 40. 1 65.05
9.024 3 AIRSPEED 0. 0. 0. 0.
9.054 3 AUTOPILOT_VERSION 60400 v6.4.0_stable
9.055 3 IMU_MAG 0 0. 0. 0.
9.055 3 DESIRED 0.36 0.15 0.8 60. 60. 2595. 5. 15.
9.055 3 PPRZ_MODE 2 3 3 2 0 4
9.070 3 ATTITUDE 0.00687 -3.13945 0.132935
9.165 3 ESTIMATOR 2558.113281 -21.114328
9.182 3 GPS 0 0 0 0 0 0 0 0 0 0 0
9.182 3 SVINFO 0 0 0 0 0 0 0
9.182 3 ATTITUDE 0.006852 -3.139438 0.132959
9.214 3 FBW_STATUS 2 0 1 11.34329 0.
9.230 3 DESIRED 0.36 0.15 0.8 60. 60. 2595. 5. 15.
9.261 3 WP_MOVED 1 649123. 5253077. 2595. 32
9.278 3 ATTITUDE 0.006829 -3.139416 0.132973
9.310 3 NAVIGATION 9 0 0. 0. 0. 0. 0 12 12 1 0 0
9.342 3 STATE_FILTER_STATUS 6 3 0
9.374 3 SHT_STATUS 0 0 0.1 -39.66
9.374 3 ATTITUDE 0.006815 -3.139356 0.132954
9.422 3 NAVIGATION_REF 649123 5253077 32 2575.
9.422 3 CIRCLE 0. 0. -60.
9.452 3 GPS 0 0 0 0 0 0 0 0 0 0 0
9.452 3 SVINFO 0 0 0 0 0 0 0
9.452 3 DESIRED 0.36 0.15 0.8 60. 60. 2595. 5. 15.
9.468 3 ATTITUDE 0.006806 -3.139318 0.1329
9.564 3 ATTITUDE 0.006747 -3.139298 0.132927
9.597 3 IMU_GYRO 1 -0.028564 0.025146 -0.045654
9.644 3 DESIRED 0.36 0.15 0.8 60. 60. 2595. 5. 15.
9.687 3 ESTIMATOR 2560.724121 -13.036618
9.687 3 GPS 0 0 0 0 0 0 0 0 0 0 0
9.687 3 SVINFO 0 0 0 0 0 0 0
9.688 3 ATTITUDE 0.006735 -3.139297 0.132945
9.767 3 WP_MOVED 2 649046.125 5253124. 2595. 32
9.783 3 ATTITUDE 0.006745 -3.139255 0.132977
9.783 3 IMU_ACCEL 1 1.239258 -0.056641 -9.246094
9.799 3 ENERGY 0 11.34329 0. 0. 0. 0. 0.
9.831 3 DESIRED 0.36 0.15 0.8 60. 60. 2595. 5. 15.
9.879 3 SHT_STATUS 0 0 0.1 -39.66
9.880 3 ATTITUDE 0.006742 -3.139219 0.133001
9.927 3 GPS 0 0 0 0 0 0 0 0 0 0 0
9.928 3 SVINFO 0 0 0 0 0 0 0
9.939 3 LINK_REPORT 3 -1 10 0 6632 277 4 1048. 44. 1 65.05
9.975 3 ATTITUDE 0.006699 -3.139183 0.133022
10.007 3 AIRSPEED 0. 0. 0. 0.
10.040 3 DESIRED 0.36 0.15 0.8 60. 60. 2595. 5. 15.
10.055 3 CALIBRATION -150. 0
10.071 3 ATTITUDE 0.006723 -3.13912 0.133048
10.167 3 DL_VALUE 8 1.
10.197 3 ESTIMATOR 2563.693115 -8.460302
10.198 3 GPS 0 0 0 0 0 0 0 0 0 0 0
10.199 3 SVINFO 0 0 0 0 0 0 0
10.199 3 ATTITUDE 0.006719 -3.139091 0.133074
10.200 3 IMU_GYRO 1 -0.029053 0.025635 -0.044678
10.245 3 DESIRED 0.36 0.15 0.8 60. 60. 2595. 5. 15.
10.261 3 WP_MOVED 0 649123. 5253077. 2595. 32
10.277 3 ATTITUDE 0.006708 -3.139014 0.133095
10.309 3 COMMANDS 0,3134,246
10.326 3 NAVIGATION 9 0 0. 0. 0. 0. 0 13 13 1 0 0
10.341 3 IMU_MAG 0 0. 0. 0.
10.373 3 SHT_STATUS 0 0 0.1 -39.66
10.374 3 ATTITUDE 0.00668 -3.138984 0.133119
10.421 3 FBW_STATUS 2 0 1 11.34329 0.
10.422 3 GPS 0 0 0 0 0 0 0 0 0 0 0
10.437 3 SVINFO 0 0 0 0 0 0 0
10.438 3 DESIRED 0.36 0.15 0.8 60. 60. 2595. 5. 15.
10.470 3 CIRCLE 0. 0. -60.
10.486 3 ATTITUDE 0.006659 -3.138949 0.133124
10.487 3 PONG 
10.581 3 ATTITUDE 0.006667 -3.138885 0.133103
10.581 3 IMU_ACCEL 1 1.227539 -0.071289 -9.267578
10.646 3 DESIRED 0.36 0.15 0.8 60. 60. 2595. 4.8 15.
10.688 3 ESTIMATOR 2568.231445 -3.407645
10.689 3 GPS 0 0 0 0 0 0 0 0 0 0 0
10.690 3 SVINFO 0 0 0 0 0 0 0
10.691 3 ATTITUDE 0.00665 -3.138822 0.133091
10.768 3 WP_MOVED 1 649123. 5253077. 2595. 32
10.783 3 ATTITUDE 0.006647 -3.138777 0.133118
10.799 3 IMU_GYRO 1 -0.028564 0.023682 -0.045166
10.832 3 DESIRED 0.36 0.15 0.8 60. 60. 2595. 4.6 15.
10.880 3 SHT_STATUS 0 0 0.1 -39.66
10.880 3 ATTITUDE 0.006695 -3.138719 0.133089
10.896 3 ENERGY 0 11.349475 0. 0. 0. 0. 0.
10.911 3 GPS 0 0 0 0 0 0 0 0 0 0 0
10.927 3 SVINFO 0 0 0 0 0 0 0
10.939 3 LINK_REPORT 3 -1 11 0 7616 319 4 984. 42. 2 53.64
10.975 3 ATTITUDE 0.006686 -3.13865 0.133121
11.007 3 GPS_SOL 0 0 0 0
11.024 3 AIRSPEED 0. 0. 0. 0.
11.040 3 DESIRED 0.36 0.14 0.8 60. 60. 2595. 4.3 15.
11.071 3 DATALINK_REPORT 0 2 0 990 0 0
11.072 3 ATTITUDE 0.006701 -3.138591 0.133135
11.168 3 ESTIMATOR 2571.045654 -1.079198
11.184 3 GPS 0 0 0 0 0 0 0 0 0 0 0
11.185 3 SVINFO 0 0 0 0 0 0 0
11.186 3 ATTITUDE 0.006693 -3.138543 0.133167
11.216 3 FBW_STATUS 2 0 1 11.33092 0.
11.232 3 DESIRED 0.36 0.13 0.8 60. 60. 2595. 4.1 15.
11.264 3 WP_MOVED 2 649046.125 5253124. 2595. 32
11.279 3 ATTITUDE 0.006683 -3.138514 0.133168
11.312 3 NAVIGATION 9 0 0. 0. 0. 0. 0 14 14 1 0 0
11.376 3 SHT_STATUS 0 0 0.1 -39.66
11.376 3 ATTITUDE 0.006698 -3.138468 0.133175
11.377 3 IMU_ACCEL 1 1.244141 -0.081055 -9.269531
11.392 3 IMU_GYRO 1 -0.028564 0.025146 -0.045166
11.424 3 GPS 0 0 0 0 0 0 0 0 0 0 0
11.425 3 SVINFO 0 0 0 0 0 0 0
11.440 3 DESIRED 0.36 0.12 0.8 60. 60. 2595. 3.9 15.
11.472 3 ATTITUDE 0.006717 -3.138418 0.133172
11.504 3 CIRCLE 0. 0. -60.
11.551 3 STATE_FILTER_STATUS 6 3 0
11.567 3 ATTITUDE 0.006704 -3.138378 0.133198
11.632 3 IMU_MAG 0 0. 0. 0.
11.648 3 DESIRED 0.36 0.12 0.8 60. 60. 2595. 3.7 15.
11.690 3 DL_VALUE 9 2595.
11.690 3 ESTIMATOR 2574.293213 0.956056
11.691 3 GPS 0 0 0 0 0 0 0 0 0 0 0
11.693 3 SVINFO 0 0 0 0 0 0 0
11.693 3 ATTITUDE 0.006698 -3.138343 0.133193
11.754 3 WP_MOVED 0 649123. 5253077. 2595. 32
11.770 3 ATTITUDE 0.00671 -3.138312 0.133197
11.834 3 DESIRED 0.36 0.11 0.8 60. 60. 2595. 3.6 15.
11.866 3 SHT_STATUS 0 0 0.1 -39.66
11.882 3 ATTITUDE 0.006741 -3.138252 0.133224
11.914 3 GPS 0 0 0 0 0 0 0 0 0 0 0
11.930 3 SVINFO 0 0 0 0 0 0 0
11.940 3 LINK_REPORT 3 -1 12 0 8560 359 4 944. 40. 2 53.64
11.978 3 ATTITUDE 0.006763 -3.138202 0.133221
11.994 3 ENERGY 0 11.337105 0. 0. 0. 0. 0.
12.010 3 IMU_GYRO 1 -0.028564 0.021973 -0.044678
12.010 3 AIRSPEED 0. 0. 0. 0.
12.042 3 DESIRED 0.36 0.11 0.8 60. 60. 2595. 3.5 15.
12.074 3 ATTITUDE 0.006806 -3.138152 0.133177
12.138 3 CALIBRATION -150. 0
12.170 3 ESTIMATOR 2575.826172 1.599545
12.198 3 GPS 0 0 0 0 0 0 0 0 0 0 0
12.199 3 SVINFO 0 0 0 0 0 0 0
12.200 3 ATTITUDE 0.006823 -3.138115 0.13315
12.200 3 IMU_ACCEL 1 1.227539 -0.078125 -9.317383
12.246 3 DESIRED 0.36 0.1 0.8 60. 60. 2595. 3.3 15.
12.262 3 WP_MOVED 1 649123. 5253077. 2595. 32
12.278 3 ATTITUDE 0.006822 -3.138049 0.133132
12.326 3 NAVIGATION 9 0 0. 0. 0. 0. 0 15 15 1 0 0
12.327 3 COMMANDS 0,3132,-452
12.374 3 SHT_STATUS 0 0 0.1 -39.66
12.390 3 ATTITUDE 0.006862 -3.13797 0.133124
12.437 3 FBW_STATUS 2 0 1 11.337105 0.
12.438 3 GPS 0 0 0 0 0 0 0 0 0 0 0
12.440 3 SVINFO 0 0 0 0 0 0 0
12.441 3 DESIRED 0.36 0.1 0.8 60. 60. 2595. 3.3 15.
12.469 3 ATTITUDE 0.006874 -3.137867 0.1331
12.564 3 CIRCLE 0. 0. -60.
12.581 3 ATTITUDE 0.006876 -3.137808 0.133107
12.597 3 LOGGER_STATUS 0 0 0 none
12.598 3 IMU_GYRO 1 -0.029785 0.024658 -0.044678
12.645 3 DESIRED 0.36 0.1 0.8 60. 60. 2595. 3.2 15.
12.687 3 ESTIMATOR 2577.343262 1.881055
12.687 3 GPS 0 0 0 0 0 0 0 0 0 0 0
12.687 3 SVINFO 0 0 0 0 0 0 0
12.688 3 ATTITUDE 0.006836 -3.137758 0.133114
12.767 3 WP_MOVED 2 649046.125 5253124. 2595. 32
12.783 3 ATTITUDE 0.006821 -3.137733 0.133154
12.832 3 DESIRED 0.36 0.1 0.8 60. 60. 2595. 3.2 15.
12.879 3 SHT_STATUS 0 0 0.1 -39.66
12.880 3 ATTITUDE 0.006835 -3.137682 0.13315
12.927 3 GPS 0 0 0 0 0 0 0 0 0 0 0
12.929 3 SVINFO 0 0 0 0 0 0 0
12.929 3 IMU_MAG 0 0. 0. 0.
12.940 3 LINK_REPORT 3 -1 13 0 9542 400 4 982. 41. 2 53.64
12.975 3 ATTITUDE 0.006836 -3.137604 0.133081
12.976 3 IMU_ACCEL 1 1.209961 -0.071289 -9.28418
13.007 3 GPS_SOL 0 0 0 0
13.024 3 AIRSPEED 0. 0. 0. 0.
13.039 3 DESIRED 0.36 0.1 0.8 60. 60. 2595. 3.1 15.
13.071 3 ATTITUDE 0.006837 -3.137533 0.133071
13.103 3 ENERGY 0 11.30618 0. 0. 0. 0. 0.
13.167 3 DL_VALUE 10 0.
13.193 3 ESTIMATOR 2577.726807 1.680936
13.194 3 GPS 0 0 0 0 0 0 0 0 0 0 0
13.196 3 SVINFO 0 0 0 0 0 0 0
13.196 3 ATTITUDE 0.006838 -3.137473 0.133035
13.197 3 IMU_GYRO 1 -0.029053 0.028809 -0.045166
13.209 3 FBW_STATUS 2 0 1 11.34329 0.
13.242 3 DESIRED 0.36 0.09 0.8 60. 60. 2595. 3.1 15.
13.257 3 WP_MOVED 0 649123. 5253077. 2595. 32
13.273 3 ATTITUDE 0.006814 -3.137411 0.133028
13.322 3 NAVIGATION 9 0 0. 0. 0. 0. 0 16 16 1 0 0
13.323 3 ACTUATORS 1040,1356,1400
13.369 3 SHT_STATUS 0 0 0.1 -39.66
13.385 3 ATTITUDE 0.006831 -3.137357 0.133034
13.417 3 GPS 0 0 0 0 0 0 0 0 0 0 0
13.418 3 SVINFO 0 0 0 0 0 0 0
13.434 3 DESIRED 0.36 0.09 0.8 60. 60. 2595. 3.1 15.
13.465 3 ATTITUDE 0.006829 -3.137323 0.133071
13.577 3 ATTITUDE 0.006854 -3.137239 0.133042
13.609 3 ALIVE 8,144,6,66,11,198,81,189,7,217,216,157,220,111,57,170
13.610 3 CIRCLE 0. 0. -60.
13.641 3 DESIRED 0.36 0.09 0.8 60. 60. 2595. 3. 15.
13.688 3 ESTIMATOR 2578.093018 1.345605
13.689 3 GPS 0 0 0 0 0 0 0 0 0 0 0
13.689 3 SVINFO 0 0 0 0 0 0 0
13.689 3 ATTITUDE 0.006852 -3.137203 0.133064
13.752 3 STATE_FILTER_STATUS 6 3 0
13.768 3 WP_MOVED 1 649123. 5253077. 2595. 32
13.784 3 ATTITUDE 0.006839 -3.137148 0.133058
13.785 3 IMU_ACCEL 1 1.224609 -0.061523 -9.254883
13.786 3 IMU_GYRO 1 -0.028564 0.025635 -0.043945
13.833 3 DESIRED 0.36 0.09 0.8 60. 60. 2595. 3. 15.
13.864 3 SHT_STATUS 0 0 0.1 -39.66
13.880 3 ATTITUDE 0.006864 -3.137068 0.133038
13.929 3 GPS 0 0 0 0 0 0 0 0 0 0 0
13.930 3 SVINFO 0 0 0 0 0 0 0
13.941 3 LINK_REPORT 3 -1 14 0 10561 443 4 1019. 43. 2 53.64
13.960 3 PPRZ_MODE 2 3 3 2 0 4
13.976 3 ATTITUDE 0.006835 -3.137019 0.133049
14.009 3 AIRSPEED 0. 0. 0. 0.
14.041 3 DESIRED 0.36 0.09 0.8 60. 60. 2595. 3. 15.
14.072 3 ATTITUDE 0.006821 -3.136969 0.133051
14.169 3 ESTIMATOR 2578.150635 1.0773
14.185 3 GPS 0 0 0 0 0 0 0 0 0 0 0
14.186 3 SVINFO 0 0 0 0 0 0 0
14.187 3 ATTITUDE 0.006828 -3.136909 0.133047
14.201 3 ENERGY 0 11.34329 0. 0. 0. 0. 0.
14.248 3 IMU_MAG 0 0. 0. 0.
14.249 3 DESIRED 0.36 0.09 0.8 60. 60. 2595. 3. 15.
14.251 3 CALIBRATION -150. 0
14.264 3 WP_MOVED 2 649046.125 5253124. 2595. 32
14.280 3 ATTITUDE 0.006839 -3.13686 0.132999
14.313 3 NAVIGATION 9 0 0. 0. 0. 0. 0 17 17 1 0 0
14.377 3 SHT_STATUS 0 0 0.1 -39.66
14.378 3 ATTITUDE 0.006832 -3.136785 0.133033
14.393 3 IMU_GYRO 1 -0.028564 0.025635 -0.044678
14.437 3 FBW_STATUS 2 0 1 11.337105 0.
14.438 3 GPS 0 0 0 0 0 0 0 0 0 0 0
14.440 3 SVINFO 0 0 0 0 0 0 0
14.441 3 DESIRED 0.36 0.09 0.8 60. 60. 2595. 3. 15.
14.469 3 ATTITUDE 0.006877 -3.136705 0.13299
14.580 3 ATTITUDE 0.006877 -3.136645 0.132984
14.580 3 IMU_ACCEL 1 1.219727 -0.038086 -9.267578
14.645 3 DESIRED 0.36 0.09 0.8 60. 60. 2595. 3. 15.
14.690 3 DL_VALUE 11 0.
14.690 3 CIRCLE 0. 0. -60.
14.691 3 ESTIMATOR 2578.350342 0.84646
14.692 3 GPS 0 0 0 0 0 0 0 0 0 0 0
14.693 3 SVINFO 0 0 0 0 0 0 0
14.694 3 ATTITUDE 0.006877 -3.136582 0.132953
14.754 3 WP_MOVED 0 649123. 5253077. 2595. 32
14.770 3 ATTITUDE 0.006871 -3.136521 0.133008
14.834 3 DESIRED 0.36 0.09 0.8 60. 60. 2595. 3. 15.
14.866 3 SHT_STATUS 0 0 0.1 -39.66
14.882 3 ATTITUDE 0.006906 -3.136442 0.133006
14.914 3 GPS 0 0 0 0 0 0 0 0 0 0 0
14.930 3 SVINFO 0 0 0 0 0 0 0
14.942 3 LINK_REPORT 3 -1 15 0 11515 483 4 954. 40. 2 53.64
14.978 3 ATTITUDE 0.006941 -3.136383 0.133046
14.994 3 IMU_GYRO 1 -0.028076 0.022949 -0.044678
15.010 3 GPS_SOL 0 0 0 0
15.027 3 AIRSPEED 0. 0. 0. 0.
15.042 3 DESIRED 0.36 0.09 0.8 60. 60. 2595. 3. 15.
15.074 3 ATTITUDE 0.006974 -3.136284 0.132945
15.170 3 ESTIMATOR 2578.25415 0.605792
15.171 3 GPS 0 0 0 0 0 0 0 0 0 0 0
15.186 3 SVINFO 0 0 0 0 0 0 0
15.187 3 ATTITUDE 0.006971 -3.136226 0.132956
15.202 3 FBW_STATUS 2 0 1 11.337105 0.
15.234 3 DESIRED 0.36 0.09 0.8 60. 60. 2595. 3. 15.
15.266 3 WP_MOVED 1 649123. 5253077. 2595. 32
15.282 3 ATTITUDE 0.006973 -3.136149 0.133004
15.298 3 ENERGY 0 11.337105 0. 0. 0. 0. 0.
15.314 3 COMMANDS 0,3131,-574
15.330 3 NAVIGATION 9 0 0. 0. 0. 0. 0 18 18 1 0 0
15.378 3 SHT_STATUS 0 0 0.1 -39.66
15.379 3 ATTITUDE 0.006992 -3.136075 0.133068
15.379 3 IMU_ACCEL 1 1.208008 -0.047852 -9.291016
15.427 3 GPS 0 0 0 0 0 0 0 0 0 0 0
15.428 3 SVINFO 0 0 0 0 0 0 0
15.442 3 DESIRED 0.36 0.09 0.8 60. 60. 2595. 3. 15.
15.474 3 ATTITUDE 0.006994 -3.136017 0.133016
15.475 3 PONG 
15.538 3 IMU_MAG 0 0. 0. 0.
15.569 3 ATTITUDE 0.007006 -3.135945 0.132953
15.585 3 IMU_GYRO 1 -0.028564 0.021484 -0.045166
15.635 3 DESIRED 0.36 0.09 0.8 60. 60. 2595. 3. 15.
15.666 3 ESTIMATOR 2578.11377 0.351983
15.693 3 GPS 0 0 0 0 0 0 0 0 0 0 0
15.694 3 SVINFO 0 0 0 0 0 0 0
15.695 3 ATTITUDE 0.006951 -3.135898 0.133042
15.708 3 CIRCLE 0. 0. -60.
15.756 3 WP_MOVED 2 649046.125 5253124. 2595. 32
15.772 3 ATTITUDE 0.006965 -3.135817 0.133101
15.836 3 DESIRED 0.36 0.09 0.8 60. 60. 2595. 3.1 15.
15.868 3 SHT_STATUS 0 0 0.1 -39.66
15.884 3 ATTITUDE 0.006974 -3.135796 0.133086
15.917 3 GPS 0 0 0 0 0 0 0 0 0 0 0
15.917 3 SVINFO 0 0 0 0 0 0 0
15.943 3 LINK_REPORT 3 -1 16 0 12492 524 4 977. 41. 3 41.39
15.948 3 STATE_FILTER_STATUS 6 3 0
15.964 3 ATTITUDE 0.006982 -3.13573 0.13311
16.012 3 AIRSPEED 0. 0. 0. 0.
16.044 3 DESIRED 0.36 0.09 0.8 60. 60. 2595. 3.1 15.
16.076 3 ATTITUDE 0.007042 -3.135675 0.133098
16.173 3 DATALINK_REPORT 0 3 0 960 0 0
16.173 3 DL_VALUE 12 0.
16.202 3 ESTIMATOR 2577.764404 0.078283
16.203 3 GPS 0 0 0 0 0 0 0 0 0 0 0
16.204 3 SVINFO 0 0 0 0 0 0 0
16.205 3 ATTITUDE 0.007039 -3.135614 0.13312
16.206 3 IMU_ACCEL 1 1.224609 -0.05957 -9.298828
16.207 3 IMU_GYRO 1 -0.028564 0.025635 -0.045166
16.235 3 DESIRED 0.36 0.09 0.8 60. 60. 2595. 3.1 15.
16.266 3 WP_MOVED 0 649123. 5253077. 2595. 32
16.282 3 ATTITUDE 0.007082 -3.135551 0.133127
16.315 3 NAVIGATION 9 0 0. 0. 0. 0. 0 19 19 1 0 0
16.330 3 CALIBRATION -150. 0
16.379 3 SHT_STATUS 0 0 0.1 -39.66
16.379 3 ATTITUDE 0.007064 -3.135461 0.133108
16.395 3 ENERGY 0 11.337105 0. 0. 0. 0. 0.
16.437 3 FBW_STATUS 2 0 1 11.337105 0.
16.438 3 GPS 0 0 0 0 0 0 0 0 0 0 0
16.440 3 SVINFO 0 0 0 0 0 0 0
16.441 3 DESIRED 0.36 0.09 0.8 60. 60. 2595. 3.1 15.
16.469 3 ATTITUDE 0.007032 -3.135384 0.133134
16.565 3 ATTITUDE 0.007019 -3.135289 0.133105
16.630 3 DESIRED 0.36 0.09 0.8 60. 60. 2595. 3.1 15.
16.689 3 ESTIMATOR 2577.734131 0.048293
16.690 3 GPS 0 0 0 0 0 0 0 0 0 0 0
16.691 3 SVINFO 0 0 0 0 0 0 0
16.692 3 ATTITUDE 0.007021 -3.135215 0.133053
16.769 3 CIRCLE 0. 0. -60.
16.770 3 WP_MOVED 1 649123. 5253077. 2595. 32
16.785 3 ATTITUDE 0.007056 -3.135122 0.133072
16.802 3 IMU_GYRO 1 -0.029053 0.027344 -0.045166
16.833 3 IMU_MAG 0 0. 0. 0.
16.850 3 DESIRED 0.36 0.09 0.8 60. 60. 2595. 3.1 15.
16.866 3 SHT_STATUS 0 0 0.1 -39.66
16.881 3 ATTITUDE 0.007061 -3.135018 0.133089
16.914 3 GPS 0 0 0 0 0 0 0 0 0 0 0
16.929 3 SVINFO 0 0 0 0 0 0 0
16.943 3 LINK_REPORT 3 -1 17 0 13484 566 4 992. 42. 3 41.39
16.977 3 ATTITUDE 0.007049 -3.134906 0.13306
16.978 3 IMU_ACCEL 1 1.246094 -0.05957 -9.279297
17.009 3 GPS_SOL 0 0 0 0
17.027 3 AIRSPEED 0. 0. 0. 0.
17.043 3 DESIRED 0.36 0.09 0.8 60. 60. 2595. 3.1 15.
17.073 3 ATTITUDE 0.007029 -3.134821 0.132993
17.170 3 ESTIMATOR 2577.691406 0.013347
17.186 3 GPS 0 0 0 0 0 0 0 0 0 0 0
17.187 3 SVINFO 0 0 0 0 0 0 0
17.188 3 ATTITUDE 0.00703 -3.134726 0.132978
17.218 3 FBW_STATUS 2 0 1 11.337105 0.
17.234 3 DESIRED 0.36 0.09 0.8 60. 60. 2595. 3.2 15.
17.266 3 WP_MOVED 2 649046.125 5253124. 2595. 32
17.281 3 ATTITUDE 0.007064 -3.134644 0.132966
17.314 3 NAVIGATION 9 0 0. 0. 0. 0. 0 20 20 1 0 0
17.329 3 COMMANDS 0,3132,-527
17.378 3 SHT_STATUS 0 0 0.1 -39.66
17.378 3 ATTITUDE 0.007041 -3.134575 0.133092
17.393 3 IMU_GYRO 1 -0.029053 0.026855 -0.044678
17.426 3 GPS 0 0 0 0 0 0 0 0 0 0 0
17.427 3 SVINFO 0 0 0 0 0 0 0
17.446 3 DESIRED 0.36 0.1 0.8 60. 60. 2595. 3.2 15.
17.474 3 ATTITUDE 0.00703 -3.134468 0.133139
17.490 3 ENERGY 0 11.337105 0. 0. 0. 0. 0.
17.569 3 ATTITUDE 0.007058 -3.134404 0.133148
17.633 3 DESIRED 0.36 0.1 0.8 60. 60. 2595. 3.2 15.
17.665 3 DL_VALUE 13 70.
17.691 3 ESTIMATOR 2577.424805 -0.115659
17.691 3 GPS 0 0 0 0 0 0 0 0 0 0 0
17.692 3 SVINFO 0 0 0 0 0 0 0
17.692 3 ATTITUDE 0.007067 -3.134333 0.13312
17.692 3 LOGGER_STATUS 0 0 0 none
17.755 3 WP_MOVED 0 649123. 5253077. 2595. 32
17.772 3 ATTITUDE 0.007089 -3.134254 0.133107
17.788 3 IMU_ACCEL 1 1.246094 -0.081055 -9.300781
17.804 3 CIRCLE 0. 0. -60.
17.836 3 DESIRED 0.36 0.1 0.8 60. 60. 2595. 3.2 15.
17.868 3 SHT_STATUS 0 0 0.1 -39.66
17.884 3 ATTITUDE 0.007135 -3.134159 0.13311
17.916 3 GPS 0 0 0 0 0 0 0 0 0 0 0
17.932 3 SVINFO 0 0 0 0 0 0 0
17.944 3 LINK_REPORT 3 -1 18 0 14464 607 4 980. 41. 3 41.39
17.964 3 ATTITUDE 0.007167 -3.134071 0.133072
17.996 3 IMU_GYRO 1 -0.029053 0.025146 -0.045166
18.011 3 AIRSPEED 0. 0. 0. 0.
18.044 3 DESIRED 0.36 0.1 0.8 60. 60. 2595. 3.2 15.
18.075 3 ATTITUDE 0.007204 -3.133995 0.13301
18.124 3 IMU_MAG 0 0. 0. 0.
18.156 3 STATE_FILTER_STATUS 6 3 0
18.172 3 ESTIMATOR 2577.223877 -0.207626
18.172 3 GPS 0 0 0 0 0 0 0 0 0 0 0
18.188 3 SVINFO 0 0 0 0 0 0 0
18.189 3 ATTITUDE 0.007205 -3.133925 0.133014
18.236 3 DESIRED 0.36 0.1 0.8 60. 60. 2595. 3.2 15.
18.268 3 WP_MOVED 1 649123. 5253077. 2595. 32
18.284 3 ATTITUDE 0.007215 -3.133802 0.133046
18.316 3 NAVIGATION 9 0 0. 0. 0. 0. 0 21 21 1 0 0
18.317 3 ACTUATORS 1040,1359,1398
18.380 3 SHT_STATUS 0 0 0.1 -39.66
18.381 3 ATTITUDE 0.007196 -3.133734 0.133008
18.439 3 NAVIGATION_REF 649123 5253077 32 2575.
18.440 3 FBW_STATUS 2 0 1 11.349475 0.
18.441 3 GPS 0 0 0 0 0 0 0 0 0 0 0
18.443 3 SVINFO 0 0 0 0 0 0 0
18.455 3 DESIRED 0.36 0.1 0.8 60. 60. 2595. 3.2 15.
18.456 3 CALIBRATION -150. 0
18.471 3 ATTITUDE 0.007269 -3.133641 0.132985
18.566 3 ATTITUDE 0.007294 -3.133545 0.132995
18.582 3 IMU_ACCEL 1 1.246094 -0.071289 -9.298828
18.598 3 ENERGY 0 11.34329 0. 0. 0. 0. 0.
18.599 3 IMU_GYRO 1 -0.028076 0.023682 -0.043945
18.631 3 DESIRED 0.36 0.1 0.8 60. 60. 2595. 3.2 15.
18.689 3 ESTIMATOR 2577.012451 -0.254592
18.690 3 GPS 0 0 0 0 0 0 0 0 0 0 0
18.691 3 SVINFO 0 0 0 0 0 0 0
18.692 3 ATTITUDE 0.00732 -3.133456 0.132993
18.693 3 ALIVE 8,144,6,66,11,198,81,189,7,217,216,157,220,111,57,170
18.769 3 WP_MOVED 2 649046.125 5253124. 2595. 32
18.785 3 ATTITUDE 0.007325 -3.133396 0.132915
18.833 3 DESIRED 0.36 0.1 0.8 60. 60. 2595. 3.2 15.
18.865 3 PPRZ_MODE 2 3 3 2 0 4
18.881 3 CIRCLE 0. 0. -60.
18.882 3 SHT_STATUS 0 0 0.1 -39.66
18.882 3 ATTITUDE 0.007304 -3.133316 0.132947
18.914 3 GPS 0 0 0 0 0 0 0 0 0 0 0
18.929 3 SVINFO 0 0 0 0 0 0 0
18.944 3 LINK_REPORT 3 -1 19 0 15499 651 4 1035. 44. 3 41.39
18.977 3 ATTITUDE 0.007289 -3.133213 0.132957
19.009 3 GPS_SOL 0 0 0 0
19.031 3 AIRSPEED 0. 0. 0. 0.
19.042 3 DESIRED 0.36 0.1 0.8 60. 60. 2595. 3.3 15.
19.072 3 ATTITUDE 0.00726 -3.133134 0.132964
19.169 3 DL_VALUE 14 0.
19.170 3 ESTIMATOR 2576.856445 -0.287574
19.199 3 GPS 0 0 0 0 0 0 0 0 0 0 0
19.200 3 SVINFO 0 0 0 0 0 0 0
19.201 3 ATTITUDE 0.007271 -3.133029 0.132995
19.202 3 IMU_GYRO 1 -0.029053 0.025146 -0.044678
19.215 3 FBW_STATUS 2 0 1 11.34329 0.
19.231 3 DESIRED 0.36 0.1 0.8 60. 60. 2595. 3.3 15.
19.263 3 WP_MOVED 0 649123. 5253077. 2595. 32
19.279 3 ATTITUDE 0.007248 -3.13293 0.133015
19.312 3 NAVIGATION 9 0 0. 0. 0. 0. 0 22 22 1 0 0
19.376 3 SHT_STATUS 0 0 0.1 -39.66
19.391 3 ATTITUDE 0.00725 -3.132839 0.132964
19.392 3 IMU_ACCEL 1 1.236328 -0.054688 -9.291016
19.423 3 GPS 0 0 0 0 0 0 0 0 0 0 0
19.424 3 SVINFO 0 0 0 0 0 0 0
19.439 3 IMU_MAG 0 0. 0. 0.
19.439 3 DESIRED 0.36 0.1 0.8 60. 60. 2595. 3.3 15.
19.471 3 ATTITUDE 0.007254 -3.132746 0.132959
19.486 3 WIND_INFO 3 5 0. 0. 0. 0.
19.567 3 ATTITUDE 0.007281 -3.132652 0.132925
19.632 3 DESIRED 0.36 0.1 0.8 60. 60. 2595. 3.3 15.
19.689 3 ESTIMATOR 2576.620605 -0.323229
19.691 3 GPS 0 0 0 0 0 0 0 0 0 0 0
19.692 3 SVINFO 0 0 0 0 0 0 0
19.693 3 ATTITUDE 0.007291 -3.132568 0.132883
19.693 3 ENERGY 0 11.337105 0. 0. 0. 0. 0.
19.769 3 WP_MOVED 1 649123. 5253077. 2595. 32
19.785 3 ATTITUDE 0.007322 -3.132478 0.13287
19.801 3 IMU_GYRO 1 -0.027588 0.025635 -0.044678
19.834 3 DESIRED 0.36 0.1 0.8 60. 60. 2595. 3.3 15.
19.865 3 SHT_STATUS 0 0 0.1 -39.66
19.881 3 ATTITUDE 0.007351 -3.132335 0.132845
19.929 3 CIRCLE 0. 0. -60.
19.931 3 GPS 0 0 0 0 0 0 0 0 0 0 0
19.932 3 SVINFO 0 0 0 0 0 0 0
19.944 3 LINK_REPORT 3 -1 20 0 16466 691 4 967. 40. 4 41.39
19.977 3 ATTITUDE 0.007325 -3.132256 0.132835
20.009 3 AIRSPEED 0. 0. 0. 0.
20.042 3 DESIRED 0.36 0.1 0.8 60. 60. 2595. 3.3 15.
20.073 3 ATTITUDE 0.007341 -3.132182 0.132819
20.122 3 AUTOPILOT_VERSION 60400 v6.4.0_stable
20.170 3 ESTIMATOR 2576.622803 -0.242115
20.199 3 GPS 0 0 0 0 0 0 0 0 0 0 0
20.200 3 SVINFO 0 0 0 0 0 0 0
20.201 3 ATTITUDE 0.007332 -3.132106 0.132807
20.201 3 IMU_ACCEL 1 1.246094 -0.044922 -9.302734
20.247 3 DESIRED 0.36 0.1 0.8 60. 60. 2595. 3.3 15.
20.262 3 WP_MOVED 2 649046.125 5253124. 2595. 32
20.278 3 ATTITUDE 0.007308 -3.132012 0.132809
20.310 3 COMMANDS 0,3129,-463
20.327 3 NAVIGATION 9 0 0. 0. 0. 0. 0 23 23 1 0 0
20.342 3 STATE_FILTER_STATUS 6 3 0
20.375 3 SHT_STATUS 0 0 0.1 -39.66
20.375 3 ATTITUDE 0.007272 -3.131925 0.132786
20.390 3 IMU_GYRO 1 -0.029053 0.025146 -0.044678
20.436 3 FBW_STATUS 2 0 1 11.33092 0.
20.437 3 GPS 0 0 0 0 0 0 0 0 0 0 0
20.439 3 SVINFO 0 0 0 0 0 0 0
20.440 3 DESIRED 0.36 0.1 0.8 60. 60. 2595. 3.3 15.
20.468 3 ATTITUDE 0.007298 -3.131858 0.132795
20.469 3 PONG 
20.535 3 CALIBRATION -150. 0
20.564 3 ATTITUDE 0.007258 -3.131734 0.132785
20.645 3 DESIRED 0.36 0.1 0.8 60. 60. 2595. 3.3 15.
20.689 3 DL_VALUE 15 70.
20.689 3 ESTIMATOR 2576.609863 -0.176235
20.691 3 GPS 0 0 0 0 0 0 0 0 0 0 0
20.692 3 SVINFO 0 0 0 0 0 0 0
20.693 3 ATTITUDE 0.007298 -3.131628 0.132768
20.737 3 IMU_MAG 0 0. 0. 0.
20.769 3 WP_MOVED 0 649123. 5253077. 2595. 32
20.785 3 ATTITUDE 0.00732 -3.131519 0.13274
20.800 3 ENERGY 0 11.34329 0. 0. 0. 0. 0.
20.833 3 DESIRED 0.36 0.1 0.8 60. 60. 2595. 3.3 15.
20.864 3 SHT_STATUS 0 0 0.1 -39.66
20.880 3 ATTITUDE 0.007334 -3.131401 0.132725
20.929 3 GPS 0 0 0 0 0 0 0 0 0 0 0
20.929 3 SVINFO 0 0 0 0 0 0 0
20.945 3 LINK_REPORT 3 -1 21 0 17447 733 4 981. 42. 5 35.27
20.960 3 CIRCLE 0. 0. -60.
20.976 3 ATTITUDE 0.007333 -3.131262 0.132707
20.977 3 IMU_ACCEL 1 1.249023 -0.038086 -9.310547
20.992 3 IMU_GYRO 1 -0.028076 0.026123 -0.044678
21.008 3 GPS_SOL 0 0 0 0
21.025 3 AIRSPEED 0. 0. 0. 0.
21.041 3 DESIRED 0.36 0.1 0.8 60. 60. 2595. 3.3 15.
21.072 3 ATTITUDE 0.007394 -3.13116 0.132718
21.169 3 ESTIMATOR 2576.459961 -0.224272
21.185 3 GPS 0 0 0 0 0 0 0 0 0 0 0
21.186 3 SVINFO 0 0 0 0 0 0 0
21.187 3 ATTITUDE 0.007423 -3.131034 0.132696
21.216 3 FBW_STATUS 2 0 1 11.337105 0.
21.233 3 DESIRED 0.36 0.1 0.8 60. 60. 2595. 3.3 15.
21.249 3 DATALINK_REPORT 1 5 0 1015 0 0
21.281 3 WP_MOVED 1 649123. 5253077. 2595. 32
21.282 3 ATTITUDE 0.007429 -3.130929 0.132617
21.314 3 NAVIGATION 9 0 0. 0. 0. 0. 0 24 24 1 0 0
21.377 3 SHT_STATUS 0 0 0.1 -39.66
21.377 3 ATTITUDE 0.007485 -3.130813 0.132655
21.425 3 GPS 0 0 0 0 0 0 0 0 0 0 0
21.426 3 SVINFO 0 0 0 0 0 0 0
21.441 3 DESIRED 0.36 0.1 0.8 60. 60. 2595. 3.3 15.
21.473 3 ATTITUDE 0.007503 -3.130691 0.132595
21.568 3 ATTITUDE 0.007496 -3.130604 0.132584
21.584 3 IMU_GYRO 1 -0.029053 0.02417 -0.043945
21.633 3 DESIRED 0.36 0.1 0.8 60. 60. 2595. 3.3 15.
21.665 3 ESTIMATOR 2576.490234 -0.131656
21.693 3 GPS 0 0 0 0 0 0 0 0 0 0 0
21.694 3 SVINFO 0 0 0 0 0 0 0
21.695 3 ATTITUDE 0.007501 -3.130493 0.13258
21.757 3 WP_MOVED 2 649046.125 5253124. 2595. 32
21.773 3 ATTITUDE 0.007511 -3.130363 0.132577
21.789 3 IMU_ACCEL 1 1.253906 -0.049805 -9.31543
21.837 3 DESIRED 0.36 0.1 0.8 60. 60. 2595. 3.3 15.
21.869 3 SHT_STATUS 0 0 0.1 -39.66
21.885 3 ATTITUDE 0.007484 -3.130263 0.132611
21.901 3 ENERGY 0 11.33092 0. 0. 0. 0. 0.
21.917 3 GPS 0 0 0 0 0 0 0 0 0 0 0
21.933 3 SVINFO 0 0 0 0 0 0 0
21.946 3 LINK_REPORT 3 -1 22 0 18420 773 4 973. 40. 5 35.27
21.965 3 ATTITUDE 0.007494 -3.130181 0.132627
22.013 3 CIRCLE 0. 0. -60.
22.014 3 AIRSPEED 0. 0. 0. 0.
22.046 3 IMU_MAG 0 0. 0. 0.
22.047 3 DESIRED 0.36 0.1 0.8 60. 60. 2595. 3.3 15.
22.076 3 ATTITUDE 0.007502 -3.130085 0.132648
22.173 3 DL_VALUE 16 0.
22.173 3 ESTIMATOR 2576.459473 -0.115224
22.202 3 GPS 0 0 0 0 0 0 0 0 0 0 0
22.203 3 SVINFO 0 0 0 0 0 0 0
22.204 3 ATTITUDE 0.007525 -3.129954 0.132653
22.204 3 IMU_GYRO 1 -0.028564 0.025146 -0.044678
22.234 3 DESIRED 0.36 0.1 0.8 60. 60. 2595. 3.4 15.
22.266 3 WP_MOVED 0 649123. 5253077. 2595. 32
22.298 3 ATTITUDE 0.007549 -3.129862 0.132609
22.314 3 NAVIGATION 9 0 0. 0. 0. 0. 0 25 25 1 0 0
22.330 3 COMMANDS 0,3127,-437
22.378 3 SHT_STATUS 0 0 0.1 -39.66
22.379 3 ATTITUDE 0.007543 -3.12977 0.132597
22.426 3 FBW_STATUS 2 0 1 11.337105 0.
22.427 3 GPS 0 0 0 0 0 0 0 0 0 0 0
22.428 3 SVINFO 0 0 0 0 0 0 0
22.442 3 DESIRED 0.36 0.1 0.8 60. 60. 2595. 3.4 15.
22.474 3 ATTITUDE 0.007537 -3.129645 0.132598
22.554 3 STATE_FILTER_STATUS 6 3 0
22.569 3 ATTITUDE 0.007582 -3.12953 0.132572
22.570 3 IMU_ACCEL 1 1.229492 -0.071289 -9.293945
22.635 3 DESIRED 0.36 0.1 0.8 60. 60. 2595. 3.4 15.
22.650 3 CALIBRATION -150. 0
22.666 3 ESTIMATOR 2576.284424 -0.172475
22.692 3 GPS 0 0 0 0 0 0 0 0 0 0 0
22.694 3 SVINFO 0 0 0 0 0 0 0
22.695 3 ATTITUDE 0.007545 -3.129376 0.132619
22.756 3 WP_MOVED 1 649123. 5253077. 2595. 32
22.772 3 LOGGER_STATUS 0 0 0 none
22.788 3 ATTITUDE 0.00757 -3.129288 0.132608
22.788 3 IMU_GYRO 1 -0.027588 0.026123 -0.044678
22.836 3 DESIRED 0.36 0.1 0.8 60. 60. 2595. 3.4 15.
22.868 3 SHT_STATUS 0 0 0.1 -39.66
22.869 3 ATTITUDE 0.007611 -3.129166 0.132601
22.916 3 GPS 0 0 0 0 0 0 0 0 0 0 0
22.917 3 SVINFO 0 0 0 0 0 0 0
22.947 3 LINK_REPORT 3 -1 23 0 19394 815 4 974. 42. 5 35.27
22.964 3 ATTITUDE 0.007627 -3.129019 0.132542
22.997 3 ENERGY 0 11.33092 0. 0. 0. 0. 0.
23.012 3 GPS_SOL 0 0 0 0
23.013 3 AIRSPEED 0. 0. 0. 0.
23.047 3 DESIRED 0.36 0.1 0.8 60. 60. 2595. 3.4 15.
23.059 3 CIRCLE 0. 0. -60.
23.075 3 ATTITUDE 0.007601 -3.128933 0.132525
23.172 3 ESTIMATOR 2576.186523 -0.187895
23.174 3 GPS 0 0 0 0 0 0 0 0 0 0 0
23.188 3 SVINFO 0 0 0 0 0 0 0
23.189 3 ATTITUDE 0.007593 -3.128809 0.132531
23.204 3 FBW_STATUS 2 0 1 11.34329 0.
23.237 3 DESIRED 0.36 0.1 0.8 60. 60. 2595. 3.4 15.
23.269 3 WP_MOVED 2 649046.125 5253124. 2595. 32
23.284 3 ATTITUDE 0.007561 -3.128693 0.132535
23.317 3 NAVIGATION 9 0 0. 0. 0. 0. 0 26 26 1 0 0
23.318 3 ACTUATORS 1040,1362,1395
23.332 3 IMU_MAG 0 0. 0. 0.
23.380 3 SHT_STATUS 0 0 0.1 -39.66
23.381 3 ATTITUDE 0.00755 -3.128593 0.132538
23.382 3 IMU_ACCEL 1 1.250977 -0.056641 -9.305664
23.396 3 IMU_GYRO 1 -0.029053 0.025146 -0.044678
23.412 3 GPS 0 0 0 0 0 0 0 0 0 0 0
23.428 3 SVINFO 0 0 0 0 0 0 0
23.444 3 DESIRED 0.36 0.1 0.8 60. 60. 2595. 3.4 15.
23.476 3 ATTITUDE 0.007568 -3.128453 0.132542
23.572 3 ATTITUDE 0.007558 -3.128325 0.132543
23.637 3 DESIRED 0.36 0.1 0.8 60. 60. 2595. 3.4 15.
23.668 3 DL_VALUE 17 2.
23.669 3 ESTIMATOR 2575.96582 -0.2402
23.684 3 GPS 0 0 0 0 0 0 0 0 0 0 0
23.686 3 SVINFO 0 0 0 0 0 0 0
23.686 3 ATTITUDE 0.007565 -3.12826 0.13253
23.764 3 PPRZ_MODE 2 3 3 2 0 4
23.765 3 WP_MOVED 0 649123. 5253077. 2595. 32
23.780 3 ATTITUDE 0.007565 -3.128118 0.132512
23.782 3 ALIVE 8,144,6,66,11,198,81,189,7,217,216,157,220,111,57,170
23.845 3 DESIRED 0.36 0.1 0.8 60. 60. 2595. 3.4 15.
23.877 3 SHT_STATUS 0 0 0.1 -39.66
23.877 3 ATTITUDE 0.007593 -3.128017 0.132477
23.925 3 GPS 0 0 0 0 0 0 0 0 0 0 0
23.925 3 SVINFO 0 0 0 0 0 0 0
23.947 3 LINK_REPORT 3 -1 24 0 20394 857 4 1000. 42. 5 35.27
23.972 3 ATTITUDE 0.00762 -3.127923 0.132497
23.988 3 IMU_GYRO 1 -0.027588 0.023682 -0.044678
24.004 3 AIRSPEED 0. 0. 0. 0.
24.039 3 DESIRED 0.36 0.1 0.8 60. 60. 2595. 3.4 15.
24.068 3 ATTITUDE 0.007641 -3.127816 0.132449
24.100 3 ENERGY 0 11.337105 0. 0. 0. 0. 0.
24.116 3 CIRCLE 0. 0. -60.
24.190 3 ESTIMATOR 2575.905762 -0.217912
24.192 3 GPS 0 0 0 0 0 0 0 0 0 0 0
24.193 3 SVINFO 0 0 0 0 0 0 0
24.194 3 ATTITUDE 0.007637 -3.127671 0.132505
24.195 3 IMU_ACCEL 1 1.236328 -0.061523 -9.286133
24.239 3 DESIRED 0.36 0.1 0.8 60. 60. 2595. 3.5 15.
24.254 3 WP_MOVED 1 649123. 5253077. 2595. 32
24.270 3 ATTITUDE 0.007659 -3.127578 0.13245
24.319 3 NAVIGATION 9 0 0. 0. 0. 0. 0 27 27 1 0 0
24.367 3 SHT_STATUS 0 0 0.1 -39.66
24.382 3 ATTITUDE 0.007655 -3.127449 0.132473
24.415 3 FBW_STATUS 2 0 1 11.33092 0.
24.431 3 GPS 0 0 0 0 0 0 0 0 0 0 0
24.432 3 SVINFO 0 0 0 0 0 0 0
24.447 3 DESIRED 0.36 0.1 0.8 60. 60. 2595. 3.5 15.
24.479 3 ATTITUDE 0.00767 -3.127361 0.13249
24.574 3 ATTITUDE 0.007664 -3.127234 0.132488
24.590 3 IMU_GYRO 1 -0.029053 0.025635 -0.044678
24.639 3 IMU_MAG 0 0. 0. 0.
24.640 3 DESIRED 0.36 0.1 0.8 60. 60. 2595. 3.5 15.
24.671 3 ESTIMATOR 2575.679932 -0.265674
24.671 3 GPS 0 0 0 0 0 0 0 0 0 0 0
24.687 3 SVINFO 0 0 0 0 0 0 0
24.688 3 ATTITUDE 0.007654 -3.127172 0.132512
24.734 3 CALIBRATION -150. 0
24.750 3 STATE_FILTER_STATUS 6 3 0
24.766 3 WP_MOVED 2 649046.125 5253124. 2595. 32
24.782 3 ATTITUDE 0.007638 -3.127071 0.132484
24.831 3 DESIRED 0.36 0.11 0.8 60. 60. 2595. 3.5 15.
24.879 3 SHT_STATUS 0 0 0.1 -39.66
24.880 3 ATTITUDE 0.007656 -3.126921 0.13252
24.927 3 GPS 0 0 0 0 0 0 0 0 0 0 0
24.928 3 SVINFO 0 0 0 0 0 0 0
24.948 3 LINK_REPORT 3 -1 25 0 21354 897 4 960. 40. 5 35.27
24.975 3 ATTITUDE 0.007639 -3.126783 0.132561
24.975 3 IMU_ACCEL 1 1.224609 -0.078125 -9.336914
25.023 3 GPS_SOL 0 0 0 0
25.023 3 AIRSPEED 0. 0. 0. 0.
25.046 3 DESIRED 0.36 0.11 0.8 60. 60. 2595. 3.5 15.
25.070 3 ATTITUDE 0.007623 -3.126682 0.132566
25.193 3 DL_VALUE 18 0.
25.194 3 CIRCLE 0. 0. -60.
25.194 3 ESTIMATOR 2575.804932 -0.128273
25.195 3 GPS 0 0 0 0 0 0 0 0 0 0 0
25.197 3 SVINFO 0 0 0 0 0 0 0
25.222 3 ATTITUDE 0.007673 -3.126559 0.13253
25.223 3 ENERGY 0 11.34329 0. 0. 0. 0. 0.
25.224 3 IMU_GYRO 1 -0.029053 0.025146 -0.044678
25.225 3 FBW_STATUS 2 0 1 11.34329 0.
25.238 3 DESIRED 0.36 0.1 0.8 60. 60. 2595. 3.4 15.
25.269 3 WP_MOVED 0 649123. 5253077. 2595. 32
25.270 3 ATTITUDE 0.007636 -3.126457 0.132605
25.318 3 COMMANDS 0,3126,-404
25.319 3 NAVIGATION 9 0 0. 0. 0. 0. 0 28 28 1 0 0
25.366 3 SHT_STATUS 0 0 0.1 -39.66
25.382 3 ATTITUDE 0.007662 -3.126342 0.132602
25.414 3 GPS 0 0 0 0 0 0 0 0 0 0 0
25.430 3 SVINFO 0 0 0 0 0 0 0
25.446 3 DESIRED 0.36 0.1 0.8 60. 60. 2595. 3.4 15.
25.478 3 ATTITUDE 0.007736 -3.126253 0.132538
25.478 3 PONG 
25.573 3 ATTITUDE 0.007752 -3.126126 0.132507
25.638 3 DESIRED 0.36 0.1 0.8 60. 60. 2595. 3.4 15.
25.670 3 ESTIMATOR 2576.295654 0.174831
25.686 3 GPS 0 0 0 0 0 0 0 0 0 0 0
25.687 3 SVINFO 0 0 0 0 0 0 0
25.688 3 ATTITUDE 0.007784 -3.125995 0.132484
25.765 3 WP_MOVED 1 649123. 5253077. 2595. 32
25.781 3 ATTITUDE 0.007778 -3.125876 0.132452
25.781 3 IMU_ACCEL 1 1.246094 -0.066406 -9.341797
25.797 3 IMU_GYRO 1 -0.029053 0.025635 -0.044678
25.846 3 DESIRED 0.36 0.1 0.8 60. 60. 2595. 3.3 15.
25.862 3 SHT_STATUS 0 0 0.1 -39.66
25.878 3 ATTITUDE 0.007801 -3.125742 0.13241
25.926 3 GPS 0 0 0 0 0 0 0 0 0 0 0
25.927 3 SVINFO 0 0 0 0 0 0 0
25.928 3 IMU_MAG 0 0. 0. 0.
25.949 3 LINK_REPORT 3 -1 26 0 22365 940 4 1011. 43. 6 43.78
25.974 3 ATTITUDE 0.007816 -3.125611 0.132364
26.006 3 AIRSPEED 0. 0. 0. 0.
26.046 3 DESIRED 0.36 0.1 0.8 60. 60. 2595. 3.3 15.
26.070 3 ATTITUDE 0.007817 -3.125466 0.132351
26.166 3 ESTIMATOR 2576.602295 0.307053
26.193 3 GPS 0 0 0 0 0 0 0 0 0 0 0
26.194 3 SVINFO 0 0 0 0 0 0 0
26.195 3 ATTITUDE 0.00783 -3.125339 0.132334
26.208 3 CIRCLE 0. 0. -60.
26.245 3 DESIRED 0.36 0.1 0.8 60. 60. 2595. 3.3 15.
26.256 3 WP_MOVED 2 649046.125 5253124. 2595. 32
26.272 3 ATTITUDE 0.007857 -3.125186 0.132313
26.304 3 ENERGY 0 11.349475 0. 0. 0. 0. 0.
26.320 3 NAVIGATION 9 0 0. 0. 0. 0. 0 29 29 1 0 0
26.336 3 DATALINK_REPORT 1 6 0 972 0 0
26.368 3 SHT_STATUS 0 0 0.1 -39.66
26.369 3 ATTITUDE 0.007882 -3.125042 0.132267
26.384 3 IMU_GYRO 1 -0.029053 0.025146 -0.043945
26.416 3 FBW_STATUS 2 0 1 11.337105 0.
26.432 3 GPS 0 0 0 0 0 0 0 0 0 0 0
26.433 3 SVINFO 0 0 0 0 0 0 0
26.448 3 DESIRED 0.36 0.1 0.8 60. 60. 2595. 3.3 15.
26.464 3 ATTITUDE 0.007889 -3.124919 0.13222
26.576 3 ATTITUDE 0.007896 -3.12479 0.132218
26.576 3 IMU_ACCEL 1 1.239258 -0.064453 -9.325195
26.641 3 DESIRED 0.36 0.1 0.8 60. 60. 2595. 3.2 15.
26.687 3 DL_VALUE 19 0.
26.688 3 ESTIMATOR 2577.078125 0.457226
26.689 3 GPS 0 0 0 0 0 0 0 0 0 0 0
26.690 3 SVINFO 0 0 0 0 0 0 0
26.691 3 ATTITUDE 0.007902 -3.124666 0.132174
26.767 3 WP_MOVED 0 649123. 5253077. 2595. 32
26.783 3 ATTITUDE 0.007901 -3.124544 0.132167
26.847 3 DESIRED 0.36 0.1 0.8 60. 60. 2595. 3.2 15.
26.848 3 CALIBRATION -150. 0
26.879 3 SHT_STATUS 0 0 0.1 -39.66
26.880 3 ATTITUDE 0.007969 -3.124396 0.132149
26.911 3 GPS 0 0 0 0 0 0 0 0 0 0 0
26.927 3 SVINFO 0 0 0 0 0 0 0
26.943 3 STATE_FILTER_STATUS 6 3 0
26.950 3 LINK_REPORT 3 -1 27 0 23315 980 4 950. 40. 6 43.78
26.975 3 ATTITUDE 0.007981 -3.124274 0.132122
26.991 3 IMU_GYRO 1 -0.029053 0.02417 -0.044678
27.023 3 GPS_SOL 0 0 0 0
27.024 3 AIRSPEED 0. 0. 0. 0.
27.044 3 DESIRED 0.36 0.1 0.8 60. 60. 2595. 3.2 15.
27.071 3 ATTITUDE 0.007985 -3.124166 0.132081
27.167 3 ESTIMATOR 2577.193848 0.419475
27.184 3 GPS 0 0 0 0 0 0 0 0 0 0 0
27.185 3 SVINFO 0 0 0 0 0 0 0
27.185 3 ATTITUDE 0.007984 -3.124047 0.132057
27.215 3 FBW_STATUS 2 0 1 11.337105 0.
27.247 3 IMU_MAG 0 0. 0. 0.
27.248 3 DESIRED 0.36 0.1 0.8 60. 60. 2595. 3.2 15.
27.263 3 CIRCLE 0. 0. -60.
27.279 3 WP_MOVED 1 649123. 5253077. 2595. 32
27.280 3 ATTITUDE 0.007972 -3.123918 0.132031
27.328 3 NAVIGATION 9 0 0. 0. 0. 0. 0 30 30 1 0 0
27.329 3 COMMANDS 0,3123,-504
27.376 3 SHT_STATUS 0 0 0.1 -39.66
27.376 3 ATTITUDE 0.007966 -3.123757 0.132023
27.391 3 IMU_ACCEL 1 1.272461 -0.078125 -9.295898
27.392 3 ENERGY 0 11.337105 0. 0. 0. 0. 0.
27.437 3 NAVIGATION_REF 649123 5253077 32 2575.
27.439 3 GPS 0 0 0 0 0 0 0 0 0 0 0
27.440 3 SVINFO 0 0 0 0 0 0 0
27.441 3 DESIRED 0.36 0.1 0.8 60. 60. 2595. 3.1 15.
27.469 3 ATTITUDE 0.00796 -3.123617 0.132011
27.581 3 ATTITUDE 0.007966 -3.123505 0.132002
27.597 3 IMU_GYRO 1 -0.028076 0.02417 -0.044678
27.646 3 DESIRED 0.36 0.1 0.8 60. 60. 2595. 3.1 15.
27.690 3 ESTIMATOR 2577.501465 0.43459
27.692 3 GPS 0 0 0 0 0 0 0 0 0 0 0
27.699 3 SVINFO 0 0 0 0 0 0 0
27.700 3 ATTITUDE 0.007961 -3.123406 0.131945
27.770 3 WP_MOVED 2 649046.125 5253124. 2595. 32
27.786 3 ATTITUDE 0.007978 -3.123298 0.131962
27.835 3 DESIRED 0.36 0.1 0.8 60. 60. 2595. 3.1 15.
27.894 3 LOGGER_STATUS 1 0 0 PPRZ\pprzlog_0122.LOG,FLIGHT_RECORDER\fr_0125.LOG
27.895 3 SHT_STATUS 0 0 0.1 -39.66
27.896 3 ATTITUDE 0.008 -3.123171 0.131903
27.924 3 GPS 0 0 0 0 0 0 0 0 0 0 0
27.926 3 SVINFO 0 0 0 0 0 0 0
27.951 3 LINK_REPORT 3 -1 28 0 24369 1022 4 1054. 42. 6 43.78
27.973 3 ATTITUDE 0.008004 -3.123032 0.131899
28.022 3 AIRSPEED 0. 0. 0. 0.
28.047 3 DESIRED 0.36 0.1 0.8 60. 60. 2595. 3.1 15.
28.068 3 ATTITUDE 0.007997 -3.122878 0.13182
28.206 3 DL_VALUE 20 0.
28.207 3 ESTIMATOR 2577.570312 0.375946
28.208 3 GPS 0 0 0 0 0 0 0 0 0 0 0
28.210 3 SVINFO 0 0 0 0 0 0 0
28.211 3 ATTITUDE 0.007981 -3.122746 0.131796
28.212 3 IMU_ACCEL 1 1.222656 -0.056641 -9.28418
28.213 3 IMU_GYRO 1 -0.028564 0.024658 -0.043945
28.239 3 DESIRED 0.36 0.09 0.8 60. 60. 2595. 3.1 15.
28.270 3 WP_MOVED 0 649123. 5253077. 2595. 32
28.271 3 ATTITUDE 0.007979 -3.122581 0.131822
28.319 3 CIRCLE 0. 0. -60.
28.335 3 NAVIGATION 9 0 0. 0. 0. 0. 0 31 31 1 0 0
28.336 3 ACTUATORS 1040,1358,1399
28.367 3 SHT_STATUS 0 0 0.1 -39.66
28.383 3 ATTITUDE 0.007998 -3.122417 0.131804
28.445 3 FBW_STATUS 2 0 1 11.337105 0.
28.446 3 GPS 0 0 0 0 0 0 0 0 0 0 0
28.447 3 SVINFO 0 0 0 0 0 0 0
28.448 3 DESIRED 0.36 0.09 0.8 60. 60. 2595. 3.1 15.
28.476 3 ATTITUDE 0.00799 -3.122292 0.131696
28.493 3 ENERGY 0 11.34329 0. 0. 0. 0. 0.
28.524 3 IMU_MAG 0 0. 0. 0.
28.572 3 ATTITUDE 0.008001 -3.122136 0.131816
28.637 3 DESIRED 0.36 0.1 0.8 60. 60. 2595. 3.1 15.
28.669 3 PPRZ_MODE 2 3 3 2 0 4
28.698 3 ESTIMATOR 2577.594971 0.275908
28.699 3 GPS 0 0 0 0 0 0 0 0 0 0 0
28.699 3 SVINFO 0 0 0 0 0 0 0
28.700 3 ATTITUDE 0.007973 -3.122027 0.131751
28.762 3 WP_MOVED 1 649123. 5253077. 2595. 32
28.777 3 ATTITUDE 0.00801 -3.121907 0.131726
28.794 3 IMU_GYRO 1 -0.029053 0.02832 -0.045166
28.842 3 DESIRED 0.36 0.09 0.8 60. 60. 2595. 3.1 15.
28.874 3 SHT_STATUS 0 0 0.1 -39.66
28.890 3 ALIVE 8,144,6,66,11,198,81,189,7,217,216,157,220,111,57,170
28.891 3 ATTITUDE 0.008022 -3.121793 0.13175
28.922 3 GPS 0 0 0 0 0 0 0 0 0 0 0
28.923 3 SVINFO 0 0 0 0 0 0 0
28.937 3 CALIBRATION -150. 0
28.951 3 LINK_REPORT 3 -1 29 0 25384 1065 4 1015. 43. 6 43.78
28.969 3 ATTITUDE 0.008056 -3.121649 0.131762
28.985 3 IMU_ACCEL 1 1.236328 -0.09082 -9.34668
29.018 3 GPS_SOL 0 0 0 0
29.018 3 AIRSPEED 0. 0. 0. 0.
29.034 3 DESIRED 0.36 0.09 0.8 60. 60. 2595. 3.1 15.
29.066 3 ATTITUDE 0.00805 -3.121487 0.131728
29.145 3 STATE_FILTER_STATUS 6 3 0
29.190 3 ESTIMATOR 2577.579834 0.204515
29.191 3 GPS 0 0 0 0 0 0 0 0 0 0 0
29.192 3 SVINFO 0 0 0 0 0 0 0
29.193 3 ATTITUDE 0.00811 -3.121368 0.131714
29.206 3 FBW_STATUS 2 0 1 11.337105 0.
29.238 3 DESIRED 0.36 0.09 0.8 60. 60. 2595. 3.2 15.
29.270 3 WP_MOVED 2 649046.125 5253124. 2595. 32
29.286 3 ATTITUDE 0.008108 -3.121258 0.13165
29.318 3 NAVIGATION 9 0 0. 0. 0. 0. 0 32 32 1 0 0
29.366 3 CIRCLE 0. 0. -60.
29.382 3 SHT_STATUS 0 0 0.1 -39.66
29.382 3 ATTITUDE 0.008119 -3.12113 0.131669
29.397 3 IMU_GYRO 1 -0.027588 0.025146 -0.045166
29.414 3 GPS 0 0 0 0 0 0 0 0 0 0 0
29.430 3 SVINFO 0 0 0 0 0 0 0
29.446 3 DESIRED 0.36 0.1 0.8 60. 60. 2595. 3.1 15.
29.478 3 ATTITUDE 0.008138 -3.121012 0.131706
29.486 3 WIND_INFO 3 5 0. 0. 0. 0.
29.573 3 ATTITUDE 0.008153 -3.120876 0.131662
29.605 3 ENERGY 0 11.337105 0. 0. 0. 0. 0.
29.638 3 DESIRED 0.36 0.09 0.8 60. 60. 2595. 3.1 15.
29.670 3 DL_VALUE 21 0.
29.697 3 ESTIMATOR 2577.554443 0.132846
29.698 3 GPS 0 0 0 0 0 0 0 0 0 0 0
29.699 3 SVINFO 0 0 0 0 0 0 0
29.700 3 ATTITUDE 0.008158 -3.120735 0.131682
29.761 3 WP_MOVED 0 649123. 5253077. 2595. 32
29.777 3 ATTITUDE 0.00813 -3.120607 0.131679
29.777 3 IMU_ACCEL 1 1.258789 -0.051758 -9.333984
29.841 3 IMU_MAG 0 0. 0. 0.
29.842 3 DESIRED 0.36 0.1 0.8 60. 60. 2595. 3.2 15.
29.873 3 SHT_STATUS 0 0 0.1 -39.66
29.874 3 ATTITUDE 0.008159 -3.120464 0.131698
29.921 3 GPS 0 0 0 0 0 0 0 0 0 0 0
29.922 3 SVINFO 0 0 0 0 0 0 0
29.952 3 LINK_REPORT 3 -1 30 0 26363 1106 4 979. 41. 7 43.78
29.969 3 ATTITUDE 0.008172 -3.120354 0.131697
29.985 3 IMU_GYRO 1 -0.028564 0.025146 -0.043457
30.017 3 AIRSPEED 0. 0. 0. 0.
30.033 3 DESIRED 0.36 0.1 0.8 60. 60. 2595. 3.2 15.
30.065 3 ATTITUDE 0.008201 -3.120202 0.131703
30.190 3 ESTIMATOR 2577.301758 -0.042004
30.191 3 GPS 0 0 0 0 0 0 0 0 0 0 0
30.192 3 SVINFO 0 0 0 0 0 0 0
30.193 3 ATTITUDE 0.008187 -3.120055 0.131728
30.238 3 DESIRED 0.36 0.1 0.8 60. 60. 2595. 3.2 15.
30.270 3 WP_MOVED 1 649123. 5253077. 2595. 32
30.286 3 ATTITUDE 0.008208 -3.119925 0.131777
30.318 3 COMMANDS 0,3120,-484
30.320 3 NAVIGATION 9 0 0. 0. 0. 0. 0 33 33 1 0 0
30.366 3 SHT_STATUS 0 0 0.1 -39.66
30.382 3 ATTITUDE 0.008235 -3.119778 0.131755
30.455 3 FBW_STATUS 2 0 1 11.337105 0.
30.456 3 CIRCLE 0. 0. -60.
30.458 3 GPS 0 0 0 0 0 0 0 0 0 0 0
30.459 3 SVINFO 0 0 0 0 0 0 0
30.460 3 DESIRED 0.36 0.1 0.8 60. 60. 2595. 3.2 15.
30.471 3 ATTITUDE 0.008252 -3.119627 0.131769
30.472 3 PONG 
30.567 3 ATTITUDE 0.008238 -3.119503 0.13175
30.582 3 IMU_ACCEL 1 1.241211 -0.054688 -9.320312
30.598 3 IMU_GYRO 1 -0.028564 0.025146 -0.043945
30.631 3 DESIRED 0.36 0.1 0.8 60. 60. 2595. 3.2 15.
30.689 3 ESTIMATOR 2577.122314 -0.106678
30.691 3 GPS 0 0 0 0 0 0 0 0 0 0 0
30.693 3 SVINFO 0 0 0 0 0 0 0
30.693 3 ATTITUDE 0.008211 -3.11937 0.131743
30.694 3 ENERGY 0 11.33092 0. 0. 0. 0. 0.
30.769 3 WP_MOVED 2 649046.125 5253124. 2595. 32
30.785 3 ATTITUDE 0.008231 -3.119228 0.131719
30.834 3 DESIRED 0.36 0.1 0.8 60. 60. 2595. 3.2 15.
30.865 3 SHT_STATUS 0 0 0.1 -39.66
30.881 3 ATTITUDE 0.008248 -3.119126 0.13174
30.929 3 GPS 0 0 0 0 0 0 0 0 0 0 0
30.931 3 SVINFO 0 0 0 0 0 0 0
30.953 3 LINK_REPORT 3 -1 31 0 27300 1145 4 937. 39. 8 37.03
30.977 3 ATTITUDE 0.008272 -3.119025 0.131719
31.009 3 GPS_SOL 0 0 0 0
31.025 3 AIRSPEED 0. 0. 0. 0.
31.050 3 DESIRED 0.36 0.1 0.8 60. 60. 2595. 3.3 15.
31.057 3 CALIBRATION -150. 0
31.073 3 ATTITUDE 0.008292 -3.118912 0.131737
31.137 3 IMU_MAG 0 0. 0. 0.
31.169 3 DL_VALUE 22 0.
31.198 3 ESTIMATOR 2576.845215 -0.239399
31.199 3 GPS 0 0 0 0 0 0 0 0 0 0 0
31.200 3 SVINFO 0 0 0 0 0 0 0
31.201 3 ATTITUDE 0.008272 -3.118804 0.131725
31.201 3 IMU_GYRO 1 -0.029053 0.025635 -0.045166
31.214 3 FBW_STATUS 2 0 1 11.337105 0.
31.231 3 AUTOPILOT_VERSION 60400 v6.4.0_stable
31.247 3 DESIRED 0.36 0.1 0.8 60. 60. 2595. 3.3 15.
31.262 3 WP_MOVED 0 649123. 5253077. 2595. 32
31.278 3 ATTITUDE 0.008258 -3.118711 0.131718
31.327 3 NAVIGATION 9 0 0. 0. 0. 0. 0 34 34 1 0 0
31.342 3 STATE_FILTER_STATUS 6 3 0
31.375 3 SHT_STATUS 0 0 0.1 -39.66
31.375 3 ATTITUDE 0.00827 -3.118576 0.131721
31.390 3 IMU_ACCEL 1 1.232422 -0.054688 -9.3125
31.423 3 GPS 0 0 0 0 0 0 0 0 0 0 0
31.423 3 SVINFO 0 0 0 0 0 0 0
31.438 3 DATALINK_REPORT 1 8 0 50407 0 0
31.455 3 DESIRED 0.36 0.1 0.8 60. 60. 2595. 3.3 15.
31.455 3 CIRCLE 0. 0. -60.
31.470 3 ATTITUDE 0.008273 -3.118491 0.131722
31.566 3 ATTITUDE 0.008276 -3.118346 0.131695
31.647 3 DESIRED 0.36 0.1 0.8 60. 60. 2595. 3.3 15.
31.689 3 ESTIMATOR 2576.730957 -0.233726
31.691 3 GPS 0 0 0 0 0 0 0 0 0 0 0
31.691 3 SVINFO 0 0 0 0 0 0 0
31.692 3 ATTITUDE 0.008277 -3.118202 0.131732
31.769 3 WP_MOVED 1 649123. 5253077. 2595. 32
31.785 3 ATTITUDE 0.008283 -3.118037 0.131723
31.802 3 ENERGY 0 11.337105 0. 0. 0. 0. 0.
31.803 3 IMU_GYRO 1 -0.028564 0.025146 -0.043945
31.834 3 DESIRED 0.36 0.1 0.8 60. 60. 2595. 3.3 15.
31.865 3 SHT_STATUS 0 0 0.1 -39.66
31.881 3 ATTITUDE 0.008258 -3.117861 0.131709
31.930 3 GPS 0 0 0 0 0 0 0 0 0 0 0
31.931 3 SVINFO 0 0 0 0 0 0 0
31.953 3 LINK_REPORT 3 -1 32 0 28337 1189 4 1037. 44. 8 37.03
31.977 3 ATTITUDE 0.008245 -3.117745 0.131691
32.010 3 AIRSPEED 0. 0. 0. 0.
32.057 3 DESIRED 0.36 0.1 0.8 60. 60. 2595. 3.3 15.
32.073 3 ATTITUDE 0.008181 -3.117606 0.131669
32.170 3 ESTIMATOR 2576.623535 -0.242647
32.199 3 GPS 0 0 0 0 0 0 0 0 0 0 0
32.200 3 SVINFO 0 0 0 0 0 0 0
32.201 3 ATTITUDE 0.008195 -3.117439 0.131623
32.201 3 IMU_ACCEL 1 1.241211 -0.071289 -9.329102
32.247 3 DESIRED 0.36 0.1 0.8 60. 60. 2595. 3.3 15.
32.262 3 WP_MOVED 2 649046.125 5253124. 2595. 32
32.278 3 ATTITUDE 0.008187 -3.117298 0.13163
32.327 3 NAVIGATION 9 0 0. 0. 0. 0. 0 35 35 1 0 0
32.328 3 COMMANDS 0,3120,-434
32.375 3 SHT_STATUS 0 0 0.1 -39.66
32.375 3 ATTITUDE 0.008186 -3.117149 0.131637
32.390 3 IMU_GYRO 1 -0.028564 0.025146 -0.044678
32.436 3 FBW_STATUS 2 0 1 11.34329 0.
32.437 3 GPS 0 0 0 0 0 0 0 0 0 0 0
32.438 3 SVINFO 0 0 0 0 0 0 0
32.439 3 IMU_MAG 0 0. 0. 0.
32.452 3 DESIRED 0.36 0.1 0.8 60. 60. 2595. 3.3 15.
32.468 3 ATTITUDE 0.008158 -3.117031 0.131652
32.515 3 CIRCLE 0. 0. -60.
32.579 3 ATTITUDE 0.008169 -3.116864 0.13169
32.644 3 DESIRED 0.36 0.1 0.8 60. 60. 2595. 3.4 15.
32.691 3 DL_VALUE 23 0.
32.691 3 ESTIMATOR 2576.275635 -0.350394
32.693 3 GPS 0 0 0 0 0 0 0 0 0 0 0
32.694 3 SVINFO 0 0 0 0 0 0 0
32.701 3 ATTITUDE 0.008163 -3.116694 0.131686
32.771 3 WP_MOVED 0 649123. 5253077. 2595. 32
32.786 3 ATTITUDE 0.008201 -3.116571 0.131689
32.835 3 DESIRED 0.36 0.1 0.8 60. 60. 2595. 3.4 15.
32.867 3 SHT_STATUS 0 0 0.1 -39.66
32.882 3 ATTITUDE 0.008196 -3.116418 0.131701
32.899 3 ENERGY 0 11.33092 0. 0. 0. 0. 0.
32.915 3 GPS 0 0 0 0 0 0 0 0 0 0 0
32.931 3 SVINFO 0 0 0 0 0 0 0
32.954 3 LINK_REPORT 3 -1 33 0 29279 1228 4 942. 39. 8 37.03
32.978 3 LOGGER_STATUS 1 0 32768 PPRZ\pprzlog_0122.LOG,FLIGHT_RECORDER\fr_0125.LOG
32.978 3 ATTITUDE 0.008195 -3.116252 0.131656
32.979 3 IMU_ACCEL 1 1.250977 -0.078125 -9.348633
32.993 3 IMU_GYRO 1 -0.028564 0.025146 -0.044678
33.009 3 GPS_SOL 0 0 0 0
33.024 3 AIRSPEED 0. 0. 0. 0.
33.041 3 DESIRED 0.36 0.1 0.8 60. 60. 2595. 3.4 15.
33.072 3 ATTITUDE 0.008203 -3.116149 0.131651
33.137 3 CALIBRATION -150. 0
33.169 3 ESTIMATOR 2576.076172 -0.385136
33.185 3 GPS 0 0 0 0 0 0 0 0 0 0 0
33.186 3 SVINFO 0 0 0 0 0 0 0
33.187 3 ATTITUDE 0.008194 -3.116019 0.131664
33.217 3 FBW_STATUS 2 0 1 11.337105 0.
33.233 3 DESIRED 0.36 0.1 0.8 60. 60. 2595. 3.4 15.
33.265 3 WP_MOVED 1 649123. 5253077. 2595. 32
33.281 3 ATTITUDE 0.008216 -3.115861 0.13169
33.313 3 NAVIGATION 9 0 0. 0. 0. 0. 0 36 36 1 0 0
33.329 3 ACTUATORS 1040,1363,1394
33.361 3 SHT_STATUS 0 0 0.1 -39.66
33.393 3 ATTITUDE 0.008203 -3.115725 0.131711
33.425 3 GPS 0 0 0 0 0 0 0 0 0 0 0
33.426 3 SVINFO 0 0 0 0 0 0 0
33.441 3 DESIRED 0.36 0.1 0.8 60. 60. 2595. 3.5 15.
33.473 3 ATTITUDE 0.00821 -3.115593 0.131733
33.556 3 STATE_FILTER_STATUS 6 3 0
33.569 3 PPRZ_MODE 2 3 3 2 0 4
33.570 3 CIRCLE 0. 0. -60.
33.584 3 ATTITUDE 0.008218 -3.115466 0.131748
33.601 3 IMU_GYRO 1 -0.028564 0.024658 -0.043945
33.633 3 DESIRED 0.36 0.1 0.8 60. 60. 2595. 3.4 15.
33.665 3 ESTIMATOR 2575.865479 -0.36196
33.691 3 GPS 0 0 0 0 0 0 0 0 0 0 0
33.692 3 SVINFO 0 0 0 0 0 0 0
33.693 3 ATTITUDE 0.008237 -3.115353 0.131758
33.739 3 IMU_MAG 0 0. 0. 0.
33.755 3 WP_MOVED 2 649046.125 5253124. 2595. 32
33.787 3 ATTITUDE 0.008248 -3.115232 0.131758
33.787 3 IMU_ACCEL 1 1.253906 -0.056641 -9.341797
33.835 3 DESIRED 0.36 0.1 0.8 60. 60. 2595. 3.5 15.
33.867 3 SHT_STATUS 0 0 0.1 -39.66
33.883 3 ATTITUDE 0.008248 -3.115118 0.131797
33.916 3 GPS 0 0 0 0 0 0 0 0 0 0 0
33.931 3 SVINFO 0 0 0 0 0 0 0
33.954 3 LINK_REPORT 3 -1 34 0 30339 1272 4 1060. 44. 8 37.03
33.963 3 ALIVE 8,144,6,66,11,198,81,189,7,217,216,157,220,111,57,170
33.979 3 ATTITUDE 0.00823 -3.114989 0.131822
33.995 3 ENERGY 0 11.324735 0. 0. 0. 0. 0.
34.011 3 AIRSPEED 0. 0. 0. 0.
34.057 3 DESIRED 0.36 0.1 0.8 60. 60. 2595. 3.5 15.
34.075 3 ATTITUDE 0.008248 -3.114839 0.131825
34.171 3 DL_VALUE 24 0.
34.172 3 ESTIMATOR 2575.794189 -0.316036
34.200 3 GPS 0 0 0 0 0 0 0 0 0 0 0
34.201 3 SVINFO 0 0 0 0 0 0 0
34.202 3 ATTITUDE 0.008216 -3.114695 0.131851
34.203 3 IMU_GYRO 1 -0.028564 0.024658 -0.043945
34.248 3 DESIRED 0.36 0.1 0.8 60. 60. 2595. 3.5 15.
34.264 3 WP_MOVED 0 649123. 5253077. 2595. 32
34.280 3 ATTITUDE 0.008257 -3.114534 0.131816
34.313 3 NAVIGATION 9 0 0. 0. 0. 0. 0 37 37 1 0 0
34.376 3 SHT_STATUS 0 0 0.1 -39.66
34.377 3 ATTITUDE 0.008288 -3.114379 0.131807
34.436 3 FBW_STATUS 2 0 1 11.337105 0.
34.438 3 GPS 0 0 0 0 0 0 0 0 0 0 0
34.439 3 SVINFO 0 0 0 0 0 0 0
34.452 3 DESIRED 0.36 0.1 0.8 60. 60. 2595. 3.5 15.
34.468 3 ATTITUDE 0.0083 -3.114245 0.131785
34.580 3 ATTITUDE 0.008309 -3.11412 0.131793
34.581 3 IMU_ACCEL 1 1.236328 -0.076172 -9.365234
34.614 3 CIRCLE 0. 0. -60.
34.645 3 DESIRED 0.36 0.1 0.8 60. 60. 2595. 3.5 15.
34.688 3 ESTIMATOR 2575.794189 -0.21043
34.689 3 GPS 0 0 0 0 0 0 0 0 0 0 0
34.691 3 SVINFO 0 0 0 0 0 0 0
34.691 3 ATTITUDE 0.00835 -3.113997 0.131772
34.768 3 WP_MOVED 1 649123. 5253077. 2595. 32
34.784 3 ATTITUDE 0.00832 -3.11387 0.131733
34.800 3 IMU_GYRO 1 -0.028076 0.022949 -0.045166
34.833 3 DESIRED 0.36 0.1 0.8 60. 60. 2595. 3.4 15.
34.864 3 SHT_STATUS 0 0 0.1 -39.66
34.880 3 ATTITUDE 0.008345 -3.113733 0.131669
34.928 3 GPS 0 0 0 0 0 0 0 0 0 0 0
34.930 3 SVINFO 0 0 0 0 0 0 0
34.954 3 LINK_REPORT 3 -1 35 0 31291 1311 4 952. 39. 8 37.03
34.976 3 ATTITUDE 0.008331 -3.11356 0.13165
35.008 3 GPS_SOL 0 0 0 0
35.024 3 AIRSPEED 0. 0. 0. 0.
35.040 3 IMU_MAG 0 0. 0. 0.
35.057 3 DESIRED 0.36 0.1 0.8 60. 60. 2595. 3.5 15.
35.072 3 ATTITUDE 0.00834 -3.113419 0.131596
35.104 3 ENERGY 0 11.34329 0. 0. 0. 0. 0.
35.168 3 ESTIMATOR 2575.794189 -0.166605
35.185 3 GPS 0 0 0 0 0 0 0 0 0 0 0
35.186 3 SVINFO 0 0 0 0 0 0 0
35.187 3 ATTITUDE 0.008343 -3.113283 0.131601
35.217 3 FBW_STATUS 2 0 1 11.337105 0.
35.233 3 DESIRED 0.36 0.1 0.8 60. 60. 2595. 3.5 15.
35.248 3 CALIBRATION -150. 0
35.280 3 WP_MOVED 2 649046.125 5253124. 2595. 32
35.281 3 ATTITUDE 0.008362 -3.113149 0.131577
35.312 3 COMMANDS 0,3119,-380
35.329 3 NAVIGATION 9 0 0. 0. 0. 0. 0 38 38 1 0 0
35.377 3 SHT_STATUS 0 0 0.1 -39.66
35.377 3 ATTITUDE 0.00836 -3.113019 0.131589
35.378 3 IMU_ACCEL 1 1.239258 -0.056641 -9.375
35.392 3 IMU_GYRO 1 -0.028564 0.02417 -0.044678
35.425 3 GPS 0 0 0 0 0 0 0 0 0 0 0
35.426 3 SVINFO 0 0 0 0 0 0 0
35.441 3 DESIRED 0.36 0.1 0.8 60. 60. 2595. 3.5 15.
35.473 3 ATTITUDE 0.008352 -3.112894 0.131556
35.473 3 PONG 
35.569 3 ATTITUDE 0.008345 -3.112731 0.131552
35.632 3 DESIRED 0.36 0.1 0.8 60. 60. 2595. 3.4 15.
35.690 3 DL_VALUE 25 140.
35.691 3 CIRCLE 0. 0. -60.
35.692 3 ESTIMATOR 2575.915039 -0.044189
35.693 3 GPS 0 0 0 0 0 0 0 0 0 0 0
35.694 3 SVINFO 0 0 0 0 0 0 0
35.695 3 ATTITUDE 0.00833 -3.112578 0.131568
35.754 3 STATE_FILTER_STATUS 6 3 0
35.770 3 WP_MOVED 0 649123. 5253077. 2595. 32
35.771 3 ATTITUDE 0.008349 -3.112431 0.131561
35.834 3 DESIRED 0.36 0.1 0.8 60. 60. 2595. 3.4 15.
35.866 3 SHT_STATUS 0 0 0.1 -39.66
35.882 3 ATTITUDE 0.008317 -3.112278 0.131591
35.915 3 GPS 0 0 0 0 0 0 0 0 0 0 0
35.930 3 SVINFO 0 0 0 0 0 0 0
35.956 3 LINK_REPORT 3 -1 36 0 32285 1354 4 994. 43. 9 37.99
35.962 3 ATTITUDE 0.008313 -3.112135 0.131605
35.995 3 IMU_GYRO 1 -0.028076 0.025635 -0.044678
36.010 3 AIRSPEED 0. 0. 0. 0.
36.043 3 DESIRED 0.36 0.1 0.8 60. 60. 2595. 3.4 15.
36.074 3 ATTITUDE 0.008272 -3.111995 0.131591
36.171 3 ESTIMATOR 2576.131348 0.085838
36.201 3 GPS 0 0 0 0 0 0 0 0 0 0 0
36.202 3 SVINFO 0 0 0 0 0 0 0
36.203 3 ATTITUDE 0.008236 -3.111854 0.131539
36.204 3 IMU_ACCEL 1 1.219727 -0.085938 -9.353516
36.205 3 ENERGY 0 11.337105 0. 0. 0. 0. 0.
36.233 3 DESIRED 0.36 0.1 0.8 60. 60. 2595. 3.4 15.
36.265 3 WP_MOVED 1 649123. 5253077. 2595. 32
36.280 3 ATTITUDE 0.008233 -3.111706 0.131582
36.313 3 NAVIGATION 9 0 0. 0. 0. 0. 0 39 39 1 0 0
36.329 3 IMU_MAG 0 0. 0. 0.
36.377 3 SHT_STATUS 0 0 0.1 -39.66
36.392 3 ATTITUDE 0.008211 -3.111562 0.131545
36.452 3 NAVIGATION_REF 649123 5253077 32 2575.
36.453 3 FBW_STATUS 2 0 1 11.33092 0.
36.454 3 GPS 0 0 0 0 0 0 0 0 0 0 0
36.455 3 SVINFO 0 0 0 0 0 0 0
36.455 3 DESIRED 0.36 0.1 0.8 60. 60. 2595. 3.4 15.
36.469 3 ATTITUDE 0.008214 -3.11138 0.131516
36.518 3 DATALINK_REPORT 1 9 0 51029 0 0
36.565 3 ATTITUDE 0.008163 -3.111231 0.131516
36.596 3 IMU_GYRO 1 -0.028076 0.025146 -0.043945
36.645 3 DESIRED 0.36 0.1 0.8 60. 60. 2595. 3.4 15.
36.688 3 ESTIMATOR 2576.244385 0.114186
36.688 3 GPS 0 0 0 0 0 0 0 0 0 0 0
36.690 3 SVINFO 0 0 0 0 0 0 0
36.691 3 ATTITUDE 0.008144 -3.111085 0.131512
36.704 3 CIRCLE 0. 0. -60.
36.768 3 WP_MOVED 2 649046.125 5253124. 2595. 32
36.784 3 ATTITUDE 0.008123 -3.110944 0.131466
36.832 3 DESIRED 0.36 0.1 0.8 60. 60. 2595. 3.4 15.
36.880 3 SHT_STATUS 0 0 0.1 -39.66
36.881 3 ATTITUDE 0.008134 -3.110792 0.13147
36.929 3 GPS 0 0 0 0 0 0 0 0 0 0 0
36.930 3 SVINFO 0 0 0 0 0 0 0
36.956 3 LINK_REPORT 3 -1 37 0 33260 1394 4 975. 40. 9 37.99
36.976 3 ATTITUDE 0.008133 -3.110627 0.131497
36.977 3 IMU_ACCEL 1 1.224609 -0.061523 -9.338867
37.008 3 GPS_SOL 0 0 0 0
37.024 3 AIRSPEED 0. 0. 0. 0.
37.040 3 DESIRED 0.36 0.1 0.8 60. 60. 2595. 3.4 15.
37.072 3 ATTITUDE 0.008101 -3.110489 0.131487
37.168 3 DL_VALUE 26 0.
37.194 3 ESTIMATOR 2576.237793 0.088022
37.195 3 GPS 0 0 0 0 0 0 0 0 0 0 0
37.196 3 SVINFO 0 0 0 0 0 0 0
37.196 3 ATTITUDE 0.008136 -3.11035 0.131487
37.197 3 IMU_GYRO 1 -0.029785 0.025146 -0.043945
37.210 3 FBW_STATUS 2 0 1 11.337105 0.
37.242 3 DESIRED 0.36 0.1 0.8 60. 60. 2595. 3.4 15.
37.258 3 WP_MOVED 0 649123. 5253077. 2595. 32
37.274 3 ATTITUDE 0.008101 -3.11021 0.131497
37.306 3 ENERGY 0 11.337105 0. 0. 0. 0. 0.
37.322 3 NAVIGATION 9 0 0. 0. 0. 0. 0 40 40 1 0 0
37.338 3 COMMANDS 0,3122,-404
37.338 3 CALIBRATION -150. 0
37.370 3 SHT_STATUS 0 0 0.1 -39.66
37.371 3 ATTITUDE 0.008089 -3.110057 0.13149
37.418 3 GPS 0 0 0 0 0 0 0 0 0 0 0
37.419 3 SVINFO 0 0 0 0 0 0 0
37.434 3 DESIRED 0.36 0.1 0.8 60. 60. 2595. 3.4 15.
37.466 3 ATTITUDE 0.008089 -3.109888 0.131451
37.578 3 ATTITUDE 0.008096 -3.10974 0.131527
37.642 3 IMU_MAG 0 0. 0. 0.
37.643 3 DESIRED 0.36 0.1 0.8 60. 60. 2595. 3.4 15.
37.688 3 ESTIMATOR 2576.234131 0.067957
37.689 3 GPS 0 0 0 0 0 0 0 0 0 0 0
37.690 3 SVINFO 0 0 0 0 0 0 0
37.691 3 ATTITUDE 0.008121 -3.109561 0.131528
37.768 3 CIRCLE 0. 0. -60.
37.769 3 WP_MOVED 1 649123. 5253077. 2595. 32
37.784 3 ATTITUDE 0.008126 -3.109452 0.131532
37.785 3 IMU_ACCEL 1 1.249023 -0.056641 -9.351562
37.800 3 IMU_GYRO 1 -0.029053 0.024658 -0.043945
37.832 3 DESIRED 0.36 0.1 0.8 60. 60. 2595. 3.4 15.
37.864 3 SHT_STATUS 0 0 0.1 -39.66
37.880 3 ATTITUDE 0.008118 -3.109281 0.131549
37.928 3 GPS 0 0 0 0 0 0 0 0 0 0 0
37.930 3 SVINFO 0 0 0 0 0 0 0
37.944 3 STATE_FILTER_STATUS 6 3 0
37.957 3 LINK_REPORT 3 -1 38 0 34288 1438 4 1028. 44. 9 37.99
37.976 3 ATTITUDE 0.008092 -3.109138 0.131557
38.008 3 AIRSPEED 0. 0. 0. 0.
38.041 3 DESIRED 0.36 0.1 0.8 60. 60. 2595. 3.4 15.
38.072 3 LOGGER_STATUS 1 0 73728 PPRZ\pprzlog_0122.LOG,FLIGHT_RECORDER\fr_0125.LOG
38.072 3 ATTITUDE 0.008104 -3.108986 0.131551
38.166 3 ESTIMATOR 2576.179199 0.024436
38.193 3 GPS 0 0 0 0 0 0 0 0 0 0 0
38.194 3 SVINFO 0 0 0 0 0 0 0
38.195 3 ATTITUDE 0.008052 -3.10887 0.131543
38.242 3 DESIRED 0.36 0.1 0.8 60. 60. 2595. 3.4 15.
38.257 3 WP_MOVED 2 649046.125 5253124. 2595. 32
38.274 3 ATTITUDE 0.008035 -3.108735 0.131553
38.322 3 NAVIGATION 9 0 0. 0. 0. 0. 0 41 41 1 0 0
38.323 3 ACTUATORS 1040,1363,1394
38.369 3 SHT_STATUS 0 0 0.1 -39.66
38.386 3 ATTITUDE 0.008072 -3.108594 0.131528
38.402 3 ENERGY 0 11.337105 0. 0. 0. 0. 0.
38.402 3 IMU_GYRO 1 -0.028564 0.023682 -0.043457
38.417 3 FBW_STATUS 2 0 1 11.337105 0.
38.433 3 GPS 0 0 0 0 0 0 0 0 0 0 0
38.434 3 SVINFO 0 0 0 0 0 0 0
38.449 3 DESIRED 0.36 0.1 0.8 60. 60. 2595. 3.4 15.
38.465 3 PPRZ_MODE 2 3 3 2 0 4
38.481 3 ATTITUDE 0.008074 -3.108423 0.131524
38.577 3 ATTITUDE 0.008107 -3.108277 0.131508
38.578 3 IMU_ACCEL 1 1.255859 -0.092773 -9.376953
38.642 3 DESIRED 0.36 0.1 0.8 60. 60. 2595. 3.4 15.
38.674 3 DL_VALUE 27 0.
38.674 3 ESTIMATOR 2576.061279 -0.048806
38.690 3 GPS 0 0 0 0 0 0 0 0 0 0 0
38.690 3 SVINFO 0 0 0 0 0 0 0
38.691 3 ATTITUDE 0.00811 -3.108175 0.131501
38.769 3 WP_MOVED 0 649123. 5253077. 2595. 32
38.785 3 ATTITUDE 0.008113 -3.10802 0.131474
38.817 3 CIRCLE 0. 0. -60.
38.834 3 DESIRED 0.36 0.1 0.8 60. 60. 2595. 3.4 15.
38.865 3 SHT_STATUS 0 0 0.1 -39.66
38.881 3 ATTITUDE 0.008095 -3.107884 0.131488
38.914 3 GPS 0 0 0 0 0 0 0 0 0 0 0
38.929 3 SVINFO 0 0 0 0 0 0 0
38.930 3 IMU_MAG 0 0. 0. 0.
38.957 3 LINK_REPORT 3 -1 39 0 35308 1479 4 1020. 41. 9 37.99
38.977 3 ATTITUDE 0.008116 -3.107716 0.131486
38.993 3 IMU_GYRO 1 -0.029053 0.024658 -0.043945
39.009 3 GPS_SOL 0 0 0 0
39.025 3 AIRSPEED 0. 0. 0. 0.
39.042 3 DESIRED 0.36 0.1 0.8 60. 60. 2595. 3.4 15.
39.060 3 ALIVE 8,144,6,66,11,198,81,189,7,217,216,157,220,111,57,170
39.074 3 ATTITUDE 0.008088 -3.107565 0.131449
39.170 3 ESTIMATOR 2575.982666 -0.082317
39.186 3 GPS 0 0 0 0 0 0 0 0 0 0 0
39.187 3 SVINFO 0 0 0 0 0 0 0
39.188 3 ATTITUDE 0.008079 -3.107436 0.131422
39.218 3 FBW_STATUS 2 0 1 11.337105 0.
39.234 3 DESIRED 0.36 0.1 0.8 60. 60. 2595. 3.4 15.
39.265 3 WP_MOVED 1 649123. 5253077. 2595. 32
39.281 3 ATTITUDE 0.00807 -3.107318 0.131433
39.314 3 NAVIGATION 9 0 0. 0. 0. 0. 0 42 42 1 0 0
39.378 3 SHT_STATUS 0 0 0.1 -39.66
39.393 3 ATTITUDE 0.00809 -3.107153 0.131348
39.394 3 IMU_ACCEL 1 1.260742 -0.081055 -9.34375
39.426 3 GPS 0 0 0 0 0 0 0 0 0 0 0
39.427 3 SVINFO 0 0 0 0 0 0 0
39.442 3 DESIRED 0.36 0.1 0.8 60. 60. 2595. 3.4 15.
39.457 3 CALIBRATION -150. 0
39.473 3 ATTITUDE 0.008116 -3.106992 0.131405
39.487 3 WIND_INFO 3 5 0. 0. 0. 0.
39.489 3 ENERGY 0 11.349475 0. 0. 0. 0. 0.
39.569 3 ATTITUDE 0.00812 -3.106844 0.131405
39.585 3 IMU_GYRO 1 -0.028564 0.023682 -0.043945
39.634 3 DESIRED 0.36 0.1 0.8 60. 60. 2595. 3.4 15.
39.691 3 ESTIMATOR 2575.883789 -0.111991
39.693 3 GPS 0 0 0 0 0 0 0 0 0 0 0
39.694 3 SVINFO 0 0 0 0 0 0 0
39.695 3 ATTITUDE 0.008147 -3.106683 0.13141
39.756 3 WP_MOVED 2 649046.125 5253124. 2595. 32
39.771 3 ATTITUDE 0.008166 -3.106533 0.131372
39.836 3 DESIRED 0.36 0.1 0.8 60. 60. 2595. 3.4 15.
39.867 3 CIRCLE 0. 0. -60.
39.883 3 SHT_STATUS 0 0 0.1 -39.66
39.884 3 ATTITUDE 0.008176 -3.106368 0.131384
39.916 3 GPS 0 0 0 0 0 0 0 0 0 0 0
39.917 3 SVINFO 0 0 0 0 0 0 0
39.957 3 LINK_REPORT 3 -1 40 0 36279 1519 4 971. 40. 10 37.99
39.963 3 ATTITUDE 0.008214 -3.106205 0.131357
40.012 3 AIRSPEED 0. 0. 0. 0.
40.044 3 DESIRED 0.36 0.1 0.8 60. 60. 2595. 3.4 15.
40.075 3 ATTITUDE 0.008217 -3.106038 0.131428
40.156 3 STATE_FILTER_STATUS 6 3 0
40.171 3 DL_VALUE 28 0.
40.172 3 ESTIMATOR 2576.008301 -0.017828
40.200 3 GPS 0 0 0 0 0 0 0 0 0 0 0
40.201 3 SVINFO 0 0 0 0 0 0 0
40.202 3 ATTITUDE 0.008242 -3.105912 0.131362
40.202 3 IMU_ACCEL 1 1.234375 -0.051758 -9.376953
40.211 3 IMU_GYRO 1 -0.028564 0.022461 -0.043945
40.248 3 IMU_MAG 0 0. 0. 0.
40.249 3 DESIRED 0.36 0.1 0.8 60. 60. 2595. 3.4 15.
40.264 3 WP_MOVED 0 649123. 5253077. 2595. 32
40.280 3 ATTITUDE 0.008258 -3.105732 0.131367
40.312 3 COMMANDS 0,3120,-390
40.328 3 NAVIGATION 9 0 0. 0. 0. 0. 0 43 43 1 0 0
40.376 3 SHT_STATUS 0 0 0.1 -39.66
40.376 3 ATTITUDE 0.008275 -3.105556 0.131389
40.436 3 FBW_STATUS 2 0 1 11.34329 0.
40.437 3 GPS 0 0 0 0 0 0 0 0 0 0 0
40.438 3 SVINFO 0 0 0 0 0 0 0
40.439 3 DESIRED 0.36 0.1 0.8 60. 60. 2595. 3.4 15.
40.484 3 ATTITUDE 0.008292 -3.105419 0.131387
40.484 3 PONG 
40.564 3 ATTITUDE 0.008302 -3.105297 0.131379
40.596 3 ENERGY 0 11.33092 0. 0. 0. 0. 0.
40.644 3 DESIRED 0.36 0.1 0.8 60. 60. 2595. 3.4 15.
40.688 3 ESTIMATOR 2575.865723 -0.090799
40.689 3 GPS 0 0 0 0 0 0 0 0 0 0 0
40.690 3 SVINFO 0 0 0 0 0 0 0
40.691 3 ATTITUDE 0.008314 -3.105135 0.131393
40.768 3 WP_MOVED 1 649123. 5253077. 2595. 32
40.784 3 ATTITUDE 0.008315 -3.105023 0.131394
40.800 3 IMU_GYRO 1 -0.028564 0.024658 -0.043457
40.832 3 DESIRED 0.36 0.1 0.8 60. 60. 2595. 3.4 15.
40.864 3 SHT_STATUS 0 0 0.1 -39.66
40.880 3 ATTITUDE 0.008331 -3.104863 0.13138
40.928 3 CIRCLE 0. 0. -60.
40.929 3 GPS 0 0 0 0 0 0 0 0 0 0 0
40.931 3 SVINFO 0 0 0 0 0 0 0
40.958 3 LINK_REPORT 3 -1 41 0 37262 1561 4 983. 42. 11 45.25
40.976 3 ATTITUDE 0.008379 -3.104683 0.131381
40.977 3 IMU_ACCEL 1 1.232422 -0.076172 -9.322266
41.024 3 GPS_SOL 0 0 0 0
41.025 3 AIRSPEED 0. 0. 0. 0.
41.040 3 DESIRED 0.36 0.1 0.8 60. 60. 2595. 3.4 15.
41.072 3 ATTITUDE 0.008379 -3.104527 0.131358
41.168 3 ESTIMATOR 2575.973877 -0.010415
41.184 3 GPS 0 0 0 0 0 0 0 0 0 0 0
41.185 3 SVINFO 0 0 0 0 0 0 0
41.186 3 ATTITUDE 0.00838 -3.104382 0.131348
41.216 3 FBW_STATUS 2 0 1 11.337105 0.
41.232 3 DESIRED 0.36 0.1 0.8 60. 60. 2595. 3.5 15.
41.264 3 WP_MOVED 2 649046.125 5253124. 2595. 32
41.280 3 ATTITUDE 0.008419 -3.104194 0.131307
41.312 3 NAVIGATION 9 0 0. 0. 0. 0. 0 44 44 1 0 0
41.376 3 SHT_STATUS 0 0 0.1 -39.66
41.377 3 ATTITUDE 0.00839 -3.104018 0.13131
41.392 3 IMU_GYRO 1 -0.0271 0.025146 -0.043945
41.424 3 GPS 0 0 0 0 0 0 0 0 0 0 0
41.426 3 SVINFO 0 0 0 0 0 0 0
41.440 3 DESIRED 0.36 0.1 0.8 60. 60. 2595. 3.5 15.
41.472 3 ATTITUDE 0.008354 -3.103825 0.131263
41.536 3 IMU_MAG 0 0. 0. 0.
41.552 3 CALIBRATION -150. 0
41.568 3 ATTITUDE 0.008338 -3.103657 0.131291
41.616 3 DATALINK_REPORT 1 11 0 51474 0 0
41.649 3 DESIRED 0.36 0.11 0.8 60. 60. 2595. 3.5 15.
41.690 3 DL_VALUE 29 0.45
41.691 3 ESTIMATOR 2575.677979 -0.148372
41.692 3 GPS 0 0 0 0 0 0 0 0 0 0 0
41.694 3 SVINFO 0 0 0 0 0 0 0
41.695 3 ATTITUDE 0.008336 -3.103521 0.131309
41.706 3 ENERGY 0 11.337105 0. 0. 0. 0. 0.
41.770 3 WP_MOVED 0 649123. 5253077. 2595. 32
41.786 3 ATTITUDE 0.008338 -3.103363 0.131316
41.787 3 IMU_ACCEL 1 1.244141 -0.076172 -9.373047
41.835 3 DESIRED 0.36 0.11 0.8 60. 60. 2595. 3.5 15.
41.866 3 SHT_STATUS 0 0 0.1 -39.66
41.882 3 ATTITUDE 0.008339 -3.103197 0.131256
41.914 3 GPS 0 0 0 0 0 0 0 0 0 0 0
41.930 3 SVINFO 0 0 0 0 0 0 0
41.959 3 LINK_REPORT 3 -1 42 0 38241 1602 4 979. 41. 11 45.25
41.962 3 CIRCLE 0. 0. -60.
41.978 3 ATTITUDE 0.008352 -3.10301 0.131275
41.994 3 IMU_GYRO 1 -0.029053 0.025146 -0.043945
42.010 3 AIRSPEED 0. 0. 0. 0.
42.042 3 DESIRED 0.36 0.11 0.8 60. 60. 2595. 3.5 15.
42.076 3 ATTITUDE 0.008331 -3.102886 0.131293
42.170 3 ESTIMATOR 2575.675537 -0.112962
42.187 3 GPS 0 0 0 0 0 0 0 0 0 0 0
42.190 3 SVINFO 0 0 0 0 0 0 0
42.190 3 ATTITUDE 0.008373 -3.102706 0.131286
42.235 3 DESIRED 0.36 0.11 0.8 60. 60. 2595. 3.5 15.
42.266 3 WP_MOVED 1 649123. 5253077. 2595. 32
42.282 3 ATTITUDE 0.008347 -3.102561 0.131316
42.331 3 NAVIGATION 9 0 0. 0. 0. 0. 0 45 45 1 0 0
42.332 3 COMMANDS 0,3120,-353
42.334 3 AUTOPILOT_VERSION 60400 v6.4.0_stable
42.346 3 STATE_FILTER_STATUS 6 3 0
42.378 3 SHT_STATUS 0 0 0.1 -39.66
42.379 3 ATTITUDE 0.00831 -3.10246 0.131326
42.437 3 FBW_STATUS 2 0 1 11.337105 0.
42.438 3 GPS 0 0 0 0 0 0 0 0 0 0 0
42.439 3 SVINFO 0 0 0 0 0 0 0
42.440 3 DESIRED 0.36 0.11 0.8 60. 60. 2595. 3.5 15.
42.468 3 ATTITUDE 0.008334 -3.102296 0.131325
42.580 3 ATTITUDE 0.008333 -3.102124 0.13128
42.581 3 IMU_ACCEL 1 1.262695 -0.074219 -9.341797
42.597 3 IMU_GYRO 1 -0.029785 0.025635 -0.044678
42.645 3 DESIRED 0.36 0.11 0.8 60. 60. 2595. 3.5 15.
42.689 3 ESTIMATOR 2575.476562 -0.175756
42.691 3 GPS 0 0 0 0 0 0 0 0 0 0 0
42.692 3 SVINFO 0 0 0 0 0 0 0
42.693 3 ATTITUDE 0.008331 -3.101935 0.131297
42.754 3 WP_MOVED 2 649046.125 5253124. 2595. 32
42.769 3 ATTITUDE 0.00835 -3.101761 0.131292
42.802 3 ENERGY 0 11.337105 0. 0. 0. 0. 0.
42.834 3 IMU_MAG 0 0. 0. 0.
42.850 3 DESIRED 0.36 0.11 0.8 60. 60. 2595. 3.5 15.
42.865 3 SHT_STATUS 0 0 0.1 -39.66
42.882 3 ATTITUDE 0.008325 -3.101613 0.131299
42.914 3 GPS 0 0 0 0 0 0 0 0 0 0 0
42.929 3 SVINFO 0 0 0 0 0 0 0
42.959 3 LINK_REPORT 3 -1 43 0 39229 1643 4 988. 41. 11 45.25
42.977 3 ATTITUDE 0.008328 -3.101442 0.131307
43.026 3 GPS_SOL 0 0 0 0
43.026 3 CIRCLE 0. 0. -60.
43.028 3 AIRSPEED 0. 0. 0. 0.
43.042 3 DESIRED 0.36 0.11 0.8 60. 60. 2595. 3.5 15.
43.073 3 ATTITUDE 0.008314 -3.101294 0.131302
43.158 3 LOGGER_STATUS 1 0 106496 PPRZ\pprzlog_0122.LOG,FLIGHT_RECORDER\fr_0125.LOG
43.169 3 DL_VALUE 30 0.
43.170 3 ESTIMATOR 2575.505371 -0.121152
43.199 3 GPS 0 0 0 0 0 0 0 0 0 0 0
43.200 3 SVINFO 0 0 0 0 0 0 0
43.200 3 ATTITUDE 0.008278 -3.101154 0.131366
43.201 3 IMU_GYRO 1 -0.028076 0.024658 -0.043945
43.215 3 FBW_STATUS 2 0 1 11.34329 0.
43.247 3 DESIRED 0.36 0.11 0.8 60. 60. 2595. 3.5 15.
43.263 3 WP_MOVED 0 649123. 5253077. 2595. 32
43.278 3 ATTITUDE 0.008281 -3.101008 0.131349
43.327 3 NAVIGATION 9 0 0. 0. 0. 0. 0 46 46 1 0 0
43.328 3 ACTUATORS 1040,1365,1392
43.358 3 PPRZ_MODE 2 3 3 2 0 4
43.375 3 SHT_STATUS 0 0 0.1 -39.66
43.375 3 ATTITUDE 0.008283 -3.100878 0.131331
43.390 3 IMU_ACCEL 1 1.244141 -0.054688 -9.353516
43.423 3 GPS 0 0 0 0 0 0 0 0 0 0 0
43.424 3 SVINFO 0 0 0 0 0 0 0
43.439 3 DESIRED 0.36 0.11 0.8 60. 60. 2595. 3.5 15.
43.470 3 ATTITUDE 0.008327 -3.100706 0.131324
43.576 3 ATTITUDE 0.008316 -3.100578 0.13132
43.647 3 DESIRED 0.36 0.11 0.8 60. 60. 2595. 3.5 15.
43.649 3 CALIBRATION -150. 0
43.688 3 ESTIMATOR 2575.385986 -0.144641
43.689 3 GPS 0 0 0 0 0 0 0 0 0 0 0
43.690 3 SVINFO 0 0 0 0 0 0 0
43.691 3 ATTITUDE 0.008304 -3.100427 0.131375
43.768 3 WP_MOVED 1 649123. 5253077. 2595. 32
43.785 3 ATTITUDE 0.008277 -3.100274 0.131378
43.800 3 IMU_GYRO 1 -0.028076 0.024658 -0.043945
43.833 3 DESIRED 0.36 0.11 0.8 60. 60. 2595. 3.5 15.
43.865 3 SHT_STATUS 0 0 0.1 -39.66
43.881 3 ATTITUDE 0.008233 -3.100142 0.131362
43.913 3 ENERGY 0 11.337105 0. 0. 0. 0. 0.
43.929 3 GPS 0 0 0 0 0 0 0 0 0 0 0
43.931 3 SVINFO 0 0 0 0 0 0 0
43.959 3 LINK_REPORT 3 -1 44 0 40281 1686 4 1052. 43. 11 45.25
43.976 3 ATTITUDE 0.008226 -3.09999 0.131369
44.008 3 AIRSPEED 0. 0. 0. 0.
44.041 3 DESIRED 0.36 0.11 0.8 60. 60. 2595. 3.6 15.
44.057 3 CIRCLE 0. 0. -60.
44.072 3 ATTITUDE 0.008232 -3.099841 0.131392
44.136 3 IMU_MAG 0 0. 0. 0.
44.153 3 ALIVE 8,144,6,66,11,198,81,189,7,217,216,157,220,111,57,170
44.169 3 ESTIMATOR 2575.270752 -0.177839
44.197 3 GPS 0 0 0 0 0 0 0 0 0 0 0
44.198 3 SVINFO 0 0 0 0 0 0 0
44.199 3 ATTITUDE 0.00822 -3.099708 0.131403
44.199 3 IMU_ACCEL 1 1.258789 -0.071289 -9.363281
44.245 3 DESIRED 0.36 0.11 0.8 60. 60. 2595. 3.5 15.
44.261 3 WP_MOVED 2 649046.125 5253124. 2595. 32
44.277 3 ATTITUDE 0.00822 -3.099525 0.131412
44.325 3 NAVIGATION 9 0 0. 0. 0. 0. 0 47 47 1 0 0
44.373 3 SHT_STATUS 0 0 0.1 -39.66
44.374 3 ATTITUDE 0.008226 -3.099349 0.131425
44.389 3 IMU_GYRO 1 -0.028076 0.024658 -0.043945
44.421 3 FBW_STATUS 2 0 1 11.33092 0.
44.422 3 GPS 0 0 0 0 0 0 0 0 0 0 0
44.437 3 SVINFO 0 0 0 0 0 0 0
44.438 3 DESIRED 0.36 0.11 0.8 60. 60. 2595. 3.6 15.
44.469 3 ATTITUDE 0.008218 -3.099196 0.131362
44.549 3 STATE_FILTER_STATUS 6 3 0
44.570 3 ATTITUDE 0.008237 -3.099039 0.131417
44.645 3 DESIRED 0.36 0.11 0.8 60. 60. 2595. 3.6 15.
44.689 3 DL_VALUE 31 0.002
44.689 3 ESTIMATOR 2575.207275 -0.15513
44.690 3 GPS 0 0 0 0 0 0 0 0 0 0 0
44.691 3 SVINFO 0 0 0 0 0 0 0
44.692 3 ATTITUDE 0.008226 -3.098865 0.131427
44.769 3 WP_MOVED 0 649123. 5253077. 2595. 32
44.785 3 ATTITUDE 0.008221 -3.098686 0.131423
44.833 3 DESIRED 0.36 0.11 0.8 60. 60. 2595. 3.6 15.
44.865 3 SHT_STATUS 0 0 0.1 -39.66
44.881 3 ATTITUDE 0.008203 -3.098533 0.131454
44.913 3 GPS 0 0 0 0 0 0 0 0 0 0 0
44.929 3 SVINFO 0 0 0 0 0 0 0
44.961 3 LINK_REPORT 3 -1 45 0 41212 1725 4 931. 39. 11 45.25
44.978 3 ATTITUDE 0.008178 -3.098365 0.131461
44.979 3 IMU_ACCEL 1 1.241211 -0.064453 -9.365234
45.009 3 ENERGY 0 11.337105 0. 0. 0. 0. 0.
45.010 3 IMU_GYRO 1 -0.028564 0.025146 -0.043945
45.011 3 GPS_SOL 0 0 0 0
45.025 3 AIRSPEED 0. 0. 0. 0.
45.041 3 DESIRED 0.36 0.11 0.8 60. 60. 2595. 3.6 15.
45.073 3 ATTITUDE 0.008152 -3.098215 0.131446
45.104 3 CIRCLE 0. 0. -60.
45.169 3 ESTIMATOR 2575.140381 -0.155241
45.185 3 GPS 0 0 0 0 0 0 0 0 0 0 0
45.186 3 SVINFO 0 0 0 0 0 0 0
45.187 3 ATTITUDE 0.008151 -3.098047 0.131428
45.217 3 FBW_STATUS 2 0 1 11.337105 0.
45.233 3 DESIRED 0.36 0.11 0.8 60. 60. 2595. 3.6 15.
45.265 3 WP_MOVED 1 649123. 5253077. 2595. 32
45.281 3 ATTITUDE 0.008155 -3.097864 0.131441
45.313 3 COMMANDS 0,3121,-322
45.329 3 NAVIGATION 9 0 0. 0. 0. 0. 0 48 48 1 0 0
45.361 3 SHT_STATUS 0 0 0.1 -39.66
45.377 3 ATTITUDE 0.008139 -3.097696 0.131399
45.439 3 NAVIGATION_REF 649123 5253077 32 2575.
45.440 3 GPS 0 0 0 0 0 0 0 0 0 0 0
45.441 3 SVINFO 0 0 0 0 0 0 0
45.442 3 IMU_MAG 0 0. 0. 0.
45.454 3 DESIRED 0.36 0.11 0.8 60. 60. 2595. 3.6 15.
45.470 3 ATTITUDE 0.008143 -3.097535 0.131422
45.471 3 PONG 
45.575 3 ATTITUDE 0.008159 -3.097391 0.131456
45.598 3 IMU_GYRO 1 -0.028076 0.026855 -0.043945
45.646 3 DESIRED 0.36 0.11 0.8 60. 60. 2595. 3.5 15.
45.688 3 ESTIMATOR 2575.304932 -0.011428
45.689 3 GPS 0 0 0 0 0 0 0 0 0 0 0
45.691 3 SVINFO 0 0 0 0 0 0 0
45.692 3 ATTITUDE 0.008178 -3.097219 0.131429
45.736 3 CALIBRATION -150. 0
45.768 3 WP_MOVED 2 649046.125 5253124. 2595. 32
45.784 3 ATTITUDE 0.008178 -3.097073 0.131465
45.785 3 IMU_ACCEL 1 1.224609 -0.069336 -9.3125
45.832 3 DESIRED 0.36 0.11 0.8 60. 60. 2595. 3.5 15.
45.880 3 SHT_STATUS 0 0 0.1 -39.66
45.881 3 ATTITUDE 0.008185 -3.096933 0.131484
45.913 3 GPS 0 0 0 0 0 0 0 0 0 0 0
45.929 3 SVINFO 0 0 0 0 0 0 0
45.962 3 LINK_REPORT 3 -1 46 0 42244 1769 4 1032. 44. 12 34.08
45.976 3 ATTITUDE 0.008178 -3.096768 0.131455
46.008 3 AIRSPEED 0. 0. 0. 0.
46.041 3 DESIRED 0.36 0.11 0.8 60. 60. 2595. 3.5 15.
46.072 3 ATTITUDE 0.008194 -3.0966 0.131449
46.088 3 ENERGY 0 11.33092 0. 0. 0. 0. 0.
46.168 3 DL_VALUE 32 0.004
46.199 3 CIRCLE 0. 0. -60.
46.200 3 ESTIMATOR 2575.322021 0.00114
46.201 3 GPS 0 0 0 0 0 0 0 0 0 0 0
46.202 3 SVINFO 0 0 0 0 0 0 0
46.203 3 ATTITUDE 0.008199 -3.096398 0.131433
46.204 3 IMU_GYRO 1 -0.028076 0.025146 -0.044678
46.232 3 DESIRED 0.36 0.11 0.8 60. 60. 2595. 3.5 15.
46.264 3 WP_MOVED 0 649123. 5253077. 2595. 32
46.279 3 ATTITUDE 0.008231 -3.096277 0.13144
46.312 3 NAVIGATION 9 0 0. 0. 0. 0. 0 49 49 1 0 0
46.375 3 SHT_STATUS 0 0 0.1 -39.66
46.376 3 ATTITUDE 0.008224 -3.096123 0.131425
46.436 3 FBW_STATUS 2 0 1 11.33092 0.
46.437 3 GPS 0 0 0 0 0 0 0 0 0 0 0
46.438 3 SVINFO 0 0 0 0 0 0 0
46.453 3 DESIRED 0.36 0.11 0.8 60. 60. 2595. 3.6 15.
46.469 3 ATTITUDE 0.008208 -3.095951 0.131402
46.581 3 ATTITUDE 0.008216 -3.095781 0.131387
46.582 3 IMU_ACCEL 1 1.250977 -0.09082 -9.360352
46.645 3 DESIRED 0.36 0.11 0.8 60. 60. 2595. 3.6 15.
46.688 3 ESTIMATOR 2575.222168 -0.050793
46.690 3 GPS 0 0 0 0 0 0 0 0 0 0 0
46.692 3 SVINFO 0 0 0 0 0 0 0
46.692 3 ATTITUDE 0.008214 -3.095638 0.131429
46.707 3 DATALINK_REPORT 1 12 0 51989 0 0
46.736 3 IMU_MAG 0 0. 0. 0.
46.752 3 STATE_FILTER_STATUS 6 3 0
46.768 3 WP_MOVED 1 649123. 5253077. 2595. 32
46.769 3 ATTITUDE 0.008233 -3.095467 0.131401
46.785 3 IMU_GYRO 1 -0.029053 0.025146 -0.043945
46.833 3 DESIRED 0.36 0.11 0.8 60. 60. 2595. 3.6 15.
46.865 3 SHT_STATUS 0 0 0.1 -39.66
46.881 3 ATTITUDE 0.008218 -3.095288 0.13138
46.913 3 GPS 0 0 0 0 0 0 0 0 0 0 0
46.929 3 SVINFO 0 0 0 0 0 0 0
46.962 3 LINK_REPORT 3 -1 47 0 43223 1810 4 979. 41. 12 34.08
46.976 3 ATTITUDE 0.008187 -3.095137 0.131326
47.009 3 GPS_SOL 0 0 0 0
47.025 3 AIRSPEED 0. 0. 0. 0.
47.041 3 DESIRED 0.36 0.11 0.8 60. 60. 2595. 3.6 15.
47.083 3 ATTITUDE 0.008196 -3.09499 0.131333
47.169 3 ESTIMATOR 2575.202393 -0.043619
47.185 3 GPS 0 0 0 0 0 0 0 0 0 0 0
47.186 3 SVINFO 0 0 0 0 0 0 0
47.187 3 ATTITUDE 0.008201 -3.094838 0.131321
47.201 3 ENERGY 0 11.34329 0. 0. 0. 0. 0.
47.216 3 CIRCLE 0. 0. -60.
47.217 3 FBW_STATUS 2 0 1 11.34329 0.
47.233 3 DESIRED 0.36 0.11 0.8 60. 60. 2595. 3.6 15.
47.264 3 WP_MOVED 2 649046.125 5253124. 2595. 32
47.280 3 ATTITUDE 0.008233 -3.09464 0.131331
47.329 3 NAVIGATION 9 0 0. 0. 0. 0. 0 50 50 1 0 0
47.330 3 COMMANDS 0,3120,-330
47.377 3 SHT_STATUS 0 0 0.1 -39.66
47.377 3 ATTITUDE 0.008232 -3.094467 0.13136
47.378 3 IMU_ACCEL 1 1.232422 -0.074219 -9.355469
47.392 3 IMU_GYRO 1 -0.028076 0.025146 -0.044678
47.425 3 GPS 0 0 0 0 0 0 0 0 0 0 0
47.426 3 SVINFO 0 0 0 0 0 0 0
47.441 3 DESIRED 0.36 0.11 0.8 60. 60. 2595. 3.6 15.
47.473 3 ATTITUDE 0.008244 -3.094295 0.131343
47.573 3 ATTITUDE 0.008266 -3.094106 0.131334
47.632 3 DESIRED 0.36 0.11 0.8 60. 60. 2595. 3.6 15.
47.690 3 DL_VALUE 33 0.
47.691 3 ESTIMATOR 2575.184082 -0.045213
47.692 3 GPS 0 0 0 0 0 0 0 0 0 0 0
47.693 3 SVINFO 0 0 0 0 0 0 0
47.693 3 ATTITUDE 0.008284 -3.093956 0.131306
47.755 3 WP_MOVED 0 649123. 5253077. 2595. 32
47.771 3 ATTITUDE 0.008304 -3.093775 0.131302
47.835 3 DESIRED 0.36 0.11 0.8 60. 60. 2595. 3.6 15.
47.851 3 CALIBRATION -150. 0
47.867 3 SHT_STATUS 0 0 0.1 -39.66
47.883 3 ATTITUDE 0.008319 -3.093591 0.131324
47.915 3 GPS 0 0 0 0 0 0 0 0 0 0 0
47.916 3 SVINFO 0 0 0 0 0 0 0
47.963 3 LINK_REPORT 3 -1 48 0 44176 1850 4 953. 40. 12 34.08
47.979 3 ATTITUDE 0.008338 -3.093404 0.131319
47.995 3 IMU_GYRO 1 -0.028076 0.025635 -0.043945
48.011 3 AIRSPEED 0. 0. 0. 0.
48.043 3 IMU_MAG 0 0. 0. 0.
48.044 3 DESIRED 0.36 0.11 0.8 60. 60. 2595. 3.5 15.
48.077 3 ATTITUDE 0.008354 -3.093269 0.131291
48.171 3 ESTIMATOR 2575.283447 0.018356
48.200 3 GPS 0 0 0 0 0 0 0 0 0 0 0
48.201 3 SVINFO 0 0 0 0 0 0 0
48.202 3 ATTITUDE 0.00834 -3.093108 0.131245
48.203 3 IMU_ACCEL 1 1.227539 -0.064453 -9.396484
48.249 3 LOGGER_STATUS 1 0 147456 PPRZ\pprzlog_0122.LOG,FLIGHT_RECORDER\fr_0125.LOG
48.251 3 DESIRED 0.36 0.11 0.8 60. 60. 2595. 3.5 15.
48.264 3 PPRZ_MODE 2 3 3 2 0 4
48.280 3 CIRCLE 0. 0. -60.
48.280 3 WP_MOVED 1 649123. 5253077. 2595. 32
48.281 3 ATTITUDE 0.008325 -3.092925 0.131278
48.296 3 ENERGY 0 11.34329 0. 0. 0. 0. 0.
48.312 3 NAVIGATION 9 0 0. 0. 0. 0. 0 51 51 1 0 0
48.328 3 ACTUATORS 1040,1365,1392
48.360 3 SHT_STATUS 0 0 0.1 -39.66
48.376 3 ATTITUDE 0.008331 -3.092762 0.131287
48.437 3 FBW_STATUS 2 0 1 11.324735 0.
48.438 3 GPS 0 0 0 0 0 0 0 0 0 0 0
48.440 3 SVINFO 0 0 0 0 0 0 0
48.441 3 DESIRED 0.36 0.11 0.8 60. 60. 2595. 3.5 15.
48.469 3 ATTITUDE 0.008331 -3.09259 0.131286
48.577 3 ATTITUDE 0.008355 -3.092422 0.131288
48.597 3 IMU_GYRO 1 -0.028564 0.024658 -0.044678
48.645 3 DESIRED 0.36 0.11 0.8 60. 60. 2595. 3.5 15.
48.689 3 ESTIMATOR 2575.587646 0.162893
48.690 3 GPS 0 0 0 0 0 0 0 0 0 0 0
48.691 3 SVINFO 0 0 0 0 0 0 0
48.692 3 ATTITUDE 0.008344 -3.09226 0.131292
48.769 3 WP_MOVED 2 649046.125 5253124. 2595. 32
48.785 3 ATTITUDE 0.008345 -3.092093 0.131292
48.833 3 DESIRED 0.36 0.11 0.8 60. 60. 2595. 3.5 15.
48.865 3 SHT_STATUS 0 0 0.1 -39.66
48.881 3 ATTITUDE 0.008328 -3.09192 0.131316
48.914 3 GPS 0 0 0 0 0 0 0 0 0 0 0
48.929 3 SVINFO 0 0 0 0 0 0 0
48.945 3 STATE_FILTER_STATUS 6 3 0
48.963 3 LINK_REPORT 3 -1 49 0 45216 1892 4 1040. 42. 12 34.08
48.977 3 ATTITUDE 0.008339 -3.091757 0.131332
48.978 3 IMU_ACCEL 1 1.234375 -0.066406 -9.368164
49.009 3 GPS_SOL 0 0 0 0
49.025 3 AIRSPEED 0. 0. 0. 0.
49.042 3 DESIRED 0.36 0.11 0.8 60. 60. 2595. 3.5 15.
49.077 3 ATTITUDE 0.008315 -3.091639 0.131327
49.169 3 DL_VALUE 34 0.1
49.170 3 ESTIMATOR 2575.554688 0.11495
49.198 3 GPS 0 0 0 0 0 0 0 0 0 0 0
49.200 3 SVINFO 0 0 0 0 0 0 0
49.201 3 ATTITUDE 0.008301 -3.091469 0.131334
49.201 3 IMU_GYRO 1 -0.028564 0.024658 -0.043945
49.214 3 FBW_STATUS 2 0 1 11.33092 0.
49.247 3 ALIVE 8,144,6,66,11,198,81,189,7,217,216,157,220,111,57,170
49.248 3 DESIRED 0.36 0.11 0.8 60. 60. 2595. 3.5 15.
49.262 3 WP_MOVED 0 649123. 5253077. 2595. 32
49.278 3 ATTITUDE 0.008284 -3.091286 0.131358
49.326 3 CIRCLE 0. 0. -60.
49.327 3 NAVIGATION 9 0 0. 0. 0. 0. 0 52 52 1 0 0
49.342 3 IMU_MAG 0 0. 0. 0.
49.374 3 SHT_STATUS 0 0 0.1 -39.66
49.375 3 ATTITUDE 0.008242 -3.091127 0.131349
49.390 3 ENERGY 0 11.33092 0. 0. 0. 0. 0.
49.423 3 GPS 0 0 0 0 0 0 0 0 0 0 0
49.424 3 SVINFO 0 0 0 0 0 0 0
49.438 3 DESIRED 0.36 0.11 0.8 60. 60. 2595. 3.5 15.
49.470 3 ATTITUDE 0.008245 -3.090975 0.131371
49.488 3 WIND_INFO 3 5 0. 0. 0. 0.
49.578 3 ATTITUDE 0.008254 -3.090825 0.131329
49.630 3 DESIRED 0.36 0.1 0.8 60. 60. 2595. 3.5 15.
49.688 3 ESTIMATOR 2575.788818 0.196562
49.689 3 GPS 0 0 0 0 0 0 0 0 0 0 0
49.691 3 SVINFO 0 0 0 0 0 0 0
49.691 3 ATTITUDE 0.008237 -3.090668 0.131294
49.769 3 WP_MOVED 1 649123. 5253077. 2595. 32
49.784 3 ATTITUDE 0.008268 -3.09049 0.131275
49.785 3 IMU_ACCEL 1 1.234375 -0.056641 -9.365234
49.800 3 IMU_GYRO 1 -0.028076 0.02417 -0.043945
49.833 3 DESIRED 0.36 0.1 0.8 60. 60. 2595. 3.5 15.
49.864 3 SHT_STATUS 0 0 0.1 -39.66
49.880 3 ATTITUDE 0.008314 -3.0903 0.131256
49.913 3 GPS 0 0 0 0 0 0 0 0 0 0 0
49.928 3 SVINFO 0 0 0 0 0 0 0
49.944 3 CALIBRATION -150. 0
49.964 3 LINK_REPORT 3 -1 50 0 46242 1935 4 1026. 43. 13 34.08
49.976 3 ATTITUDE 0.008315 -3.090142 0.131221
50.008 3 AIRSPEED 0. 0. 0. 0.
50.041 3 DESIRED 0.36 0.1 0.8 60. 60. 2595. 3.5 15.
50.078 3 ATTITUDE 0.008286 -3.089931 0.131214
50.169 3 ESTIMATOR 2575.780762 0.144997
50.185 3 GPS 0 0 0 0 0 0 0 0 0 0 0
50.187 3 SVINFO 0 0 0 0 0 0 0
50.188 3 ATTITUDE 0.008276 -3.089736 0.131161
50.233 3 DESIRED 0.36 0.1 0.8 60. 60. 2595. 3.5 15.
50.265 3 WP_MOVED 2 649046.125 5253124. 2595. 32
50.280 3 ATTITUDE 0.008246 -3.089589 0.131191
50.312 3 COMMANDS 0,3120,-371
50.329 3 NAVIGATION 9 0 0. 0. 0. 0. 0 53 53 1 0 0
50.361 3 CIRCLE 0. 0. -60.
50.377 3 SHT_STATUS 0 0 0.1 -39.66
50.377 3 ATTITUDE 0.008228 -3.089396 0.131227
50.392 3 IMU_GYRO 1 -0.028564 0.025146 -0.043945
50.436 3 FBW_STATUS 2 0 1 11.34329 0.
50.438 3 GPS 0 0 0 0 0 0 0 0 0 0 0
50.439 3 SVINFO 0 0 0 0 0 0 0
50.440 3 DESIRED 0.36 0.1 0.8 60. 60. 2595. 3.4 15.
50.485 3 ATTITUDE 0.008226 -3.089221 0.131244
50.500 3 PONG 
50.501 3 ENERGY 0 11.337105 0. 0. 0. 0. 0.
50.580 3 ATTITUDE 0.008222 -3.089026 0.131255
50.581 3 IMU_ACCEL 1 1.255859 -0.097656 -9.432617
50.644 3 IMU_MAG 0 0. 0. 0.
50.645 3 DESIRED 0.36 0.1 0.8 60. 60. 2595. 3.4 15.
50.689 3 DL_VALUE 35 0.03
50.689 3 ESTIMATOR 2575.940918 0.186263
50.691 3 GPS 0 0 0 0 0 0 0 0 0 0 0
50.692 3 SVINFO 0 0 0 0 0 0 0
50.693 3 ATTITUDE 0.008213 -3.088877 0.131261
50.769 3 WP_MOVED 0 649123. 5253077. 2595. 32
50.785 3 ATTITUDE 0.008189 -3.088742 0.131254
50.833 3 DESIRED 0.36 0.1 0.8 60. 60. 2595. 3.4 15.
50.865 3 SHT_STATUS 0 0 0.1 -39.66
50.881 3 ATTITUDE 0.008186 -3.08859 0.131295
50.929 3 GPS 0 0 0 0 0 0 0 0 0 0 0
50.930 3 SVINFO 0 0 0 0 0 0 0
50.965 3 LINK_REPORT 3 -1 51 0 47192 1975 4 950. 40. 14 60.37
50.977 3 ATTITUDE 0.008162 -3.088449 0.131265
50.993 3 IMU_GYRO 1 -0.028076 0.024658 -0.044678
51.008 3 GPS_SOL 0 0 0 0
51.025 3 AIRSPEED 0. 0. 0. 0.
51.041 3 DESIRED 0.36 0.1 0.8 60. 60. 2595. 3.4 15.
51.077 3 ATTITUDE 0.008165 -3.088277 0.131295
51.152 3 STATE_FILTER_STATUS 6 3 0
51.169 3 ESTIMATOR 2575.985596 0.166691
51.185 3 GPS 0 0 0 0 0 0 0 0 0 0 0
51.186 3 SVINFO 0 0 0 0 0 0 0
51.187 3 ATTITUDE 0.008192 -3.088121 0.131301
51.217 3 FBW_STATUS 2 0 1 11.34329 0.
51.233 3 DESIRED 0.36 0.1 0.8 60. 60. 2595. 3.4 15.
51.265 3 WP_MOVED 1 649123. 5253077. 2595. 32
51.281 3 ATTITUDE 0.008197 -3.087921 0.131294
51.313 3 NAVIGATION 9 0 0. 0. 0. 0. 0 54 54 1 0 0
51.377 3 SHT_STATUS 0 0 0.1 -39.66
51.378 3 ATTITUDE 0.008239 -3.087738 0.131299
51.379 3 IMU_ACCEL 1 1.244141 -0.071289 -9.394531
51.436 3 CIRCLE 0. 0. -60.
51.437 3 GPS 0 0 0 0 0 0 0 0 0 0 0
51.438 3 SVINFO 0 0 0 0 0 0 0
51.440 3 DESIRED 0.36 0.1 0.8 60. 60. 2595. 3.4 15.
51.468 3 ATTITUDE 0.008218 -3.087559 0.13131
51.564 3 ATTITUDE 0.008235 -3.087393 0.131342
51.596 3 ENERGY 0 11.34329 0. 0. 0. 0. 0.
51.611 3 IMU_GYRO 1 -0.028564 0.026123 -0.044678
51.643 3 DESIRED 0.36 0.1 0.8 60. 60. 2595. 3.4 15.
51.692 3 ESTIMATOR 2575.935791 0.080575
51.692 3 GPS 0 0 0 0 0 0 0 0 0 0 0
51.694 3 SVINFO 0 0 0 0 0 0 0
51.694 3 ATTITUDE 0.00825 -3.087232 0.131351
51.768 3 WP_MOVED 2 649046.125 5253124. 2595. 32
51.784 3 ATTITUDE 0.008252 -3.087053 0.131345
51.800 3 DATALINK_REPORT 1 14 0 49755 0 0
51.832 3 DESIRED 0.36 0.1 0.8 60. 60. 2595. 3.4 15.
51.880 3 SHT_STATUS 0 0 0.1 -39.66
51.881 3 ATTITUDE 0.008272 -3.086891 0.131356
51.929 3 GPS 0 0 0 0 0 0 0 0 0 0 0
51.930 3 SVINFO 0 0 0 0 0 0 0
51.944 3 IMU_MAG 0 0. 0. 0.
51.965 3 LINK_REPORT 3 -1 52 0 48177 2016 4 985. 41. 14 60.37
51.976 3 ATTITUDE 0.008243 -3.086739 0.131379
52.008 3 AIRSPEED 0. 0. 0. 0.
52.041 3 DESIRED 0.36 0.1 0.8 60. 60. 2595. 3.4 15.
52.056 3 CALIBRATION -150. 0
52.082 3 ATTITUDE 0.008274 -3.086562 0.131355
52.168 3 DL_VALUE 36 0.
52.194 3 ESTIMATOR 2575.897217 0.040759
52.195 3 GPS 0 0 0 0 0 0 0 0 0 0 0
52.196 3 SVINFO 0 0 0 0 0 0 0
52.197 3 ATTITUDE 0.008291 -3.086373 0.131369
52.198 3 IMU_ACCEL 1 1.249023 -0.087891 -9.360352
52.210 3 IMU_GYRO 1 -0.027588 0.024658 -0.043457
52.243 3 DESIRED 0.36 0.1 0.8 60. 60. 2595. 3.4 15.
52.258 3 WP_MOVED 0 649123. 5253077. 2595. 32
52.274 3 ATTITUDE 0.008273 -3.086181 0.131358
52.322 3 NAVIGATION 9 0 0. 0. 0. 0. 0 55 55 1 0 0
52.324 3 COMMANDS 0,3120,-387
52.370 3 SHT_STATUS 0 0 0.1 -39.66
52.386 3 ATTITUDE 0.008298 -3.086019 0.131365
52.418 3 FBW_STATUS 2 0 1 11.337105 0.
52.434 3 GPS 0 0 0 0 0 0 0 0 0 0 0
52.437 3 SVINFO 0 0 0 0 0 0 0
52.450 3 DESIRED 0.36 0.1 0.8 60. 60. 2595. 3.4 15.
52.466 3 CIRCLE 0. 0. -60.
52.482 3 ATTITUDE 0.008299 -3.085821 0.131367
52.580 3 ATTITUDE 0.008307 -3.085609 0.131355
52.642 3 DESIRED 0.36 0.1 0.8 60. 60. 2595. 3.4 15.
52.689 3 ESTIMATOR 2575.888916 0.021326
52.690 3 GPS 0 0 0 0 0 0 0 0 0 0 0
52.691 3 SVINFO 0 0 0 0 0 0 0
52.692 3 ATTITUDE 0.008314 -3.085433 0.131375
52.693 3 ENERGY 0 11.337105 0. 0. 0. 0. 0.
52.753 3 WP_MOVED 1 649123. 5253077. 2595. 32
52.769 3 ATTITUDE 0.008321 -3.085251 0.131389
52.801 3 IMU_GYRO 1 -0.028076 0.024658 -0.043945
52.834 3 DESIRED 0.36 0.1 0.8 60. 60. 2595. 3.4 15.
52.865 3 SHT_STATUS 0 0 0.1 -39.66
52.881 3 ATTITUDE 0.008322 -3.085078 0.131412
52.913 3 GPS 0 0 0 0 0 0 0 0 0 0 0
52.929 3 SVINFO 0 0 0 0 0 0 0
52.966 3 LINK_REPORT 3 -1 53 0 49132 2056 4 955. 40. 14 60.37
52.977 3 ATTITUDE 0.008313 -3.084898 0.131469
52.978 3 IMU_ACCEL 1 1.260742 -0.081055 -9.370117
53.009 3 GPS_SOL 0 0 0 0
53.025 3 AIRSPEED 0. 0. 0. 0.
53.042 3 DESIRED 0.36 0.1 0.8 60. 60. 2595. 3.4 15.
53.081 3 ATTITUDE 0.008308 -3.084743 0.131477
53.169 3 PPRZ_MODE 2 3 3 2 0 4
53.170 3 ESTIMATOR 2575.914551 0.029935
53.197 3 GPS 0 0 0 0 0 0 0 0 0 0 0
53.199 3 SVINFO 0 0 0 0 0 0 0
53.200 3 ATTITUDE 0.008304 -3.084542 0.13152
53.213 3 FBW_STATUS 2 0 1 11.337105 0.
53.245 3 IMU_MAG 0 0. 0. 0.
53.246 3 DESIRED 0.36 0.1 0.8 60. 60. 2595. 3.4 15.
53.261 3 WP_MOVED 2 649046.125 5253124. 2595. 32
53.277 3 ATTITUDE 0.008324 -3.084346 0.131551
53.342 3 LOGGER_STATUS 1 0 188416 PPRZ\pprzlog_0122.LOG,FLIGHT_RECORDER\fr_0125.LOG
53.343 3 NAVIGATION 9 0 0. 0. 0. 0. 0 56 56 1 0 0
53.344 3 ACTUATORS 1040,1363,1394
53.373 3 STATE_FILTER_STATUS 6 3 0
53.374 3 SHT_STATUS 0 0 0.1 -39.66
53.375 3 ATTITUDE 0.00832 -3.084141 0.131602
53.390 3 IMU_GYRO 1 -0.029053 0.025635 -0.043457
53.421 3 GPS 0 0 0 0 0 0 0 0 0 0 0
53.452 3 SVINFO 0 0 0 0 0 0 0
53.454 3 AUTOPILOT_VERSION 60400 v6.4.0_stable
53.455 3 DESIRED 0.36 0.1 0.8 60. 60. 2595. 3.4 15.
53.468 3 ATTITUDE 0.00833 -3.083949 0.131604
53.516 3 CIRCLE 0. 0. -60.
53.564 3 ATTITUDE 0.008345 -3.083771 0.131593
53.644 3 DESIRED 0.36 0.1 0.8 60. 60. 2595. 3.4 15.
53.690 3 DL_VALUE 37 0.04
53.691 3 ESTIMATOR 2575.933105 0.025111
53.692 3 GPS 0 0 0 0 0 0 0 0 0 0 0
53.694 3 SVINFO 0 0 0 0 0 0 0
53.695 3 ATTITUDE 0.008396 -3.083594 0.131622
53.770 3 WP_MOVED 0 649123. 5253077. 2595. 32
53.786 3 ATTITUDE 0.008396 -3.08343 0.131633
53.787 3 IMU_ACCEL 1 1.244141 -0.061523 -9.40625
53.803 3 ENERGY 0 11.337105 0. 0. 0. 0. 0.
53.835 3 DESIRED 0.36 0.1 0.8 60. 60. 2595. 3.4 15.
53.866 3 SHT_STATUS 0 0 0.1 -39.66
53.882 3 ATTITUDE 0.008407 -3.083266 0.131618
53.915 3 GPS 0 0 0 0 0 0 0 0 0 0 0
53.916 3 SVINFO 0 0 0 0 0 0 0
53.962 3 ATTITUDE 0.008406 -3.083092 0.131634
53.967 3 LINK_REPORT 3 -1 54 0 50250 2102 4 1118. 46. 14 60.37
53.995 3 IMU_GYRO 1 -0.028076 0.024658 -0.043457
54.010 3 AIRSPEED 0. 0. 0. 0.
54.043 3 DESIRED 0.36 0.1 0.8 60. 60. 2595. 3.5 15.
54.075 3 ATTITUDE 0.008414 -3.082891 0.131668
54.138 3 CALIBRATION -150. 0
54.170 3 ESTIMATOR 2575.694336 -0.117606
54.186 3 GPS 0 0 0 0 0 0 0 0 0 0 0
54.187 3 SVINFO 0 0 0 0 0 0 0
54.187 3 ATTITUDE 0.008389 -3.082721 0.131683
54.235 3 DESIRED 0.36 0.11 0.8 60. 60. 2595. 3.5 15.
54.267 3 WP_MOVED 1 649123. 5253077. 2595. 32
54.282 3 ATTITUDE 0.008433 -3.082547 0.131695
54.315 3 NAVIGATION 9 0 0. 0. 0. 0. 0 57 57 1 0 0
54.331 3 ALIVE 8,144,6,66,11,198,81,189,7,217,216,157,220,111,57,170
54.362 3 SHT_STATUS 0 0 0.1 -39.66
54.378 3 ATTITUDE 0.008436 -3.082353 0.131701
54.454 3 NAVIGATION_REF 649123 5253077 32 2575.
54.454 3 FBW_STATUS 2 0 1 11.337105 0.
54.455 3 GPS 0 0 0 0 0 0 0 0 0 0 0
54.455 3 SVINFO 0 0 0 0 0 0 0
54.456 3 DESIRED 0.36 0.1 0.8 60. 60. 2595. 3.5 15.
54.470 3 ATTITUDE 0.008436 -3.082143 0.131725
54.535 3 IMU_MAG 0 0. 0. 0.
54.566 3 CIRCLE 0. 0. -60.
54.584 3 ATTITUDE 0.008395 -3.081922 0.131743
54.585 3 IMU_ACCEL 1 1.253906 -0.087891 -9.376953
54.598 3 IMU_GYRO 1 -0.028564 0.025146 -0.043945
54.631 3 DESIRED 0.36 0.1 0.8 60. 60. 2595. 3.5 15.
54.689 3 ESTIMATOR 2575.758789 -0.046573
54.690 3 GPS 0 0 0 0 0 0 0 0 0 0 0
54.692 3 SVINFO 0 0 0 0 0 0 0
54.693 3 ATTITUDE 0.00841 -3.081716 0.131766
54.769 3 WP_MOVED 2 649046.125 5253124. 2595. 32
54.785 3 ATTITUDE 0.008368 -3.08154 0.131802
54.833 3 DESIRED 0.36 0.1 0.8 60. 60. 2595. 3.5 15.
54.865 3 SHT_STATUS 0 0 0.1 -39.66
54.881 3 ATTITUDE 0.008344 -3.081324 0.131822
54.897 3 ENERGY 0 11.337105 0. 0. 0. 0. 0.
54.929 3 GPS 0 0 0 0 0 0 0 0 0 0 0
54.930 3 SVINFO 0 0 0 0 0 0 0
54.968 3 LINK_REPORT 3 -1 55 0 51224 2142 4 974. 40. 14 60.37
54.977 3 ATTITUDE 0.008351 -3.081132 0.131815
55.009 3 GPS_SOL 0 0 0 0
55.025 3 AIRSPEED 0. 0. 0. 0.
55.041 3 DESIRED 0.36 0.11 0.8 60. 60. 2595. 3.5 15.
55.086 3 ATTITUDE 0.008355 -3.08095 0.131839
55.169 3 DL_VALUE 38 0.
55.169 3 ESTIMATOR 2575.743408 -0.041561
55.200 3 GPS 0 0 0 0 0 0 0 0 0 0 0
55.201 3 SVINFO 0 0 0 0 0 0 0
55.202 3 ATTITUDE 0.00835 -3.080749 0.131825
55.202 3 IMU_GYRO 1 -0.029053 0.024658 -0.042969
55.216 3 FBW_STATUS 2 0 1 11.34329 0.
55.232 3 DESIRED 0.36 0.1 0.8 60. 60. 2595. 3.5 15.
55.264 3 WP_MOVED 0 649123. 5253077. 2595. 32
55.280 3 ATTITUDE 0.008342 -3.080543 0.131795
55.312 3 COMMANDS 0,3120,-378
55.328 3 NAVIGATION 9 0 0. 0. 0. 0. 0 58 58 1 0 0
55.376 3 SHT_STATUS 0 0 0.1 -39.66
55.376 3 ATTITUDE 0.008358 -3.080365 0.13178
55.377 3 IMU_ACCEL 1 1.232422 -0.087891 -9.365234
55.424 3 GPS 0 0 0 0 0 0 0 0 0 0 0
55.425 3 SVINFO 0 0 0 0 0 0 0
55.440 3 DESIRED 0.36 0.1 0.8 60. 60. 2595. 3.5 15.
55.472 3 ATTITUDE 0.008345 -3.080196 0.131756
55.487 3 PONG 
55.552 3 STATE_FILTER_STATUS 6 3 0
55.568 3 ATTITUDE 0.008346 -3.080005 0.13176
55.615 3 CIRCLE 0. 0. -60.
55.632 3 DESIRED 0.36 0.11 0.8 60. 60. 2595. 3.5 15.
55.690 3 ESTIMATOR 2575.565674 -0.129189
55.691 3 GPS 0 0 0 0 0 0 0 0 0 0 0
55.692 3 SVINFO 0 0 0 0 0 0 0
55.695 3 ATTITUDE 0.008336 -3.079837 0.131749
55.770 3 WP_MOVED 1 649123. 5253077. 2595. 32
55.786 3 ATTITUDE 0.00835 -3.07963 0.131752
55.802 3 IMU_GYRO 1 -0.028076 0.02417 -0.043945
55.833 3 IMU_MAG 0 0. 0. 0.
55.849 3 DESIRED 0.36 0.11 0.8 60. 60. 2595. 3.5 15.
55.865 3 SHT_STATUS 0 0 0.1 -39.66
55.881 3 ATTITUDE 0.008333 -3.07948 0.131761
55.913 3 GPS 0 0 0 0 0 0 0 0 0 0 0
55.929 3 SVINFO 0 0 0 0 0 0 0
55.968 3 LINK_REPORT 3 -1 56 0 52193 2184 4 969. 42. 15 47.28
55.978 3 ATTITUDE 0.008349 -3.079261 0.131805
55.994 3 ENERGY 0 11.34329 0. 0. 0. 0. 0.
56.010 3 AIRSPEED 0. 0. 0. 0.
56.042 3 DESIRED 0.36 0.11 0.8 60. 60. 2595. 3.5 15.
56.081 3 ATTITUDE 0.008357 -3.079079 0.13179
56.170 3 ESTIMATOR 2575.508545 -0.129766
56.198 3 GPS 0 0 0 0 0 0 0 0 0 0 0
56.199 3 SVINFO 0 0 0 0 0 0 0
56.200 3 ATTITUDE 0.008356 -3.078891 0.131839
56.200 3 IMU_ACCEL 1 1.236328 -0.064453 -9.389648
56.246 3 DESIRED 0.36 0.11 0.8 60. 60. 2595. 3.5 15.
56.248 3 CALIBRATION -150. 0
56.278 3 WP_MOVED 2 649046.125 5253124. 2595. 32
56.279 3 ATTITUDE 0.008344 -3.078728 0.131825
56.310 3 NAVIGATION 9 0 0. 0. 0. 0. 0 59 59 1 0 0
56.374 3 SHT_STATUS 0 0 0.1 -39.66
56.375 3 ATTITUDE 0.008312 -3.078522 0.131817
56.390 3 IMU_GYRO 1 -0.028564 0.025635 -0.043945
56.435 3 FBW_STATUS 2 0 1 11.337105 0.
56.435 3 GPS 0 0 0 0 0 0 0 0 0 0 0
56.436 3 SVINFO 0 0 0 0 0 0 0
56.437 3 DESIRED 0.36 0.11 0.8 60. 60. 2595. 3.5 15.
56.467 3 ATTITUDE 0.008275 -3.078357 0.131837
56.581 3 ATTITUDE 0.008271 -3.078163 0.131858
56.644 3 DESIRED 0.36 0.11 0.8 60. 60. 2595. 3.5 15.
56.675 3 DL_VALUE 39 0.
56.676 3 CIRCLE 0. 0. -60.
56.677 3 ESTIMATOR 2575.435059 -0.127205
56.692 3 GPS 0 0 0 0 0 0 0 0 0 0 0
56.692 3 SVINFO 0 0 0 0 0 0 0
56.693 3 ATTITUDE 0.008239 -3.077968 0.131865
56.755 3 WP_MOVED 0 649123. 5253077. 2595. 32
56.771 3 ATTITUDE 0.008226 -3.077752 0.131848
56.835 3 DESIRED 0.36 0.11 0.8 60. 60. 2595. 3.5 15.
56.867 3 SHT_STATUS 0 0 0.1 -39.66
56.883 3 ATTITUDE 0.008206 -3.07756 0.131863
56.884 3 DATALINK_REPORT 1 15 0 64276 0 0
56.916 3 GPS 0 0 0 0 0 0 0 0 0 0 0
56.916 3 SVINFO 0 0 0 0 0 0 0
56.969 3 LINK_REPORT 3 -1 57 0 53131 2223 4 938. 39. 15 47.28
56.979 3 ATTITUDE 0.008224 -3.077371 0.131849
56.980 3 IMU_ACCEL 1 1.222656 -0.074219 -9.341797
56.995 3 IMU_GYRO 1 -0.028564 0.02417 -0.043457
57.011 3 GPS_SOL 0 0 0 0
57.027 3 AIRSPEED 0. 0. 0. 0.
57.043 3 DESIRED 0.36 0.11 0.8 60. 60. 2595. 3.5 15.
57.084 3 ATTITUDE 0.008207 -3.077202 0.131838
57.091 3 ENERGY 0 11.34329 0. 0. 0. 0. 0.
57.139 3 IMU_MAG 0 0. 0. 0.
57.171 3 ESTIMATOR 2575.51416 -0.045483
57.172 3 GPS 0 0 0 0 0 0 0 0 0 0 0
57.187 3 SVINFO 0 0 0 0 0 0 0
57.188 3 ATTITUDE 0.008183 -3.077002 0.131861
57.203 3 FBW_STATUS 2 0 1 11.34329 0.
57.236 3 DESIRED 0.36 0.11 0.8 60. 60. 2595. 3.5 15.
57.267 3 WP_MOVED 1 649123. 5253077. 2595. 32
57.268 3 ATTITUDE 0.008189 -3.076822 0.131846
57.316 3 NAVIGATION 9 0 0. 0. 0. 0. 0 60 60 1 0 0
57.317 3 COMMANDS 0,3121,-363
57.379 3 SHT_STATUS 0 0 0.1 -39.66
57.380 3 ATTITUDE 0.008192 -3.076627 0.131817
57.428 3 GPS 0 0 0 0 0 0 0 0 0 0 0
57.430 3 SVINFO 0 0 0 0 0 0 0
57.444 3 DESIRED 0.36 0.11 0.8 60. 60. 2595. 3.5 15.
57.476 3 ATTITUDE 0.008165 -3.076436 0.131882
57.571 3 ATTITUDE 0.008161 -3.076233 0.131888
57.587 3 IMU_GYRO 1 -0.029053 0.025146 -0.043945
57.636 3 DESIRED 0.36 0.11 0.8 60. 60. 2595. 3.5 15.
57.667 3 ESTIMATOR 2575.527832 -0.022149
57.684 3 GPS 0 0 0 0 0 0 0 0 0 0 0
57.685 3 SVINFO 0 0 0 0 0 0 0
57.686 3 ATTITUDE 0.008148 -3.076075 0.131873
57.715 3 CIRCLE 0. 0. -60.
57.747 3 STATE_FILTER_STATUS 6 3 0
57.764 3 WP_MOVED 2 649046.125 5253124. 2595. 32
57.779 3 ATTITUDE 0.008144 -3.075894 0.131846
57.780 3 IMU_ACCEL 1 1.250977 -0.078125 -9.351562
57.844 3 DESIRED 0.36 0.11 0.8 60. 60. 2595. 3.5 15.
57.876 3 SHT_STATUS 0 0 0.1 -39.66
57.876 3 ATTITUDE 0.008147 -3.075675 0.131857
57.924 3 GPS 0 0 0 0 0 0 0 0 0 0 0
57.926 3 SVINFO 0 0 0 0 0 0 0
57.969 3 LINK_REPORT 3 -1 58 0 54133 2265 4 1002. 42. 15 47.28
57.971 3 ATTITUDE 0.008165 -3.075471 0.131889
58.019 3 AIRSPEED 0. 0. 0. 0.
58.035 3 DESIRED 0.36 0.11 0.8 60. 60. 2595. 3.5 15.
58.067 3 PPRZ_MODE 2 3 3 2 0 4
58.083 3 ATTITUDE 0.008149 -3.075243 0.131903
58.189 3 DL_VALUE 40 0.
58.190 3 ESTIMATOR 2575.529785 -0.020957
58.191 3 GPS 0 0 0 0 0 0 0 0 0 0 0
58.192 3 SVINFO 0 0 0 0 0 0 0
58.206 3 ATTITUDE 0.008131 -3.075074 0.131901
58.207 3 ENERGY 0 11.33092 0. 0. 0. 0. 0.
58.208 3 IMU_GYRO 1 -0.028564 0.025146 -0.043457
58.238 3 DESIRED 0.36 0.11 0.8 60. 60. 2595. 3.5 15.
58.270 3 WP_MOVED 0 649123. 5253077. 2595. 32
58.285 3 ATTITUDE 0.00812 -3.074858 0.131887
58.318 3 NAVIGATION 9 0 0. 0. 0. 0. 0 61 61 1 0 0
58.319 3 ACTUATORS 1040,1364,1393
58.333 3 CALIBRATION -150. 0
58.365 3 SHT_STATUS 0 0 0.1 -39.66
58.381 3 ATTITUDE 0.008108 -3.074657 0.131916
58.431 3 LOGGER_STATUS 1 0 221184 PPRZ\pprzlog_0122.LOG,FLIGHT_RECORDER\fr_0125.LOG
58.431 3 FBW_STATUS 2 0 1 11.337105 0.
58.456 3 GPS 0 0 0 0 0 0 0 0 0 0 0
58.457 3 SVINFO 0 0 0 0 0 0 0
58.458 3 IMU_MAG 0 0. 0. 0.
58.458 3 DESIRED 0.36 0.11 0.8 60. 60. 2595. 3.5 15.
58.471 3 ATTITUDE 0.008105 -3.07444 0.131925
58.568 3 ATTITUDE 0.008104 -3.074242 0.131972
58.586 3 IMU_ACCEL 1 1.262695 -0.078125 -9.401367
58.632 3 DESIRED 0.36 0.11 0.8 60. 60. 2595. 3.5 15.
58.690 3 ESTIMATOR 2575.614502 0.027515
58.691 3 GPS 0 0 0 0 0 0 0 0 0 0 0
58.692 3 SVINFO 0 0 0 0 0 0 0
58.693 3 ATTITUDE 0.008127 -3.074028 0.131975
58.770 3 CIRCLE 0. 0. -60.
58.770 3 WP_MOVED 1 649123. 5253077. 2595. 32
58.786 3 ATTITUDE 0.008085 -3.073834 0.13199
58.801 3 IMU_GYRO 1 -0.028564 0.025146 -0.043457
58.834 3 DESIRED 0.36 0.11 0.8 60. 60. 2595. 3.5 15.
58.866 3 SHT_STATUS 0 0 0.1 -39.66
58.881 3 ATTITUDE 0.008097 -3.073646 0.131981
58.913 3 GPS 0 0 0 0 0 0 0 0 0 0 0
58.929 3 SVINFO 0 0 0 0 0 0 0
58.969 3 LINK_REPORT 3 -1 59 0 55187 2308 4 1054. 43. 15 47.28
58.977 3 ATTITUDE 0.008115 -3.073462 0.131973
59.010 3 GPS_SOL 0 0 0 0
59.026 3 AIRSPEED 0. 0. 0. 0.
59.042 3 DESIRED 0.36 0.11 0.8 60. 60. 2595. 3.5 15.
