6.547 3 GPS 3 64649098 548988449 0 308013 2 -14 2372 466525250 32 0
6.563 3 DESIRED 0.8 0.15 3.1 -61. 59. 2595. 5. 15.
6.595 3 ATTITUDE 0.016862 -3.139328 0.137807
6.611 3 CIRCLE 0. 0. -60.
6.659 3 PPRZ_MODE 2 3 3 2 0 4
6.675 3 STATE_FILTER_STATUS 6 3 0
6.691 3 ATTITUDE 0.016939 -3.139289 0.137807
6.771 3 DESIRED 0.8 0.15 3.1 -61. 59. 2595. 5. 15.
6.772 3 IMU_GYRO 1 -0.025879 0.026855 -0.033447
6.815 3 GPS 3 64649097 548988448 0 307956 1 -16 2372 466525500 32 0
6.816 3 SVINFO 11 69 13 7 46 50 69
6.816 3 ATTITUDE 0.016804 -3.139228 0.137055
6.816 3 ESTIMATOR 2559.7229 -13.237855
6.896 3 ATTITUDE 0.016781 -3.139173 0.13708
6.928 3 WP_MOVED 2 649046.125 5253124. 2595. 32
6.976 3 DESIRED 0.8 0.15 3.1 -61. 59. 2595. 5. 15.
6.977 3 IMU_ACCEL 1 1.323242 -0.150391 -9.547852
6.992 3 ATTITUDE 0.016798 -3.139099 0.13713
7.008 3 ENERGY 0 11.39277 0. 0. 0. 0. 0.
7.056 3 GPS 3 64649095 548988446 0 307930 5 -12 2372 466525750 32 0
7.058 3 SVINFO 12 70 13 7 39 30 160
7.088 3 ATTITUDE 0.016909 -3.139077 0.137406
7.095 3 LINK_REPORT 3 -1 7 0 5272 219 5 954. 39. 1 44.8
7.168 3 DESIRED -0.8 0.15 3.1 -61. 59. 2595. 5. 15.
7.184 3 ATTITUDE 0.016968 -3.139063 0.137917
7.216 3 AIRSPEED 0. 0. 0. 0.
7.248 3 AUTOPILOT_VERSION 60400 v6.4.0_stable
7.296 3 GPS 3 64649092 548988445 0 307861 5 -20 2372 466526000 32 0
7.312 3 SVINFO 13 75 13 6 33 19 247
7.313 3 ATTITUDE 0.017112 -3.139105 0.137027
7.313 3 ESTIMATOR 2562.172119 -8.909868
7.386 3 CALIBRATION -150. 0
7.387 3 DESIRED -0.8 0.15 3.1 -61. 59. 2595. 5. 15.
7.387 3 IMU_GYRO 1 -0.025879 0.023682 -0.034424
7.387 3 ATTITUDE 0.017127 -3.13905 0.137037
7.434 3 NAVIGATION_REF 649123 5253077 32 2575.
7.435 3 DL_VALUE 8 0.
7.435 3 WP_MOVED 0 649123. 5253077. 2595. 32
7.482 3 ATTITUDE 0.017132 -3.139027 0.137015
7.531 3 NAVIGATION 9 0 -2632.1 236807. 0. 236821.6 0 13 13 1 0 0
7.552 3 GPS 3 64649091 548988444 0 307815 5 -22 2372 466526250 32 0
7.553 3 SVINFO 14 76 13 7 28 27 309
7.578 3 DESIRED 0.8 0.15 3.1 -61. 59. 2595. 5. 15.
7.594 3 IMU_MAG 0 0. 0. 0.
7.595 3 ATTITUDE 0.017026 -3.138916 0.137468
7.674 3 CIRCLE 0. 0. -60.
7.690 3 ATTITUDE 0.016972 -3.138856 0.138013
7.722 3 FBW_STATUS 2 0 1 11.275255 0.
7.771 3 DESIRED 0.8 0.15 3.1 -61. 59. 2595. 5. 15.
7.772 3 IMU_ACCEL 1 1.306641 -0.176758 -9.490234
7.815 3 GPS 3 64649090 548988441 0 307800 1 -9 2372 466526500 32 0
7.816 3 SVINFO 15 77 4 1 0 8 352
7.816 3 ATTITUDE 0.016924 -3.138798 0.137198
7.817 3 ESTIMATOR 2566.157471 -4.007014
7.895 3 ATTITUDE 0.016928 -3.138799 0.137925
7.927 3 COMMANDS 0,2998,191
7.927 3 WP_MOVED 1 649123. 5253077. 2595. 32
7.975 3 DESIRED 0.36 0.15 3.1 -61. 59. 2595. 5. 15.
7.976 3 IMU_GYRO 1 -0.024902 0.019775 -0.034424
7.991 3 ATTITUDE 0.017051 -3.138774 0.138072
8.055 3 GPS 3 64649090 548988439 0 307825 2 -9 2372 466526750 32 0
8.056 3 SVINFO 16 84 13 6 32 44 79
8.087 3 ATTITUDE 0.017144 -3.138734 0.138119
8.096 3 LINK_REPORT 3 -1 8 0 6222 259 5 950. 40. 1 44.8
8.119 3 ENERGY 0 11.386585 0. 0. 0. 0. 0.
8.167 3 DESIRED -0.52 0.14 3.1 -61. 59. 2595. 4.8 15.
8.183 3 ATTITUDE 0.017157 -3.138696 0.138073
8.215 3 AIRSPEED 0. 0. 0. 0.
8.295 3 GPS 3 64649090 548988438 0 307840 3 -8 2372 466527000 32 0
8.311 3 SVINFO 17 85 13 7 46 66 337
8.312 3 ATTITUDE 0.017149 -3.13862 0.138178
8.327 3 GPS_SOL 418 37 173 12
8.328 3 ESTIMATOR 2568.581543 -1.755914
8.328 3 FBW_STATUS 2 0 1 11.398955 0.
8.375 3 DESIRED 0.8 0.14 3.1 -61. 59. 2595. 4.5 15.
8.391 3 ATTITUDE 0.01713 -3.138578 0.138182
8.423 3 WP_MOVED 2 649046.125 5253124. 2595. 32
8.487 3 ATTITUDE 0.017135 -3.138487 0.137101
8.519 3 NAVIGATION 9 0 -2632.1 236807. 0. 236821.6 0 14 14 1 0 0
8.551 3 GPS 3 64649091 548988437 0 307860 4 -9 2372 466527250 32 0
8.552 3 SVINFO 18 86 13 6 26 15 291
8.598 3 DESIRED -0.8 0.13 3.1 -61. 59. 2595. 4.3 15.
8.600 3 IMU_ACCEL 1 1.310547 -0.145508 -9.571289
8.600 3 IMU_GYRO 1 -0.025391 0.022461 -0.034424
8.600 3 ATTITUDE 0.017194 -3.138458 0.137415
8.678 3 DATALINK_REPORT 3 1 0 930 0 0
8.694 3 ATTITUDE 0.017213 -3.138412 0.138107
8.726 3 CIRCLE 0. 0. -60.
8.775 3 DESIRED -0.8 0.13 3.1 -61. 59. 2595. 4.1 15.
8.816 3 GPS 3 64649091 548988435 0 307910 2 -3 2372 466527500 32 0
8.818 3 SVINFO 19 255 0 3 42 -91 0
8.819 3 ATTITUDE 0.017373 -3.138514 0.136812
8.819 3 ESTIMATOR 2572.082031 0.628148
8.864 3 IMU_MAG 0 0. 0. 0.
8.896 3 STATE_FILTER_STATUS 6 3 0
8.897 3 ATTITUDE 0.01726 -3.138381 0.137947
8.928 3 DL_VALUE 9 1.
8.929 3 WP_MOVED 0 649123. 5253077. 2595. 32
8.961 3 DESIRED -0.22 0.12 3.1 -61. 59. 2595. 4. 15.
8.992 3 ATTITUDE 0.017207 -3.138349 0.138128
9.056 3 GPS 3 64649091 548988432 0 307931 1 -1 2372 466527750 32 0
9.056 3 SVINFO 0 2 13 6 37 53 282
9.088 3 ATTITUDE 0.017243 -3.138284 0.138131
9.097 3 LINK_REPORT 3 -1 9 0 7159 298 5 937. 39. 1 44.8
9.169 3 DESIRED -0.37 0.12 3.1 -61. 59. 2595. 3.8 15.
9.170 3 IMU_GYRO 1 -0.034912 0.06665 -0.033936
9.184 3 ATTITUDE 0.017222 -3.138233 0.137943
9.217 3 ENERGY 0 11.39277 0. 0. 0. 0. 0.
9.233 3 AIRSPEED 0. 0. 0. 0.
9.297 3 GPS 3 64649091 548988430 0 307941 1 -6 2372 466528000 32 0
9.313 3 SVINFO 1 8 13 6 39 76 252
9.313 3 ATTITUDE 0.017149 -3.138155 0.138177
9.314 3 ESTIMATOR 2573.626465 1.343788
9.378 3 DESIRED 0.72 0.11 3.1 -61. 59. 2595. 3.7 15.
9.379 3 IMU_ACCEL 1 1.325195 -0.162109 -9.619141
9.393 3 ATTITUDE 0.017167 -3.138104 0.138188
9.425 3 WP_MOVED 1 649123. 5253077. 2595. 32
9.426 3 COMMANDS 0,6191,-349
9.457 3 CALIBRATION -150. 0
9.489 3 ATTITUDE 0.017141 -3.13799 0.137496
9.521 3 NAVIGATION 9 0 -2632.1 236807. 0. 236821.6 0 15 15 1 0 0
9.555 3 GPS 3 64649091 548988429 0 307964 6 -7 2372 466528250 32 0
9.556 3 SVINFO 2 10 13 6 41 58 63
9.569 3 DESIRED -0.8 0.11 3.1 -61. 59. 2595. 3.6 15.
9.585 3 ATTITUDE 0.017249 -3.137959 0.137797
9.697 3 ATTITUDE 0.0172 -3.137902 0.13819
9.713 3 FBW_STATUS 2 0 1 11.361845 0.
9.788 3 DESIRED -0.8 0.11 3.1 -61. 59. 2595. 3.5 15.
9.789 3 IMU_GYRO 1 -0.026367 0.02832 -0.035645
9.790 3 CIRCLE 0. 0. -60.
9.804 3 GPS 3 64649090 548988428 0 308010 6 -6 2372 466528500 32 0
9.806 3 ATTITUDE 0.017294 -3.138057 0.136602
9.820 3 ESTIMATOR 2575.347412 1.809451
9.884 3 ATTITUDE 0.01731 -3.138016 0.136662
9.916 3 WP_MOVED 2 649046.125 5253124. 2595. 32
9.964 3 DESIRED -0.8 0.11 3.1 -61. 59. 2595. 3.5 15.
9.980 3 ATTITUDE 0.01732 -3.137942 0.13665
10.044 3 GPS 3 64649090 548988427 0 308059 0 -5 2372 466528750 32 0
10.092 3 ATTITUDE 0.017259 -3.137787 0.137178
10.097 3 LINK_REPORT 3 -1 10 0 8029 333 5 870. 35. 1 44.8
10.173 3 DESIRED 0.8 0.1 3.1 -61. 59. 2595. 3.4 15.
10.188 3 IMU_ACCEL 1 1.354492 -0.183594 -9.749023
10.189 3 IMU_MAG 0 0. 0. 0.
10.189 3 ATTITUDE 0.017212 -3.137649 0.138101
10.204 3 LOGGER_STATUS 0 0 0 none
10.220 3 AIRSPEED 0. 0. 0. 0.
10.301 3 GPS 3 64649089 548988425 0 308078 6 8 2372 466529000 32 0
10.302 3 ATTITUDE 0.017091 -3.137504 0.136776
10.317 3 ENERGY 0 11.398955 0. 0. 0. 0. 0.
10.332 3 GPS_SOL 381 34 173 12
10.333 3 ESTIMATOR 2576.206055 1.885106
10.334 3 FBW_STATUS 2 0 1 11.398955 0.
10.365 3 DESIRED -0.15 0.1 3.1 -61. 59. 2595. 3.3 15.
10.380 3 IMU_GYRO 1 -0.023926 0.090088 -0.037598
10.396 3 ATTITUDE 0.017139 -3.137493 0.138082
10.428 3 DL_VALUE 10 2595.
10.429 3 WP_MOVED 0 649123. 5253077. 2595. 32
10.429 3 ACTUATORS 1040,1538,1578
10.492 3 ATTITUDE 0.017248 -3.137378 0.138191
10.525 3 NAVIGATION 9 0 -2632.1 236807. 0. 236821.6 0 16 16 1 0 0
10.556 3 GPS 3 64649089 548988422 0 308107 5 -2 2372 466529250 32 0
10.556 3 SVINFO 6 27 13 6 41 55 151
10.572 3 DESIRED -0.52 0.1 3.1 -61. 59. 2595. 3.3 15.
10.588 3 ATTITUDE 0.01729 -3.137309 0.138227
10.636 3 PONG 
10.685 3 ATTITUDE 0.017238 -3.137228 0.138217
10.765 3 DESIRED -0.52 0.1 3.1 -61. 59. 2595. 3.3 15.
10.797 3 GPS 3 64649089 548988421 0 308130 4 3 2372 466529500 32 0
10.798 3 ATTITUDE 0.017243 -3.137168 0.138291
10.829 3 CIRCLE 0. 0. -60.
10.829 3 ESTIMATOR 2576.814209 1.596209
10.893 3 ATTITUDE 0.017247 -3.137105 0.138265
10.925 3 WP_MOVED 1 649123. 5253077. 2595. 32
10.973 3 DESIRED 0.27 0.1 3.1 -61. 59. 2595. 3.3 15.
10.989 3 IMU_ACCEL 1 1.341797 -0.140625 -9.55957
10.989 3 IMU_GYRO 1 -0.0271 0.026855 -0.034424
10.990 3 ATTITUDE 0.017273 -3.137047 0.138259
11.057 3 GPS 3 64649090 548988420 0 308116 2 2 2372 466529750 32 0
11.069 3 STATE_FILTER_STATUS 6 3 0
11.098 3 LINK_REPORT 3 -1 11 0 8963 372 5 934. 39. 2 44.54
11.101 3 ATTITUDE 0.017336 -3.136997 0.138282
11.165 3 DESIRED -0.22 0.1 3.1 -61. 59. 2595. 3.3 15.
11.197 3 ATTITUDE 0.017323 -3.136907 0.138247
11.213 3 AIRSPEED 0. 0. 0. 0.
11.245 3 ALIVE 194,180,238,136,145,72,163,29,228,77,66,246,144,19,49,175
11.324 3 GPS 3 64649090 548988419 0 308145 6 7 2372 466530000 32 0
11.326 3 SVINFO 9 123 20 3 39 32 164
11.326 3 ATTITUDE 0.017358 -3.136829 0.138242
11.327 3 ESTIMATOR 2576.866455 1.266882
11.372 3 DESIRED -0.58 0.1 3.1 -61. 59. 2595. 3.3 15.
11.388 3 ATTITUDE 0.017368 -3.136761 0.138199
11.420 3 ENERGY 0 11.398955 0. 0. 0. 0. 0.
11.436 3 WP_MOVED 2 649046.125 5253124. 2595. 32
11.468 3 IMU_MAG 0 0. 0. 0.
11.484 3 ATTITUDE 0.017378 -3.13673 0.138076
11.533 3 NAVIGATION 9 0 -2632.1 236807. 0. 236821.6 0 17 17 1 0 0
11.548 3 GPS 3 64649090 548988418 0 308182 3 10 2372 466530250 32 0
11.564 3 PPRZ_MODE 2 3 3 2 0 4
11.593 3 CALIBRATION -150. 0
11.593 3 DESIRED 0.51 0.1 3.1 -61. 59. 2595. 3.3 15.
11.594 3 IMU_GYRO 1 -0.026367 0.02417 -0.033936
11.594 3 ATTITUDE 0.017319 -3.136648 0.138213
11.689 3 ATTITUDE 0.017363 -3.136605 0.138302
11.721 3 FBW_STATUS 2 0 1 11.398955 0.
11.770 3 DESIRED 0.36 0.1 3.1 -61. 59. 2595. 3.3 15.
11.770 3 IMU_ACCEL 1 1.333008 -0.140625 -9.518555
11.802 3 GPS 3 64649090 548988417 0 308236 3 5 2372 466530500 32 0
11.803 3 SVINFO 11 136 20 1 0 33 188
11.817 3 ATTITUDE 0.017379 -3.136555 0.138236
11.818 3 ESTIMATOR 2576.698242 0.773371
11.865 3 CIRCLE 0. 0. -60.
11.897 3 ATTITUDE 0.017142 -3.136422 0.136773
11.913 3 DL_VALUE 11 0.
11.929 3 WP_MOVED 0 649123. 5253077. 2595. 32
11.962 3 DESIRED 0.8 0.1 3.1 -61. 59. 2595. 3.3 15.
11.993 3 ATTITUDE 0.017257 -3.136355 0.136652
12.042 3 GPS 3 64649091 548988416 0 308253 7 13 2372 466530750 32 0
12.057 3 SVINFO 12 68 4 4 21 16 23
12.089 3 ATTITUDE 0.017389 -3.136301 0.13684
12.099 3 LINK_REPORT 3 -1 12 0 9906 411 5 943. 39. 2 44.54
12.170 3 DESIRED 0.27 0.1 3.1 -61. 59. 2595. 3.3 15.
12.171 3 IMU_GYRO 1 -0.018555 0.034668 -0.034912
12.185 3 ATTITUDE 0.017405 -3.13626 0.138051
12.217 3 AIRSPEED 0. 0. 0. 0.
12.298 3 GPS 3 64649091 548988415 0 308261 2 -1 2372 466531000 32 0
12.299 3 SVINFO 13 69 13 7 47 50 69
12.314 3 ATTITUDE 0.01747 -3.13622 0.138089
12.330 3 GPS_SOL 352 24 173 12
12.330 3 ESTIMATOR 2576.654785 0.57143
12.331 3 FBW_STATUS 2 0 1 11.398955 0.
12.362 3 DESIRED -0.73 0.1 3.1 -61. 59. 2595. 3.3 15.
12.394 3 ATTITUDE 0.017437 -3.136162 0.138052
12.426 3 WP_MOVED 1 649123. 5253077. 2595. 32
12.490 3 ATTITUDE 0.017578 -3.136209 0.137039
12.522 3 ENERGY 0 11.398955 0. 0. 0. 0. 0.
12.538 3 NAVIGATION 9 0 -2632.1 236807. 0. 236821.6 0 18 18 1 0 0
12.560 3 GPS 3 64649090 548988414 0 308294 4 -3 2372 466531250 32 0
12.561 3 SVINFO 14 70 13 7 38 30 160
12.570 3 DESIRED -0.73 0.1 3.1 -61. 59. 2595. 3.3 15.
12.571 3 IMU_ACCEL 1 1.318359 -0.150391 -9.571289
12.586 3 ATTITUDE 0.017569 -3.136149 0.13705
12.682 3 ATTITUDE 0.017468 -3.136018 0.137793
12.789 3 DESIRED -0.62 0.1 3.1 -61. 59. 2595. 3.3 15.
12.790 3 IMU_GYRO 1 -0.026367 0.023682 -0.034424
12.791 3 IMU_MAG 0 0. 0. 0.
12.816 3 GPS 3 64649089 548988412 0 308332 6 1 2372 466531500 32 0
12.818 3 SVINFO 15 75 13 7 32 19 247
12.818 3 ATTITUDE 0.017447 -3.135965 0.137832
12.819 3 ESTIMATOR 2576.634521 0.374762
12.896 3 ATTITUDE 0.017368 -3.135863 0.138043
12.928 3 COMMANDS 0,-2941,-519
12.929 3 CIRCLE 0. 0. -60.
12.930 3 WP_MOVED 2 649046.125 5253124. 2595. 32
12.976 3 DESIRED -0.32 0.1 3.1 -61. 59. 2595. 3.3 15.
12.992 3 ATTITUDE 0.017324 -3.135812 0.138065
13.058 3 GPS 3 64649089 548988412 0 308342 8 -6 2372 466531750 32 0
13.058 3 SVINFO 16 76 13 7 30 27 309
13.088 3 ATTITUDE 0.017269 -3.135723 0.138063
13.100 3 LINK_REPORT 3 -1 13 0 10835 449 5 929. 38. 2 44.54
13.168 3 DESIRED 0.8 0.1 3.1 -61. 59. 2595. 3.3 15.
13.184 3 ATTITUDE 0.017128 -3.135639 0.136739
13.216 3 AIRSPEED 0. 0. 0. 0.
13.280 3 STATE_FILTER_STATUS 6 3 0
13.296 3 GPS 3 64649089 548988411 0 308367 4 -2 2372 466532000 32 0
13.312 3 SVINFO 17 77 4 1 0 8 352
13.313 3 ATTITUDE 0.017209 -3.135554 0.136639
13.314 3 ESTIMATOR 2576.607178 0.281469
13.389 3 DESIRED -0.37 0.1 3.1 -61. 59. 2595. 3.3 15.
13.389 3 IMU_ACCEL 1 1.555664 -0.097656 -9.389648
13.390 3 IMU_GYRO 1 -0.023193 0.08374 -0.037598
13.390 3 ATTITUDE 0.017345 -3.135548 0.137912
13.420 3 DL_VALUE 12 0.
13.421 3 WP_MOVED 0 649123. 5253077. 2595. 32
13.484 3 ATTITUDE 0.017391 -3.135492 0.13806
13.533 3 NAVIGATION 9 0 -2632.1 236807. 0. 236821.6 0 19 19 1 0 0
13.549 3 GPS 3 64649088 548988411 0 308369 5 -6 2372 466532250 32 0
13.550 3 SVINFO 18 84 13 7 33 44 80
13.571 3 DESIRED -0.73 0.1 3.1 -61. 59. 2595. 3.3 15.
13.596 3 ATTITUDE 0.017466 -3.135418 0.138023
13.612 3 ENERGY 0 11.39277 0. 0. 0. 0. 0.
13.660 3 CALIBRATION -150. 0
13.692 3 ATTITUDE 0.01759 -3.135425 0.136955
13.725 3 FBW_STATUS 2 0 1 11.386585 0.
13.773 3 DESIRED -0.73 0.1 3.1 -61. 59. 2595. 3.3 15.
13.789 3 DATALINK_REPORT 3 2 0 921 0 0
13.820 3 GPS 3 64649087 548988410 0 308405 8 -4 2372 466532500 32 0
13.821 3 SVINFO 19 85 13 7 47 66 337
13.822 3 ATTITUDE 0.017581 -3.135347 0.136934
13.822 3 ESTIMATOR 2576.595459 0.195174
13.884 3 ATTITUDE 0.017592 -3.135335 0.136327
13.916 3 WP_MOVED 1 649123. 5253077. 2595. 32
13.990 3 DESIRED -0.8 0.1 3.1 -61. 59. 2595. 3.3 15.
13.991 3 IMU_GYRO 1 -0.026367 0.022461 -0.034424
13.992 3 CIRCLE 0. 0. -60.
13.992 3 ATTITUDE 0.017567 -3.135305 0.136216
14.059 3 GPS 3 64649086 548988410 0 308422 3 -4 2372 466532750 32 0
14.060 3 SVINFO 20 86 13 4 24 16 291
14.069 3 IMU_MAG 0 0. 0. 0.
14.085 3 ATTITUDE 0.017556 -3.13523 0.136359
14.100 3 LINK_REPORT 3 -1 14 0 11787 489 5 952. 40. 2 44.54
14.166 3 DESIRED -0.58 0.1 3.1 -61. 59. 2595. 3.3 15.
14.182 3 IMU_ACCEL 1 1.334961 -0.138672 -9.482422
14.183 3 ATTITUDE 0.017451 -3.135023 0.137683
14.214 3 AIRSPEED 0. 0. 0. 0.
14.310 3 GPS 3 64649085 548988410 0 308447 2 11 2372 466533000 32 0
14.312 3 SVINFO 21 255 0 7 42 -91 0
14.312 3 ATTITUDE 0.017439 -3.134936 0.137657
14.326 3 GPS_SOL 332 33 173 12
14.327 3 ESTIMATOR 2576.61499 0.162808
14.327 3 FBW_STATUS 2 0 1 11.398955 0.
14.374 3 DESIRED 0.51 0.1 3.1 -61. 59. 2595. 3.3 15.
14.390 3 ATTITUDE 0.017403 -3.134841 0.137753
14.422 3 WP_MOVED 2 649046.125 5253124. 2595. 32
14.423 3 COMMANDS 0,4304,-512
14.486 3 ATTITUDE 0.017434 -3.134785 0.13768
14.518 3 NAVIGATION 9 0 -2632.2 236807. 0. 236821.6 0 20 20 1 0 0
14.550 3 GPS 3 64649085 548988410 0 308453 1 8 2372 466533250 32 0
14.551 3 SVINFO 0 1 4 1 0 23 267
14.566 3 DESIRED -0.01 0.1 3.1 -61. 59. 2595. 3.3 15.
14.582 3 IMU_GYRO 1 -0.026367 0.02417 -0.033936
14.583 3 ATTITUDE 0.017519 -3.134724 0.137677
14.694 3 ATTITUDE 0.017425 -3.134625 0.137737
14.710 3 ENERGY 0 11.39277 0. 0. 0. 0. 0.
14.774 3 DESIRED -0.01 0.1 3.1 -61. 59. 2595. 3.3 15.
14.816 3 GPS 3 64649085 548988410 0 308477 1 6 2372 466533500 32 0
14.818 3 SVINFO 1 2 13 6 37 53 282
14.818 3 ATTITUDE 0.017447 -3.134522 0.1377
14.818 3 ESTIMATOR 2576.463623 0.032714
14.896 3 ATTITUDE 0.017521 -3.134442 0.13768
14.928 3 DL_VALUE 13 0.
14.929 3 WP_MOVED 0 649123. 5253077. 2595. 32
14.977 3 DESIRED -0.37 0.1 3.1 -61. 59. 2595. 3.3 15.
14.978 3 IMU_ACCEL 1 1.334961 -0.085938 -9.427734
14.992 3 ATTITUDE 0.017453 -3.13438 0.137568
15.024 3 CIRCLE 0. 0. -60.
15.060 3 GPS 3 64649083 548988410 0 308474 6 11 2372 466533750 32 0
15.061 3 SVINFO 2 8 13 6 38 76 252
15.088 3 ATTITUDE 0.01746 -3.134302 0.1376
15.101 3 LINK_REPORT 3 -1 15 0 12708 527 5 921. 38. 2 44.54
15.169 3 DESIRED -0.42 0.1 3.1 -61. 59. 2595. 3.3 15.
15.170 3 IMU_GYRO 1 -0.028076 0.02417 -0.034424
15.185 3 ATTITUDE 0.017479 -3.134235 0.137577
15.216 3 AIRSPEED 0. 0. 0. 0.
15.328 3 GPS 3 64649082 548988410 0 308462 3 11 2372 466534000 32 0
15.330 3 SVINFO 3 10 13 6 41 58 63
15.331 3 ATTITUDE 0.017454 -3.134159 0.137607
15.331 3 LOGGER_STATUS 0 0 0 none
15.331 3 ESTIMATOR 2576.500488 0.049875
15.376 3 DESIRED -0.01 0.1 3.1 -61. 59. 2595. 3.3 15.
15.392 3 IMU_MAG 0 0. 0. 0.
15.408 3 ATTITUDE 0.017468 -3.134064 0.137587
15.424 3 WP_MOVED 1 649123. 5253077. 2595. 32
15.424 3 ACTUATORS 1040,1489,1527
15.472 3 STATE_FILTER_STATUS 6 3 0
15.488 3 ATTITUDE 0.017494 -3.133987 0.13756
15.520 3 NAVIGATION 9 0 -2632.2 236807. 0. 236821.6 0 21 21 1 0 0
15.552 3 GPS 3 64649080 548988409 0 308436 7 11 2372 466534250 32 0
15.553 3 SVINFO 4 14 4 1 0 8 329
15.568 3 DESIRED -0.15 0.1 3.1 -61. 59. 2595. 3.3 15.
15.584 3 ATTITUDE 0.01752 -3.133916 0.137549
15.632 3 PONG 
15.696 3 ATTITUDE 0.017513 -3.133825 0.137506
15.712 3 FBW_STATUS 2 0 1 11.39277 0.
15.787 3 CALIBRATION -150. 0
15.787 3 DESIRED -0.15 0.1 3.1 -61. 59. 2595. 3.3 15.
15.788 3 IMU_ACCEL 1 1.318359 -0.150391 -9.574219
15.816 3 IMU_GYRO 1 -0.025879 0.022461 -0.034424
15.817 3 GPS 3 64649078 548988409 0 308374 6 11 2372 466534500 32 0
15.818 3 SVINFO 5 16 12 4 21 8 188
15.819 3 ATTITUDE 0.017492 -3.133734 0.137492
15.819 3 ENERGY 0 11.398955 0. 0. 0. 0. 0.
15.832 3 ESTIMATOR 2576.662842 0.122635
15.896 3 ATTITUDE 0.017502 -3.133657 0.137503
15.928 3 WP_MOVED 2 649046.125 5253124. 2595. 32
15.960 3 DESIRED -0.08 0.1 3.1 -61. 59. 2595. 3.3 15.
15.992 3 ATTITUDE 0.017567 -3.133595 0.1375
16.062 3 GPS 3 64649078 548988408 0 308385 8 11 2372 466534750 32 0
16.063 3 SVINFO 6 23 4 1 0 16 47
16.071 3 CIRCLE 0. 0. -60.
16.088 3 ATTITUDE 0.017574 -3.133523 0.13749
16.102 3 LINK_REPORT 3 -1 16 0 13670 568 5 962. 41. 3 38.71
16.168 3 DESIRED 0.05 0.1 3.1 -61. 59. 2595. 3.3 15.
16.184 3 ATTITUDE 0.017604 -3.133437 0.13749
16.216 3 AIRSPEED 0. 0. 0. 0.
16.296 3 GPS 3 64649078 548988407 0 308414 1 4 2372 466535000 32 0
16.312 3 SVINFO 7 27 13 6 40 55 152
16.313 3 ATTITUDE 0.017641 -3.133364 0.137473
16.329 3 ALIVE 194,180,238,136,145,72,163,29,228,77,66,246,144,19,49,175
16.329 3 GPS_SOL 317 34 173 12
16.344 3 ESTIMATOR 2576.695068 0.111174
16.345 3 FBW_STATUS 2 0 1 11.398955 0.
16.376 3 DESIRED -0.01 0.1 3.1 -61. 59. 2595. 3.3 15.
16.377 3 IMU_GYRO 1 -0.0271 0.021973 -0.033936
16.392 3 ATTITUDE 0.017673 -3.133286 0.137442
16.424 3 NAVIGATION_REF 649123 5253077 32 2575.
16.425 3 DL_VALUE 14 70.
16.440 3 WP_MOVED 0 649123. 5253077. 2595. 32
16.456 3 PPRZ_MODE 2 3 3 2 0 4
16.488 3 ATTITUDE 0.017645 -3.133213 0.137448
16.520 3 NAVIGATION 9 0 -2632.2 236807. 0. 236821.6 0 22 22 1 0 0
16.565 3 GPS 3 64649078 548988407 0 308405 0 -2 2372 466535250 32 0
16.566 3 SVINFO 8 32 13 6 40 28 119
16.568 3 DESIRED 0.8 0.1 3.1 -61. 59. 2595. 3.3 15.
16.569 3 IMU_ACCEL 1 1.328125 -0.160156 -9.547852
16.584 3 ATTITUDE 0.017581 -3.13311 0.13751
16.665 3 IMU_MAG 0 0. 0. 0.
16.696 3 ATTITUDE 0.017563 -3.13297 0.13609
16.760 3 DESIRED 0.8 0.1 3.1 -61. 59. 2595. 3.3 15.
16.824 3 GPS 3 64649077 548988406 0 308388 7 2 2372 466535500 32 0
16.825 3 SVINFO 9 120 20 1 0 28 213
16.826 3 ATTITUDE 0.017538 -3.132867 0.136083
16.826 3 ESTIMATOR 2576.787842 0.131708
16.888 3 ATTITUDE 0.017669 -3.13283 0.137512
16.920 3 ENERGY 0 11.39277 0. 0. 0. 0. 0.
16.936 3 WP_MOVED 1 649123. 5253077. 2595. 32
16.968 3 DESIRED -0.8 0.1 3.1 -61. 59. 2595. 3.3 15.
16.969 3 IMU_GYRO 1 -0.02124 -0.034424 -0.037598
16.984 3 ATTITUDE 0.017801 -3.132946 0.135764
17.048 3 GPS 3 64649077 548988408 0 308370 2 -12 2372 466535750 32 0
17.049 3 SVINFO 10 123 20 7 37 32 164
17.095 3 ATTITUDE 0.017783 -3.132759 0.136718
17.103 3 LINK_REPORT 3 -1 17 0 14637 608 5 967. 40. 3 38.71
17.112 3 CIRCLE 0. 0. -60.
17.160 3 DESIRED 0.72 0.1 3.1 -61. 59. 2595. 3.3 15.
17.192 3 ATTITUDE 0.017779 -3.132585 0.137525
17.224 3 AIRSPEED 0. 0. 0. 0.
17.304 3 GPS 3 64649078 548988408 0 308326 5 -7 2372 466536000 32 0
17.306 3 ATTITUDE 0.017711 -3.132502 0.136769
17.320 3 ESTIMATOR 2576.834961 0.130512
17.368 3 DESIRED 0.8 0.1 3.1 -61. 59. 2595. 3.3 15.
17.369 3 IMU_ACCEL 1 1.296875 -0.186523 -9.538086
17.384 3 ATTITUDE 0.017702 -3.132358 0.136242
17.416 3 WP_MOVED 2 649046.125 5253124. 2595. 32
17.496 3 ATTITUDE 0.017702 -3.132248 0.136279
17.528 3 NAVIGATION 9 0 -2632.2 236807. 0. 236821.6 0 23 23 1 0 0
17.544 3 GPS 3 64649077 548988409 0 308281 6 -1 2372 466536250 32 0
17.546 3 SVINFO 12 68 4 4 18 16 23
17.576 3 DESIRED -0.01 0.1 3.1 -61. 59. 2595. 3.3 15.
17.577 3 IMU_GYRO 1 -0.025879 0.023682 -0.033447
17.591 3 ATTITUDE 0.017879 -3.132177 0.136676
17.672 3 STATE_FILTER_STATUS 6 3 0
17.688 3 ATTITUDE 0.017921 -3.132088 0.137658
17.720 3 FBW_STATUS 2 0 1 11.39277 0.
17.768 3 DESIRED -0.08 0.1 3.1 -61. 59. 2595. 3.3 15.
17.815 3 GPS 3 64649076 548988409 0 308255 6 -13 2372 466536500 32 0
17.817 3 SVINFO 13 69 13 7 46 50 69
17.818 3 ATTITUDE 0.017926 -3.13202 0.137707
17.818 3 ESTIMATOR 2576.594238 -0.025495
17.863 3 CALIBRATION -150. 0
17.895 3 ATTITUDE 0.018069 -3.132029 0.136892
17.927 3 COMMANDS 0,-7200,-485
17.928 3 DL_VALUE 15 0.
17.928 3 WP_MOVED 0 649123. 5253077. 2595. 32
17.976 3 DESIRED -0.8 0.1 3.1 -61. 59. 2595. 3.3 15.
17.977 3 IMU_MAG 0 0. 0. 0.
17.991 3 ATTITUDE 0.018151 -3.13205 0.135929
18.023 3 ENERGY 0 11.39277 0. 0. 0. 0. 0.
18.055 3 GPS 3 64649075 548988409 0 308260 10 -16 2372 466536750 32 0
18.057 3 SVINFO 14 70 13 7 39 30 160
18.087 3 ATTITUDE 0.018141 -3.131999 0.135895
18.103 3 LINK_REPORT 3 -1 18 0 15548 646 5 911. 38. 3 38.71
18.199 3 DESIRED -0.8 0.1 3.1 -61. 59. 2595. 3.3 15.
18.200 3 IMU_ACCEL 1 1.308594 -0.165039 -9.547852
18.200 3 IMU_GYRO 1 -0.025879 0.024658 -0.034424
18.201 3 CIRCLE 0. 0. -60.
18.201 3 ATTITUDE 0.018202 -3.131917 0.135869
18.214 3 AIRSPEED 0. 0. 0. 0.
18.311 3 GPS 3 64649074 548988409 0 308219 3 -11 2372 466537000 32 0
18.312 3 SVINFO 15 75 13 7 28 19 247
18.313 3 ATTITUDE 0.018162 -3.131862 0.135896
18.327 3 GPS_SOL 307 34 173 12
18.327 3 ESTIMATOR 2576.504883 -0.072329
18.328 3 FBW_STATUS 2 0 1 11.398955 0.
18.343 3 AUTOPILOT_VERSION 60400 v6.4.0_stable
18.375 3 DESIRED 0.8 0.1 3.1 -61. 59. 2595. 3.3 15.
18.390 3 ATTITUDE 0.018067 -3.131653 0.137207
18.423 3 WP_MOVED 1 649123. 5253077. 2595. 32
18.486 3 ATTITUDE 0.017869 -3.131519 0.136062
18.519 3 NAVIGATION 9 0 -2632.2 236807. 0. 236821.6 0 24 24 1 0 0
18.551 3 GPS 3 64649074 548988410 0 308175 6 -2 2372 466537250 32 0
18.552 3 SVINFO 16 76 13 7 28 27 309
18.572 3 DESIRED 0.8 0.1 3.1 -61. 59. 2595. 3.3 15.
18.582 3 ATTITUDE 0.01801 -3.131377 0.136124
18.695 3 ATTITUDE 0.018002 -3.131307 0.136133
18.775 3 DESIRED 0.8 0.1 3.1 -61. 59. 2595. 3.4 15.
18.776 3 IMU_GYRO 1 -0.026367 0.022949 -0.033447
18.807 3 GPS 3 64649074 548988411 0 308144 3 -1 2372 466537500 32 0
18.808 3 ATTITUDE 0.018035 -3.131195 0.136145
18.823 3 ESTIMATOR 2576.365234 -0.121937
18.855 3 DATALINK_REPORT 3 3 0 942 0 0
18.887 3 ATTITUDE 0.018062 -3.13109 0.136174
18.919 3 WP_MOVED 2 649046.125 5253124. 2595. 32
18.967 3 DESIRED 0.8 0.1 3.1 -61. 59. 2595. 3.3 15.
18.983 3 IMU_ACCEL 1 1.336914 -0.152344 -9.576172
18.983 3 ATTITUDE 0.018058 -3.13098 0.136178
19.047 3 GPS 3 64649074 548988411 0 308128 2 0 2372 466537750 32 0
19.094 3 ATTITUDE 0.018115 -3.130931 0.136243
19.103 3 LINK_REPORT 3 -1 19 0 16442 682 5 894. 36. 3 38.71
19.111 3 ENERGY 0 11.3804 0. 0. 0. 0. 0.
19.159 3 DESIRED -0.15 0.1 3.1 -61. 59. 2595. 3.3 15.
19.191 3 ATTITUDE 0.018428 -3.130863 0.138105
19.223 3 CIRCLE 0. 0. -60.
19.224 3 AIRSPEED 0. 0. 0. 0.
19.271 3 IMU_MAG 0 0. 0. 0.
19.303 3 GPS 3 64649074 548988411 0 308127 5 -4 2372 466538000 32 0
19.305 3 ATTITUDE 0.018478 -3.130788 0.138276
19.319 3 ESTIMATOR 2576.520996 -0.007074
19.367 3 DESIRED 0.8 0.1 3.1 -61. 59. 2595. 3.3 15.
19.383 3 IMU_GYRO 1 -0.016357 0.020996 -0.034424
19.384 3 ATTITUDE 0.018408 -3.130711 0.138286
19.431 3 DL_VALUE 16 70.
19.431 3 WP_MOVED 0 649123. 5253077. 2595. 32
19.432 3 COMMANDS 0,6877,-506
19.495 3 ATTITUDE 0.018282 -3.130586 0.136807
19.527 3 NAVIGATION 9 0 -2632.2 236807. 0. 236821.6 0 25 25 1 0 0
19.543 3 GPS 3 64649075 548988412 0 308126 0 1 2372 466538250 32 0
19.559 3 SVINFO 20 86 13 6 27 16 291
19.560 3 DESIRED 0.8 0.1 3.1 -61. 59. 2595. 3.3 15.
19.591 3 ATTITUDE 0.018218 -3.130487 0.136836
19.687 3 ATTITUDE 0.018223 -3.130393 0.136816
19.719 3 FBW_STATUS 2 0 1 11.39277 0.
19.768 3 DESIRED 0.8 0.1 3.1 -61. 59. 2595. 3.3 15.
19.769 3 IMU_ACCEL 1 1.293945 -0.165039 -9.561523
19.800 3 GPS 3 64649072 548988412 0 308051 8 2 2372 466538500 32 0
19.801 3 ATTITUDE 0.018222 -3.130304 0.136815
19.815 3 ESTIMATOR 2576.588379 0.032739
19.879 3 STATE_FILTER_STATUS 6 3 0
19.895 3 ATTITUDE 0.018283 -3.130267 0.138019
19.928 3 WP_MOVED 1 649123. 5253077. 2595. 32
19.986 3 CALIBRATION -150. 0
19.987 3 DESIRED -0.12 0.1 3.1 -61. 59. 2595. 3.3 15.
19.988 3 IMU_GYRO 1 -0.021729 0.026855 -0.034424
19.988 3 ATTITUDE 0.018405 -3.130185 0.138447
20.051 3 GPS 3 64649074 548988410 0 308139 1 -4 2372 466538750 32 0
20.082 3 ATTITUDE 0.01844 -3.130064 0.138431
20.104 3 LINK_REPORT 3 -1 20 0 17342 719 5 900. 37. 3 38.71
20.163 3 DESIRED 0.36 0.1 3.1 -61. 59. 2595. 3.4 15.
20.195 3 ATTITUDE 0.018476 -3.129957 0.138335
20.211 3 ENERGY 0 11.398955 0. 0. 0. 0. 0.
20.227 3 AIRSPEED 0. 0. 0. 0.
20.275 3 CIRCLE 0. 0. -60.
20.307 3 GPS 3 64649073 548988410 0 308120 6 -1 2372 466539000 32 0
20.308 3 SVINFO 1 2 13 7 34 53 282
20.309 3 ATTITUDE 0.018458 -3.12988 0.138391
20.323 3 GPS_SOL 296 26 173 12
20.323 3 ESTIMATOR 2576.303711 -0.133897
20.339 3 FBW_STATUS 2 0 1 11.39277 0.
20.371 3 DESIRED -0.37 0.1 3.1 -61. 59. 2595. 3.4 15.
20.387 3 LOGGER_STATUS 0 0 0 none
20.403 3 ATTITUDE 0.018182 -3.129798 0.138333
20.419 3 WP_MOVED 2 649046.125 5253124. 2595. 32
20.420 3 ACTUATORS 1040,1613,1651
20.483 3 ATTITUDE 0.016985 -3.129705 0.13786
20.531 3 NAVIGATION 9 0 -2632.2 236807. 0. 236821.6 0 26 26 1 0 0
20.547 3 GPS 3 64649072 548988409 0 308100 11 12 2372 466539250 32 0
20.548 3 SVINFO 2 8 13 7 39 76 252
20.589 3 DESIRED -0.09 0.1 3.1 -61. 59. 2595. 3.4 15.
20.591 3 IMU_ACCEL 1 1.325195 -0.160156 -9.571289
20.591 3 IMU_GYRO 1 -0.02124 0.02832 -0.034424
20.592 3 IMU_MAG 0 0. 0. 0.
20.592 3 ATTITUDE 0.017404 -3.12961 0.138586
20.621 3 PONG 
20.685 3 ATTITUDE 0.016425 -3.129585 0.138865
20.765 3 DESIRED -0.13 0.1 3.1 -61. 59. 2595. 3.4 15.
20.798 3 GPS 3 64649072 548988407 0 308122 2 7 2372 466539500 32 0
20.813 3 SVINFO 3 10 13 7 42 58 63
20.814 3 ATTITUDE 0.015207 -3.129491 0.138862
20.814 3 ESTIMATOR 2576.307373 -0.094177
20.893 3 ATTITUDE 0.015331 -3.129393 0.139212
20.925 3 DL_VALUE 17 0.
20.926 3 WP_MOVED 0 649123. 5253077. 2595. 32
20.973 3 DESIRED 0.8 0.1 3.1 -61. 59. 2595. 3.4 15.
20.989 3 ATTITUDE 0.01482 -3.129324 0.138598
21.038 3 GPS 3 64649072 548988407 0 308109 8 9 2372 466539750 32 0
21.084 3 ATTITUDE 0.016392 -3.12914 0.138263
21.104 3 LINK_REPORT 3 -1 21 0 18274 758 5 932. 39. 4 26.85
21.166 3 DESIRED -0.19 0.1 3.1 -61. 59. 2595. 3.4 15.
21.181 3 IMU_GYRO 1 -0.028076 0.025146 -0.033447
21.197 3 ATTITUDE 0.016495 -3.129063 0.13881
21.213 3 AIRSPEED 0. 0. 0. 0.
21.310 3 GPS 3 64649071 548988406 0 308122 4 2 2372 466540000 32 0
21.312 3 SVINFO 5 16 12 4 22 8 188
21.312 3 ATTITUDE 0.01681 -3.128963 0.138829
21.340 3 ENERGY 0 11.398955 0. 0. 0. 0. 0.
21.341 3 CIRCLE 0. 0. -60.
21.341 3 ESTIMATOR 2576.092529 -0.192579
21.386 3 PPRZ_MODE 2 3 3 2 0 4
21.386 3 DESIRED -0.52 0.1 3.1 -61. 59. 2595. 3.4 15.
21.388 3 IMU_ACCEL 1 1.250977 -0.138672 -9.602539
21.388 3 ATTITUDE 0.016098 -3.128907 0.138184
21.418 3 ALIVE 194,180,238,136,145,72,163,29,228,77,66,246,144,19,49,175
21.434 3 WP_MOVED 1 649123. 5253077. 2595. 32
21.497 3 ATTITUDE 0.015961 -3.128751 0.138473
21.530 3 NAVIGATION 9 0 -2632.2 236807. 0. 236821.6 0 27 27 1 0 0
21.546 3 GPS 3 64649070 548988406 0 308135 2 6 2372 466540250 32 0
21.562 3 DESIRED -0.22 0.1 3.1 -61. 59. 2595. 3.4 15.
21.593 3 ATTITUDE 0.016637 -3.128642 0.138876
21.690 3 ATTITUDE 0.016752 -3.128546 0.138646
21.722 3 FBW_STATUS 2 0 1 11.398955 0.
21.770 3 DESIRED -0.22 0.1 3.1 -61. 59. 2595. 3.4 15.
21.771 3 IMU_GYRO 1 -0.022705 0.021484 -0.033447
21.815 3 GPS 3 64649070 548988405 0 308159 3 -3 2372 466540500 32 0
21.816 3 SVINFO 7 27 13 7 39 55 152
21.816 3 ATTITUDE 0.016437 -3.128408 0.138367
21.816 3 ESTIMATOR 2576.008789 -0.175273
21.863 3 IMU_MAG 0 0. 0. 0.
21.895 3 ATTITUDE 0.015897 -3.128397 0.137436
22.105 3 LINK_REPORT 3 -1 22 0 19039 789 5 765. 31. 4 26.85
23.106 3 LINK_REPORT 3 -1 23 0 19039 789 5 0. 0. 4 26.85
