2.596 3 LINK_REPORT 3 -1 2 0 1952 81 1 998. 42. 0 0.
2.624 3 ENERGY 0 11.349475 0. 0. 0. 0. 0.
2.641 3 NAVIGATION 9 0 0. 0. 0. 0. 0 7 7 1 0 0
2.688 3 SHT_STATUS 0 0 0.1 -39.66
2.689 3 ATTITUDE 0.006537 -3.140302 0.130838
2.737 3 FBW_STATUS 2 0 1 11.349475 0.
2.768 3 GPS 0 16602145 0 0 -17000 0 0 1867 7250 31 0
2.768 3 SVINFO 1 18 16 3 45 -91 0
2.769 3 DESIRED 0.36 -0.15 0.8 60. 60. 2595. -5. 15.
2.799 3 ATTITUDE 0.006561 -3.140266 0.130882
2.895 3 ATTITUDE 0.006605 -3.140231 0.130908
2.959 3 DESIRED 0.36 -0.15 0.8 60. 60. 2595. -5. 15.
2.981 3 LINK_REPORT 3 -1 3 0 2906 121 1 954. 40. 0 0.
2.991 3 ESTIMATOR 2908. 236.471069
3.007 3 GPS 0 16602145 0 0 -17000 0 0 1867 466112000 31 0
3.008 3 SVINFO 2 26 16 6 47 -91 0
3.008 3 ATTITUDE 0.006632 -3.140211 0.130947
3.087 3 WP_MOVED 1 649123. 5253077. 2595. 32
3.103 3 ATTITUDE 0.00665 -3.14016 0.130984
3.119 3 IMU_GYRO 1 -0.028076 0.025146 -0.042969
3.167 3 DESIRED 0.36 -0.15 0.8 60. 60. 2595. -5. 15.
3.183 3 SHT_STATUS 0 0 0.1 -39.66
3.199 3 ATTITUDE 0.006615 -3.140101 0.131044
3.247 3 GPS 0 16602145 0 0 -17000 0 0 1867 466112250 31 0
3.248 3 SVINFO 3 27 16 3 39 -91 0
3.263 3 STATE_FILTER_STATUS 6 3 0
3.295 3 ATTITUDE 0.006641 -3.14006 0.131089
3.296 3 IMU_ACCEL 1 1.217773 -0.049805 -9.31543
3.343 3 GPS_SOL 649520256 100000 9999 0
3.343 3 AIRSPEED 0. 0. 0. 0.
3.359 3 DESIRED 0.36 -0.15 0.8 60. 60. 2595. -5. 15.
3.391 3 ATTITUDE 0.006642 -3.140011 0.131117
3.455 3 IMU_MAG 0 0. 0. 0.
3.487 3 ESTIMATOR 2837.749512 144.963699
3.514 3 GPS 0 16602145 0 0 -17000 0 0 1867 466112500 31 0
3.515 3 SVINFO 4 29 16 6 46 -91 0
3.515 3 ATTITUDE 0.006628 -3.139977 0.131133
3.530 3 CIRCLE 0. 0. -60.
3.546 3 FBW_STATUS 2 0 1 11.349475 0.
3.562 3 DESIRED 0.36 -0.15 0.8 60. 60. 2595. -5. 15.
3.579 3 WP_MOVED 2 649046.125 5253124. 2595. 32
3.594 3 ATTITUDE 0.006649 -3.13991 0.131187
3.642 3 COMMANDS 0,3134,-3927
3.642 3 NAVIGATION 9 0 0. 0. 0. 0. 0 8 8 1 0 0
3.690 3 SHT_STATUS 0 0 0.1 -39.66
3.690 3 ATTITUDE 0.006687 -3.139846 0.131198
3.722 3 ENERGY 0 11.337105 0. 0. 0. 0. 0.
3.722 3 IMU_GYRO 1 -0.028564 0.025146 -0.042969
3.738 3 GPS 0 16602145 0 0 -17000 0 0 1867 466112750 31 0
3.738 3 SVINFO 5 255 0 3 44 -91 0
3.754 3 DESIRED 0.36 -0.15 0.8 60. 60. 2595. -5. 15.
3.816 3 DEBUG 0,0,3,0,0,0,0,1,1,1,1,1,1,2,1,1,1,0,0
3.816 3 UBLOX_INFO 115200 21 88 8 0 7 3
3.817 3 ATTITUDE 0.006679 -3.139783 0.131236
3.896 3 ATTITUDE 0.006677 -3.139739 0.131243
3.960 3 DESIRED 0.36 -0.15 0.8 60. 60. 2595. -5. 15.
3.981 3 LINK_REPORT 3 -1 4 0 3935 164 1 1029. 43. 0 0.
3.992 3 DL_VALUE 5 0.
3.992 3 ESTIMATOR 2742.133545 49.630249
4.008 3 GPS 0 16602145 0 0 -17000 0 0 1867 466113000 31 0
4.008 3 SVINFO 6 255 0 3 48 -91 0
4.008 3 ATTITUDE 0.006672 -3.139717 0.131278
4.088 3 WP_MOVED 0 649123. 5253077. 2595. 32
4.104 3 ATTITUDE 0.006691 -3.139657 0.131294
4.105 3 IMU_ACCEL 1 1.217773 -0.074219 -9.257812
4.168 3 DESIRED 0.36 -0.15 0.8 60. 60. 2595. -5. 15.
4.168 3 CALIBRATION 150. 0
4.200 3 SHT_STATUS 0 0 0.1 -39.66
4.200 3 ATTITUDE 0.00673 -3.139581 0.131314
4.248 3 GPS 0 16602145 0 0 -17000 0 0 1867 466113250 31 0
4.248 3 SVINFO 7 255 0 3 38 -91 0
4.296 3 ATTITUDE 0.006758 -3.13954 0.131337
4.313 3 DATALINK_REPORT 9 0 0 995 0 0
4.313 3 IMU_GYRO 1 -0.028564 0.024658 -0.044678
4.329 3 AIRSPEED 0. 0. 0. 0.
4.361 3 DESIRED 0.36 -0.15 0.8 60. 60. 2595. -5. 15.
4.393 3 ATTITUDE 0.006753 -3.139513 0.131335
4.488 3 ESTIMATOR 2689.141357 9.157635
4.505 3 GPS 0 16602145 0 0 -17000 0 0 1867 466113500 31 0
4.506 3 SVINFO 8 255 0 3 50 -91 0
4.506 3 ATTITUDE 0.006787 -3.139443 0.131361
4.553 3 DESIRED 0.36 -0.15 0.8 60. 60. 2595. -5. 15.
4.584 3 CIRCLE 0. 0. -60.
4.585 3 WP_MOVED 1 649123. 5253077. 2595. 32
4.604 3 ATTITUDE 0.0068 -3.139388 0.131411
4.633 3 NAVIGATION 9 0 0. 0. 0. 0. 0 9 9 1 0 0
4.696 3 SHT_STATUS 0 0 0.1 -39.66
4.696 3 ATTITUDE 0.00678 -3.139333 0.131455
4.755 3 FBW_STATUS 2 0 1 11.349475 0.
4.756 3 GPS 0 16602145 0 0 -17000 0 0 1867 466113750 31 0
4.757 3 SVINFO 0 16 16 6 44 -91 0
4.757 3 IMU_MAG 0 0. 0. 0.
4.772 3 DESIRED 0.36 -0.15 0.8 60. 60. 2595. -5. 15.
4.787 3 ATTITUDE 0.006749 -3.139282 0.131488
4.820 3 ENERGY 0 11.35566 0. 0. 0. 0. 0.
4.900 3 ATTITUDE 0.006752 -3.139212 0.131533
4.901 3 IMU_ACCEL 1 1.219727 -0.02832 -9.272461
4.915 3 IMU_GYRO 1 -0.027588 0.025146 -0.043457
4.964 3 DESIRED 0.36 -0.15 0.8 60. 60. 2595. -5. 15.
4.982 3 LINK_REPORT 3 -1 5 0 4936 206 1 1001. 42. 0 0.
5.007 3 ESTIMATOR 2628.566162 -25.216675
5.008 3 GPS 0 16602145 0 0 -17000 0 0 1867 466114000 31 0
5.010 3 SVINFO 1 18 16 6 43 -91 0
5.010 3 ATTITUDE 0.006749 -3.139143 0.131562
5.088 3 WP_MOVED 2 649046.125 5253124. 2595. 32
5.105 3 ATTITUDE 0.00673 -3.139074 0.131593
5.167 3 DESIRED 0.36 -0.15 0.8 60. 60. 2595. -3.3 15.
5.183 3 SHT_STATUS 0 0 0.1 -39.66
5.199 3 ATTITUDE 0.006738 -3.138999 0.131592
5.248 3 GPS 0 16602145 0 0 -17000 0 0 1867 466114250 31 0
5.249 3 SVINFO 2 26 16 6 46 -91 0
5.295 3 ATTITUDE 0.006611 -3.139009 0.132239
5.327 3 GPS_SOL 649520384 100000 9999 0
5.344 3 AIRSPEED 0. 0. 0. 0.
5.360 3 DESIRED 0.36 -0.1 0.8 60. 60. 2595. -1. 15.
5.392 3 ATTITUDE 0.006613 -3.138945 0.132296
5.472 3 STATE_FILTER_STATUS 6 3 0
5.487 3 DL_VALUE 6 2.
5.503 3 ESTIMATOR 2600.416992 -35.215729
5.505 3 GPS 0 16602145 0 0 -17000 0 0 1867 466114500 31 0
5.505 3 SVINFO 3 27 16 6 38 -91 0
5.519 3 ATTITUDE 0.006435 -3.138976 0.133275
5.520 3 IMU_GYRO 1 -0.029785 0.024658 -0.043945
5.556 3 FBW_STATUS 2 0 1 11.349475 0.
5.556 3 PONG 
5.568 3 DESIRED 0.36 -0.03 0.8 60. 60. 2595. 1. 15.
5.583 3 WP_MOVED 0 649123. 5253077. 2595. 32
5.599 3 ATTITUDE 0.006393 -3.138946 0.133289
5.647 3 CIRCLE 0. 0. -60.
5.648 3 NAVIGATION 9 0 0. 0. 0. 0. 0 10 10 1 0 0
5.648 3 COMMANDS 0,3134,-1446
5.696 3 SHT_STATUS 0 0 0.1 -39.66
5.697 3 ATTITUDE 0.0064 -3.13894 0.133439
5.697 3 IMU_ACCEL 1 1.166992 -0.069336 -9.300781
5.744 3 GPS 0 16602145 0 0 -17000 0 0 1867 466114750 31 0
5.745 3 SVINFO 4 29 16 6 46 -91 0
5.760 3 DESIRED 0.36 0.03 0.8 60. 60. 2595. 2.6 15.
5.792 3 ATTITUDE 0.006383 -3.138898 0.133491
5.824 3 LOGGER_STATUS 0 0 0 none
5.887 3 ATTITUDE 0.006401 -3.13886 0.133523
5.920 3 ENERGY 0 11.34329 0. 0. 0. 0. 0.
5.952 3 DESIRED 0.36 0.08 0.8 60. 60. 2595. 3.9 15.
5.983 3 LINK_REPORT 3 -1 6 0 5915 248 1 979. 42. 1 75.84
6.010 3 ESTIMATOR 2573.536377 -37.989246
6.011 3 GPS 0 16602145 0 0 -17000 0 0 1867 466115000 31 0
6.012 3 SVINFO 5 255 0 3 44 -91 0
6.013 3 ATTITUDE 0.006381 -3.138806 0.133548
6.058 3 IMU_MAG 0 0. 0. 0.
6.074 3 WP_MOVED 1 649123. 5253077. 2595. 32
6.106 3 ATTITUDE 0.006389 -3.13877 0.133563
6.121 3 IMU_GYRO 1 -0.030762 0.029541 -0.043457
6.153 3 DESIRED 0.36 0.12 0.8 60. 60. 2595. 4.9 15.
6.186 3 SHT_STATUS 0 0 0.1 -39.66
6.201 3 ATTITUDE 0.00638 -3.13872 0.133617
6.235 3 GPS 0 16602145 0 0 -17000 0 0 1867 466115250 31 0
6.250 3 SVINFO 6 255 0 3 48 -91 0
6.266 3 CALIBRATION -150. 0
6.298 3 ATTITUDE 0.006403 -3.138674 0.133641
6.330 3 AIRSPEED 0. 0. 0. 0.
6.362 3 DESIRED 0.36 0.15 0.8 60. 60. 2595. 5. 15.
6.394 3 ATTITUDE 0.006374 -3.138636 0.133673
6.490 3 ESTIMATOR 2563.711182 -34.940723
6.520 3 GPS 0 16602145 0 0 -17000 0 0 1867 466115500 31 0
6.521 3 SVINFO 7 255 0 3 38 -91 0
6.522 3 ATTITUDE 0.006381 -3.138561 0.13368
6.523 3 IMU_ACCEL 1 1.217773 -0.076172 -9.291016
6.553 3 DESIRED 0.36 0.15 0.8 60. 60. 2595. 5. 15.
6.584 3 WP_MOVED 2 649046.125 5253124. 2595. 32
6.600 3 ATTITUDE 0.006364 -3.138493 0.133687
6.633 3 NAVIGATION 9 0 0. 0. 0. 0. 0 11 11 1 0 0
6.648 3 ACTUATORS 1040,1387,1369
6.679 3 CIRCLE 0. 0. -60.
6.695 3 SHT_STATUS 0 0 0.1 -39.66
6.712 3 ATTITUDE 0.00636 -3.138389 0.133724
6.715 3 IMU_GYRO 1 -0.028564 0.02417 -0.044678
6.758 3 FBW_STATUS 2 0 1 11.35566 0.
6.759 3 GPS 0 16602145 0 0 -17000 0 0 1867 466115750 31 0
6.760 3 SVINFO 8 255 0 3 50 -91 0
6.761 3 DESIRED 0.36 0.15 0.8 60. 60. 2595. 5. 15.
6.790 3 ATTITUDE 0.006378 -3.138329 0.133729
6.838 3 ALIVE 8,144,6,66,11,198,81,189,7,217,216,157,220,111,57,170
6.886 3 ATTITUDE 0.006401 -3.138291 0.133712
6.966 3 DESIRED 0.36 0.15 0.8 60. 60. 2595. 5. 15.
6.984 3 LINK_REPORT 3 -1 7 0 6870 288 1 955. 40. 1 75.84
7.009 3 DL_VALUE 7 0.
7.010 3 ESTIMATOR 2557.437988 -27.092422
7.011 3 GPS 0 16602145 0 0 -17000 0 0 1867 466116000 31 0
7.012 3 SVINFO 0 16 16 6 44 -91 0
7.013 3 ATTITUDE 0.006386 -3.138238 0.133721
7.025 3 ENERGY 0 11.33092 0. 0. 0. 0. 0.
7.089 3 WP_MOVED 0 649123. 5253077. 2595. 32
7.106 3 ATTITUDE 0.006384 -3.138178 0.133711
7.153 3 DESIRED 0.36 0.15 0.8 60. 60. 2595. 5. 15.
7.201 3 SHT_STATUS 0 0 0.1 -39.66
7.201 3 ATTITUDE 0.006367 -3.138141 0.133736
7.233 3 GPS 0 16602145 0 0 -17000 0 0 1867 466116250 31 0
7.249 3 SVINFO 1 18 16 6 43 -91 0
7.297 3 ATTITUDE 0.006334 -3.138081 0.133765
7.298 3 IMU_ACCEL 1 1.244141 -0.016602 -9.291016
7.313 3 IMU_GYRO 1 -0.028076 0.024658 -0.043457
7.345 3 GPS_SOL 649520768 100000 9999 0
7.346 3 AIRSPEED 0. 0. 0. 0.
7.375 3 AUTOPILOT_VERSION 60400 v6.4.0_stable
7.376 3 IMU_MAG 0 0. 0. 0.
7.379 3 DESIRED 0.36 0.15 0.8 60. 60. 2595. 5. 15.
7.380 3 PPRZ_MODE 2 3 3 2 0 4
7.391 3 ATTITUDE 0.006313 -3.138012 0.133786
7.487 3 ESTIMATOR 2556.932129 -21.301403
7.513 3 GPS 0 16602145 0 0 -17000 0 0 1867 466116500 31 0
7.514 3 SVINFO 2 26 16 6 46 -91 0
7.515 3 ATTITUDE 0.006315 -3.137962 0.1338
7.529 3 FBW_STATUS 2 0 1 11.349475 0.
7.561 3 DESIRED 0.36 0.15 0.8 60. 60. 2595. 5. 15.
7.577 3 WP_MOVED 1 649123. 5253077. 2595. 32
7.593 3 ATTITUDE 0.006315 -3.137902 0.133789
7.642 3 NAVIGATION 9 0 0. 0. 0. 0. 0 12 12 1 0 0
7.673 3 STATE_FILTER_STATUS 6 3 0
7.689 3 SHT_STATUS 0 0 0.1 -39.66
7.690 3 ATTITUDE 0.006276 -3.137852 0.133805
7.737 3 NAVIGATION_REF 649123 5253077 32 2575.
7.767 3 CIRCLE 0. 0. -60.
7.767 3 GPS 0 16602145 0 0 -17000 0 0 1867 466116750 31 0
7.768 3 SVINFO 3 27 16 6 38 -91 0
7.768 3 DESIRED 0.36 0.15 0.8 60. 60. 2595. 5. 15.
7.783 3 ATTITUDE 0.006276 -3.137844 0.133821
7.895 3 ATTITUDE 0.006293 -3.137768 0.133804
7.912 3 IMU_GYRO 1 -0.027588 0.024658 -0.042969
7.960 3 DESIRED 0.36 0.15 0.8 60. 60. 2595. 5. 15.
7.985 3 LINK_REPORT 3 -1 8 0 7910 332 1 1040. 44. 1 75.84
7.991 3 ESTIMATOR 2559.34375 -13.270679
8.008 3 GPS 0 16602145 0 0 -17000 0 0 1867 466117000 31 0
8.009 3 SVINFO 4 29 16 6 46 -91 0
8.010 3 ATTITUDE 0.0063 -3.137697 0.133784
8.087 3 WP_MOVED 2 649046.125 5253124. 2595. 32
8.112 3 ATTITUDE 0.006298 -3.137642 0.133762
8.112 3 IMU_ACCEL 1 1.244141 -0.054688 -9.338867
8.119 3 ENERGY 0 11.349475 0. 0. 0. 0. 0.
8.151 3 DESIRED 0.36 0.15 0.8 60. 60. 2595. 5. 15.
8.199 3 SHT_STATUS 0 0 0.1 -39.66
8.199 3 ATTITUDE 0.006323 -3.137572 0.133779
8.248 3 GPS 0 16602145 0 0 -17000 0 0 1867 466117250 31 0
8.249 3 SVINFO 5 255 0 3 42 -91 0
8.295 3 ATTITUDE 0.006309 -3.137512 0.133802
8.328 3 AIRSPEED 0. 0. 0. 0.
8.360 3 DESIRED 0.36 0.15 0.8 60. 60. 2595. 5. 15.
8.375 3 CALIBRATION -150. 0
8.392 3 ATTITUDE 0.00635 -3.137466 0.133801
8.488 3 DL_VALUE 8 1.
8.513 3 ESTIMATOR 2561.944336 -8.853834
8.514 3 GPS 0 16602145 0 0 -17000 0 0 2365 466117500 31 0
8.515 3 SVINFO 6 255 0 3 47 -91 0
8.516 3 ATTITUDE 0.006331 -3.137405 0.133836
8.517 3 IMU_GYRO 1 -0.027588 0.024658 -0.043457
8.562 3 DESIRED 0.36 0.15 0.8 60. 60. 2595. 5. 15.
8.578 3 WP_MOVED 0 649123. 5253077. 2595. 32
8.593 3 ATTITUDE 0.006335 -3.137311 0.133813
8.641 3 COMMANDS 0,3136,235
8.642 3 NAVIGATION 9 0 0. 0. 0. 0. 0 13 13 1 0 0
8.657 3 IMU_MAG 0 0. 0. 0.
8.689 3 SHT_STATUS 0 0 0.1 -39.66
8.689 3 ATTITUDE 0.006367 -3.137251 0.133834
8.737 3 FBW_STATUS 2 0 1 11.34329 0.
8.753 3 GPS 0 16602145 0 0 -17000 0 0 2365 466117750 31 0
8.753 3 SVINFO 7 255 0 3 34 -91 0
8.769 3 DESIRED 0.36 0.15 0.8 60. 60. 2595. 5. 15.
8.785 3 CIRCLE 0. 0. -60.
8.801 3 ATTITUDE 0.006372 -3.137186 0.133836
8.897 3 ATTITUDE 0.00638 -3.137112 0.133829
8.898 3 IMU_ACCEL 1 1.212891 -0.071289 -9.289062
8.962 3 DESIRED 0.36 0.15 0.8 60. 60. 2595. 5. 15.
8.985 3 LINK_REPORT 3 -1 9 0 8886 373 1 976. 41. 1 75.84
9.008 3 ESTIMATOR 2565.946533 -3.969224
9.008 3 GPS 0 16602145 0 0 -17000 0 0 2365 466118000 31 0
9.010 3 SVINFO 8 255 0 3 49 -91 0
9.010 3 ATTITUDE 0.006412 -3.137054 0.133841
9.088 3 WP_MOVED 1 649123. 5253077. 2595. 32
9.113 3 ATTITUDE 0.006432 -3.136986 0.133853
9.119 3 IMU_GYRO 1 -0.028076 0.025146 -0.043457
9.151 3 DESIRED 0.36 0.15 0.8 60. 60. 2595. 5. 15.
9.199 3 SHT_STATUS 0 0 0.1 -39.66
9.199 3 ATTITUDE 0.006406 -3.136923 0.133828
9.215 3 ENERGY 0 11.349475 0. 0. 0. 0. 0.
9.248 3 GPS 0 16602145 0 0 -17000 0 0 2365 466118250 31 0
9.249 3 SVINFO 9 255 0 3 45 -91 0
9.295 3 ATTITUDE 0.006428 -3.136859 0.133836
9.344 3 GPS_SOL 649521280 100000 9999 0
9.345 3 AIRSPEED 0. 0. 0. 0.
9.361 3 DESIRED 0.36 0.15 0.8 60. 60. 2595. 4.8 15.
9.392 3 DATALINK_REPORT 3 1 0 990 0 0
9.408 3 ATTITUDE 0.006481 -3.1368 0.133822
9.487 3 ESTIMATOR 2568.405029 -1.70911
9.504 3 GPS 0 16602145 0 0 -17000 0 0 2365 466118500 31 0
9.505 3 SVINFO 0 16 16 6 44 -91 0
9.506 3 ATTITUDE 0.006476 -3.13673 0.133782
9.536 3 FBW_STATUS 2 0 1 11.349475 0.
9.552 3 DESIRED 0.36 0.14 0.8 60. 60. 2595. 4.6 15.
9.584 3 WP_MOVED 2 649046.125 5253124. 2595. 32
9.600 3 ATTITUDE 0.006504 -3.136657 0.133808
9.632 3 NAVIGATION 9 0 0. 0. 0. 0. 0 14 14 1 0 0
9.679 3 SHT_STATUS 0 0 0.1 -39.66
9.695 3 ATTITUDE 0.006527 -3.136585 0.133817
9.711 3 IMU_ACCEL 1 1.227539 -0.066406 -9.291016
9.712 3 IMU_GYRO 1 -0.028076 0.025635 -0.042969
9.744 3 GPS 0 16602145 0 0 -17000 0 0 2365 466118750 31 0
9.745 3 SVINFO 1 18 16 6 43 -91 0
9.761 3 DESIRED 0.36 0.14 0.8 60. 60. 2595. 4.4 15.
9.792 3 ATTITUDE 0.006538 -3.136496 0.133819
9.840 3 CIRCLE 0. 0. -60.
9.872 3 STATE_FILTER_STATUS 6 3 0
9.888 3 ATTITUDE 0.006529 -3.136428 0.133842
9.968 3 IMU_MAG 0 0. 0. 0.
9.969 3 DESIRED 0.36 0.13 0.8 60. 60. 2595. 4.2 15.
9.986 3 LINK_REPORT 3 -1 10 0 9871 414 1 985. 41. 1 75.84
10.015 3 DL_VALUE 9 2595.
10.016 3 ESTIMATOR 2571.413574 0.40303
10.016 3 GPS 0 16602145 0 0 -17000 0 0 2365 466119000 31 0
10.017 3 SVINFO 2 26 16 6 47 -91 0
10.020 3 ATTITUDE 0.00653 -3.136364 0.133829
10.074 3 WP_MOVED 0 649123. 5253077. 2595. 32
10.091 3 ATTITUDE 0.006521 -3.136311 0.133837
10.155 3 DESIRED 0.36 0.13 0.8 60. 60. 2595. 4.1 15.
10.187 3 SHT_STATUS 0 0 0.1 -39.66
10.203 3 ATTITUDE 0.006537 -3.136223 0.133853
10.235 3 GPS 0 16602145 0 0 -17000 0 0 2365 466119250 31 0
10.236 3 SVINFO 3 27 16 6 38 -91 0
10.299 3 ATTITUDE 0.006569 -3.136147 0.133868
10.315 3 ENERGY 0 11.349475 0. 0. 0. 0. 0.
10.331 3 IMU_GYRO 1 -0.028076 0.02417 -0.043457
10.332 3 AIRSPEED 0. 0. 0. 0.
10.363 3 DESIRED 0.36 0.12 0.8 60. 60. 2595. 4. 15.
10.395 3 ATTITUDE 0.006586 -3.136077 0.133901
10.459 3 CALIBRATION -150. 0
10.491 3 ESTIMATOR 2572.906738 1.148814
10.507 3 GPS 0 16602145 0 0 -17000 0 0 2365 466119500 31 0
10.518 3 SVINFO 4 29 16 6 46 -91 0
10.523 3 ATTITUDE 0.006591 -3.135989 0.133915
10.524 3 IMU_ACCEL 1 1.249023 -0.076172 -9.353516
10.539 3 PONG 
10.556 3 DESIRED 0.36 0.12 0.8 60. 60. 2595. 3.8 15.
10.587 3 WP_MOVED 1 649123. 5253077. 2595. 32
10.603 3 ATTITUDE 0.006577 -3.13592 0.133941
10.636 3 NAVIGATION 9 0 0. 0. 0. 0. 0 15 15 1 0 0
10.650 3 COMMANDS 0,3135,-251
10.683 3 SHT_STATUS 0 0 0.1 -39.66
10.699 3 ATTITUDE 0.006574 -3.135817 0.13393
10.747 3 FBW_STATUS 2 0 1 11.349475 0.
10.748 3 GPS 0 16602145 0 0 -17000 0 0 2365 466119750 31 0
10.750 3 SVINFO 5 31 16 3 38 -91 0
10.763 3 DESIRED 0.36 0.12 0.8 60. 60. 2595. 3.7 15.
10.795 3 ATTITUDE 0.006584 -3.135732 0.13393
10.875 3 CIRCLE 0. 0. -60.
10.891 3 ATTITUDE 0.006625 -3.135654 0.133942
10.924 3 LOGGER_STATUS 0 0 0 none
10.925 3 IMU_GYRO 1 -0.028564 0.026123 -0.042969
10.956 3 DESIRED 0.36 0.11 0.8 60. 60. 2595. 3.6 15.
10.987 3 LINK_REPORT 3 -1 11 0 10853 456 1 982. 42. 2 58.43
10.987 3 ESTIMATOR 2574.828613 1.778189
11.015 3 GPS 0 16602145 0 0 -17000 0 0 2365 466120000 31 0
11.017 3 SVINFO 6 255 0 3 41 -91 0
11.018 3 ATTITUDE 0.006644 -3.135592 0.133978
11.079 3 WP_MOVED 2 649046.125 5253124. 2595. 32
11.095 3 ATTITUDE 0.006658 -3.135518 0.133975
11.159 3 DESIRED 0.36 0.11 0.8 60. 60. 2595. 3.5 15.
11.191 3 SHT_STATUS 0 0 0.1 -39.66
11.192 3 ATTITUDE 0.006679 -3.135443 0.133982
11.240 3 GPS 0 16602145 0 0 -17000 0 0 2365 466120250 31 0
11.241 3 SVINFO 7 255 0 3 47 -91 0
11.255 3 IMU_MAG 0 0. 0. 0.
11.287 3 ATTITUDE 0.00669 -3.135355 0.134015
11.303 3 IMU_ACCEL 1 1.227539 -0.087891 -9.307617
11.335 3 GPS_SOL 649521920 100000 9999 0
11.336 3 AIRSPEED 0. 0. 0. 0.
11.352 3 DESIRED 0.36 0.11 0.8 60. 60. 2595. 3.4 15.
11.399 3 ATTITUDE 0.006687 -3.135262 0.134011
11.415 3 ENERGY 0 11.312365 0. 0. 0. 0. 0.
11.509 3 DL_VALUE 10 0.
11.510 3 ESTIMATOR 2575.856445 1.948048
11.511 3 GPS 0 16602145 0 0 -17000 0 0 2365 466120500 31 0
11.513 3 SVINFO 8 255 0 3 35 -91 0
11.514 3 ATTITUDE 0.006696 -3.135164 0.133997
11.515 3 IMU_GYRO 1 -0.029053 0.025635 -0.043457
11.525 3 FBW_STATUS 2 0 1 11.35566 0.
11.558 3 DESIRED 0.36 0.1 0.8 60. 60. 2595. 3.4 15.
11.573 3 WP_MOVED 0 649123. 5253077. 2595. 32
11.589 3 ATTITUDE 0.006684 -3.135086 0.133998
11.638 3 NAVIGATION 9 0 0. 0. 0. 0. 0 16 16 1 0 0
11.639 3 ACTUATORS 1040,1361,1395
11.685 3 SHT_STATUS 0 0 0.1 -39.66
11.701 3 ATTITUDE 0.006675 -3.134999 0.133984
11.733 3 GPS 0 16602145 0 0 -17000 0 0 2365 466120750 31 0
11.749 3 SVINFO 9 255 0 3 49 -91 0
11.766 3 DESIRED 0.36 0.1 0.8 60. 60. 2595. 3.4 15.
11.797 3 ATTITUDE 0.006685 -3.134896 0.13399
11.893 3 ATTITUDE 0.006705 -3.134827 0.133978
11.926 3 ALIVE 8,144,6,66,11,198,81,189,7,217,216,157,220,111,57,170
11.941 3 CIRCLE 0. 0. -60.
11.958 3 DESIRED 0.36 0.1 0.8 60. 60. 2595. 3.3 15.
11.988 3 LINK_REPORT 3 -1 12 0 11839 497 1 986. 41. 2 58.43
11.989 3 ESTIMATOR 2576.594971 1.720735
12.006 3 GPS 0 16602145 0 0 -17000 0 0 2365 466121000 31 0
12.007 3 SVINFO 10 255 0 3 44 -91 0
12.008 3 ATTITUDE 0.006698 -3.134737 0.134033
12.069 3 STATE_FILTER_STATUS 6 3 0
12.086 3 WP_MOVED 1 649123. 5253077. 2595. 32
12.102 3 ATTITUDE 0.006714 -3.134654 0.134047
12.117 3 IMU_ACCEL 1 1.222656 -0.083008 -9.31543
12.118 3 IMU_GYRO 1 -0.029053 0.025635 -0.043945
12.165 3 DESIRED 0.36 0.1 0.8 60. 60. 2595. 3.3 15.
12.197 3 SHT_STATUS 0 0 0.1 -39.66
12.197 3 ATTITUDE 0.006675 -3.13456 0.13405
12.246 3 GPS 0 16602145 0 0 -17000 0 0 2365 466121250 31 0
12.247 3 SVINFO 0 16 16 6 43 -91 0
12.278 3 PPRZ_MODE 2 3 3 2 0 4
12.293 3 ATTITUDE 0.006671 -3.134482 0.134006
12.325 3 AIRSPEED 0. 0. 0. 0.
12.357 3 DESIRED 0.36 0.1 0.8 60. 60. 2595. 3.3 15.
12.390 3 ATTITUDE 0.006683 -3.134389 0.133984
12.485 3 ESTIMATOR 2576.749756 1.421127
12.512 3 GPS 0 16602145 0 0 -17000 0 0 2365 466121500 31 0
12.513 3 SVINFO 1 18 16 6 43 -91 0
12.514 3 ATTITUDE 0.006698 -3.134309 0.133982
12.514 3 ENERGY 0 11.349475 0. 0. 0. 0. 0.
12.560 3 IMU_MAG 0 0. 0. 0.
12.576 3 DESIRED 0.36 0.1 0.8 60. 60. 2595. 3.3 15.
12.577 3 CALIBRATION -150. 0
12.577 3 WP_MOVED 2 649046.125 5253124. 2595. 32
12.591 3 ATTITUDE 0.00673 -3.134204 0.134008
12.639 3 NAVIGATION 9 0 0. 0. 0. 0. 0 17 17 1 0 0
12.687 3 SHT_STATUS 0 0 0.1 -39.66
12.703 3 ATTITUDE 0.006745 -3.13412 0.134018
12.720 3 IMU_GYRO 1 -0.028076 0.023682 -0.042969
12.736 3 FBW_STATUS 2 0 1 11.35566 0.
12.766 3 GPS 0 16602145 0 0 -17000 0 0 2365 466121750 31 0
12.767 3 SVINFO 2 26 16 6 45 -91 0
12.768 3 DESIRED 0.36 0.1 0.8 60. 60. 2595. 3.3 15.
12.797 3 ATTITUDE 0.006728 -3.134042 0.134038
12.893 3 ATTITUDE 0.006721 -3.133974 0.13404
12.894 3 IMU_ACCEL 1 1.234375 -0.061523 -9.333984
12.958 3 DESIRED 0.36 0.1 0.8 60. 60. 2595. 3.3 15.
12.988 3 LINK_REPORT 3 -1 13 0 12814 538 1 975. 41. 2 58.43
12.989 3 DL_VALUE 11 0.
12.990 3 CIRCLE 0. 0. -60.
13.018 3 ESTIMATOR 2576.577148 0.887253
13.020 3 GPS 0 16602145 0 0 -17000 0 0 2365 466122000 31 0
13.021 3 SVINFO 3 27 16 6 37 -91 0
13.022 3 ATTITUDE 0.00673 -3.13391 0.134016
13.083 3 WP_MOVED 0 649123. 5253077. 2595. 32
13.099 3 ATTITUDE 0.006763 -3.13379 0.13403
13.162 3 DESIRED 0.36 0.1 0.8 60. 60. 2595. 3.3 15.
13.194 3 SHT_STATUS 0 0 0.1 -39.66
13.195 3 ATTITUDE 0.006755 -3.133727 0.134064
13.243 3 GPS 0 16602145 0 0 -17000 0 0 2365 466122250 31 0
13.244 3 SVINFO 4 29 16 6 46 -91 0
13.290 3 ATTITUDE 0.006743 -3.133634 0.134046
13.307 3 IMU_GYRO 1 -0.028564 0.025146 -0.043457
13.339 3 GPS_SOL 649522880 100000 9999 0
13.339 3 AIRSPEED 0. 0. 0. 0.
13.355 3 DESIRED 0.36 0.1 0.8 60. 60. 2595. 3.3 15.
13.387 3 ATTITUDE 0.006761 -3.133555 0.134012
13.509 3 ESTIMATOR 2576.704834 0.759901
13.510 3 GPS 0 16602145 0 0 -17000 0 0 2365 466122500 31 0
13.510 3 SVINFO 5 31 16 3 38 -91 0
13.511 3 ATTITUDE 0.006745 -3.133441 0.134038
13.525 3 FBW_STATUS 2 0 1 11.35566 0.
13.557 3 DESIRED 0.36 0.1 0.8 60. 60. 2595. 3.3 15.
13.589 3 WP_MOVED 1 649123. 5253077. 2595. 32
13.589 3 ATTITUDE 0.006735 -3.133337 0.134034
13.621 3 ENERGY 0 11.349475 0. 0. 0. 0. 0.
13.637 3 COMMANDS 0,3134,-485
13.638 3 NAVIGATION 9 0 0. 0. 0. 0. 0 18 18 1 0 0
13.701 3 SHT_STATUS 0 0 0.1 -39.66
13.701 3 ATTITUDE 0.00672 -3.133273 0.13406
13.702 3 IMU_ACCEL 1 1.250977 -0.069336 -9.365234
13.750 3 GPS 0 16602145 0 0 -17000 0 0 2365 466122750 31 0
13.751 3 SVINFO 6 255 0 3 42 -91 0
13.754 3 WIND_INFO 3 5 0. 0. 0. 0.
13.765 3 DESIRED 0.36 0.1 0.8 60. 60. 2595. 3.3 15.
13.797 3 ATTITUDE 0.006726 -3.13318 0.134043
13.845 3 IMU_MAG 0 0. 0. 0.
13.893 3 ATTITUDE 0.006771 -3.133111 0.134031
13.909 3 IMU_GYRO 1 -0.027588 0.022949 -0.042969
13.957 3 DESIRED 0.36 0.1 0.8 60. 60. 2595. 3.3 15.
13.989 3 ESTIMATOR 2576.608887 0.469482
13.990 3 LINK_REPORT 3 -1 14 0 13812 580 1 998. 42. 3 58.43
14.005 3 GPS 0 16602145 0 0 -17000 0 0 2365 466123000 31 0
14.006 3 SVINFO 7 255 0 3 47 -91 0
14.007 3 ATTITUDE 0.006756 -3.133047 0.134043
14.037 3 CIRCLE 0. 0. -60.
14.085 3 WP_MOVED 2 649046.125 5253124. 2595. 32
14.101 3 ATTITUDE 0.00675 -3.132982 0.134067
14.165 3 DESIRED 0.36 0.1 0.8 60. 60. 2595. 3.3 15.
14.181 3 SHT_STATUS 0 0 0.1 -39.66
14.196 3 ATTITUDE 0.006743 -3.132899 0.134058
14.245 3 GPS 0 16602145 0 0 -17000 0 0 2365 466123250 31 0
14.252 3 SVINFO 8 255 0 3 37 -91 0
14.261 3 STATE_FILTER_STATUS 6 3 0
14.293 3 ATTITUDE 0.006762 -3.132813 0.134068
14.325 3 AIRSPEED 0. 0. 0. 0.
14.357 3 DESIRED 0.36 0.1 0.8 60. 60. 2595. 3.3 15.
14.389 3 ATTITUDE 0.006787 -3.13274 0.134075
14.511 3 DATALINK_REPORT 0 3 0 960 0 0
14.512 3 DL_VALUE 12 0.
14.513 3 ESTIMATOR 2576.424072 0.264665
14.514 3 GPS 0 16602145 0 0 -17000 0 0 2365 466123500 31 0
14.515 3 SVINFO 9 255 0 3 50 -91 0
14.516 3 ATTITUDE 0.006806 -3.132666 0.134069
14.527 3 IMU_ACCEL 1 1.246094 -0.066406 -9.322266
14.528 3 IMU_GYRO 1 -0.028076 0.024658 -0.042969
14.559 3 DESIRED 0.36 0.1 0.8 60. 60. 2595. 3.4 15.
14.575 3 WP_MOVED 0 649123. 5253077. 2595. 32
14.591 3 ATTITUDE 0.006811 -3.132592 0.134072
14.640 3 NAVIGATION 9 0 0. 0. 0. 0. 0 19 19 1 0 0
14.654 3 CALIBRATION -150. 0
14.687 3 SHT_STATUS 0 0 0.1 -39.66
14.703 3 ATTITUDE 0.006839 -3.132528 0.13409
14.719 3 ENERGY 0 11.349475 0. 0. 0. 0. 0.
14.735 3 FBW_STATUS 2 0 1 11.349475 0.
14.751 3 GPS 0 16602145 0 0 -17000 0 0 2365 466123750 31 0
14.752 3 SVINFO 10 255 0 3 43 -91 0
14.767 3 DESIRED 0.36 0.1 0.8 60. 60. 2595. 3.4 15.
14.799 3 ATTITUDE 0.006846 -3.132461 0.134094
14.895 3 ATTITUDE 0.006889 -3.132387 0.134095
14.960 3 DESIRED 0.36 0.1 0.8 60. 60. 2595. 3.4 15.
14.990 3 LINK_REPORT 3 -1 15 0 14746 619 1 934. 39. 3 58.43
14.991 3 ESTIMATOR 2576.100586 0.020475
15.008 3 GPS 0 16602145 0 0 -17000 0 0 2365 466124000 31 0
15.010 3 SVINFO 0 16 16 6 43 -91 0
15.011 3 ATTITUDE 0.00694 -3.132299 0.134076
15.087 3 CIRCLE 0. 0. -60.
15.089 3 WP_MOVED 1 649123. 5253077. 2595. 32
15.103 3 ATTITUDE 0.006908 -3.132212 0.134049
15.122 3 IMU_GYRO 1 -0.027588 0.024658 -0.043457
15.167 3 IMU_MAG 0 0. 0. 0.
15.168 3 DESIRED 0.36 0.1 0.8 60. 60. 2595. 3.4 15.
15.183 3 SHT_STATUS 0 0 0.1 -39.66
15.199 3 ATTITUDE 0.006929 -3.132123 0.134023
15.247 3 GPS 0 16602145 0 0 -17000 0 0 2365 466124250 31 0
15.249 3 SVINFO 1 18 16 6 43 -91 0
15.295 3 ATTITUDE 0.006941 -3.132045 0.134036
15.296 3 IMU_ACCEL 1 1.255859 -0.071289 -9.358398
15.344 3 GPS_SOL 649523904 100000 9999 0
15.345 3 AIRSPEED 0. 0. 0. 0.
15.360 3 DESIRED 0.36 0.1 0.8 60. 60. 2595. 3.4 15.
15.391 3 ATTITUDE 0.006945 -3.131923 0.134018
15.487 3 ESTIMATOR 2575.906738 -0.094866
15.513 3 GPS 0 16602145 0 0 -17000 0 0 2365 466124500 31 0
15.515 3 SVINFO 2 26 16 6 45 -91 0
15.515 3 ATTITUDE 0.006989 -3.131849 0.133986
15.529 3 PONG 
15.530 3 FBW_STATUS 2 0 1 11.35566 0.
15.562 3 DESIRED 0.36 0.1 0.8 60. 60. 2595. 3.4 15.
15.577 3 WP_MOVED 2 649046.125 5253124. 2595. 32
15.593 3 ATTITUDE 0.007018 -3.131754 0.134024
15.641 3 NAVIGATION 9 0 0. 0. 0. 0. 0 20 20 1 0 0
15.642 3 COMMANDS 0,3130,-425
15.689 3 SHT_STATUS 0 0 0.1 -39.66
15.690 3 ATTITUDE 0.00702 -3.131667 0.134034
15.705 3 IMU_GYRO 1 -0.027588 0.024658 -0.043457
15.738 3 GPS 0 16602145 0 0 -17000 0 0 2365 466124750 31 0
15.739 3 SVINFO 3 27 16 6 38 -91 0
15.754 3 DESIRED 0.36 0.1 0.8 60. 60. 2595. 3.5 15.
15.786 3 ATTITUDE 0.007032 -3.131585 0.133999
15.818 3 ENERGY 0 11.349475 0. 0. 0. 0. 0.
15.897 3 ATTITUDE 0.007036 -3.131462 0.133983
15.962 3 DESIRED 0.36 0.1 0.8 60. 60. 2595. 3.5 15.
15.990 3 LINK_REPORT 3 -1 16 0 15723 660 1 977. 41. 4 48.25
15.993 3 DL_VALUE 13 70.
15.994 3 ESTIMATOR 2575.593506 -0.246063
16.023 3 GPS 0 16602145 0 0 -17000 0 0 2365 466125000 31 0
16.025 3 SVINFO 4 29 16 6 45 -91 0
16.025 3 ATTITUDE 0.007063 -3.131349 0.133965
16.026 3 LOGGER_STATUS 0 0 0 none
16.088 3 WP_MOVED 0 649123. 5253077. 2595. 32
16.103 3 ATTITUDE 0.007074 -3.131265 0.133979
16.104 3 IMU_ACCEL 1 1.253906 -0.038086 -9.3125
16.136 3 CIRCLE 0. 0. -60.
16.151 3 DESIRED 0.36 0.11 0.8 60. 60. 2595. 3.5 15.
16.199 3 SHT_STATUS 0 0 0.1 -39.66
16.201 3 ATTITUDE 0.007089 -3.131171 0.133989
16.248 3 GPS 0 16602145 0 0 -17000 0 0 2365 466125250 31 0
16.249 3 SVINFO 5 31 16 6 39 -91 0
16.296 3 ATTITUDE 0.007097 -3.131049 0.133988
16.312 3 IMU_GYRO 1 -0.029053 0.025146 -0.042969
16.327 3 AIRSPEED 0. 0. 0. 0.
16.360 3 DESIRED 0.36 0.11 0.8 60. 60. 2595. 3.5 15.
16.392 3 ATTITUDE 0.007071 -3.130957 0.133959
16.456 3 IMU_MAG 0 0. 0. 0.
16.471 3 STATE_FILTER_STATUS 6 3 0
16.488 3 ESTIMATOR 2575.723633 -0.115831
16.504 3 GPS 0 16602145 0 0 -17000 0 0 2365 466125500 31 0
16.505 3 SVINFO 6 255 0 3 45 -91 0
16.505 3 ATTITUDE 0.007095 -3.130843 0.133953
16.568 3 DESIRED 0.36 0.1 0.8 60. 60. 2595. 3.5 15.
16.584 3 WP_MOVED 1 649123. 5253077. 2595. 32
16.599 3 ATTITUDE 0.007082 -3.130764 0.13391
16.648 3 NAVIGATION 9 0 0. 0. 0. 0. 0 21 21 1 0 0
16.649 3 ACTUATORS 1040,1362,1394
16.695 3 SHT_STATUS 0 0 0.1 -39.66
16.711 3 ATTITUDE 0.007124 -3.130655 0.133877
16.744 3 NAVIGATION_REF 649123 5253077 32 2575.
16.745 3 FBW_STATUS 2 0 1 11.35566 0.
16.775 3 GPS 0 16602145 0 0 -17000 0 0 2365 466125750 31 0
16.776 3 SVINFO 7 255 0 3 46 -91 0
16.777 3 DESIRED 0.36 0.1 0.8 60. 60. 2595. 3.5 15.
16.778 3 CALIBRATION -150. 0
16.790 3 ATTITUDE 0.007103 -3.130556 0.133869
16.902 3 ATTITUDE 0.007119 -3.130458 0.133854
16.902 3 IMU_ACCEL 1 1.234375 -0.071289 -9.307617
16.918 3 ENERGY 0 11.35566 0. 0. 0. 0. 0.
16.918 3 IMU_GYRO 1 -0.027588 0.024658 -0.042969
16.966 3 DESIRED 0.36 0.1 0.8 60. 60. 2595. 3.5 15.
16.991 3 LINK_REPORT 3 -1 17 0 16772 705 1 1049. 45. 4 48.25
17.008 3 ESTIMATOR 2575.820068 -0.028779
17.009 3 GPS 0 16602145 0 0 -17000 0 0 2365 466126000 31 0
17.010 3 SVINFO 8 255 0 3 35 -91 0
17.012 3 ATTITUDE 0.007116 -3.13034 0.133837
17.013 3 ALIVE 8,144,6,66,11,198,81,189,7,217,216,157,220,111,57,170
17.088 3 WP_MOVED 2 649046.125 5253124. 2595. 32
17.104 3 ATTITUDE 0.007119 -3.130189 0.133819
17.151 3 DESIRED 0.36 0.1 0.8 60. 60. 2595. 3.5 15.
17.210 3 PPRZ_MODE 2 3 3 2 0 4
17.211 3 CIRCLE 0. 0. -60.
17.211 3 SHT_STATUS 0 0 0.1 -39.66
17.212 3 ATTITUDE 0.007129 -3.130106 0.133778
17.242 3 GPS 0 16602145 0 0 -17000 0 0 2365 466126250 31 0
17.243 3 SVINFO 9 255 0 3 50 -91 0
17.289 3 ATTITUDE 0.00714 -3.130028 0.133776
17.338 3 GPS_SOL 649525120 100000 9999 0
17.339 3 AIRSPEED 0. 0. 0. 0.
17.354 3 DESIRED 0.36 0.1 0.8 60. 60. 2595. 3.4 15.
17.386 3 ATTITUDE 0.007159 -3.129949 0.13378
17.511 3 DL_VALUE 14 0.
17.512 3 ESTIMATOR 2575.970947 0.066419
17.513 3 GPS 0 16602145 0 0 -17000 0 0 2365 466126500 31 0
17.515 3 SVINFO 10 255 0 3 48 -91 0
17.516 3 ATTITUDE 0.007155 -3.129856 0.13374
17.517 3 IMU_GYRO 1 -0.028076 0.025146 -0.04248
17.527 3 FBW_STATUS 2 0 1 11.35566 0.
17.559 3 DESIRED 0.36 0.1 0.8 60. 60. 2595. 3.4 15.
17.591 3 WP_MOVED 0 649123. 5253077. 2595. 32
17.592 3 ATTITUDE 0.007179 -3.129749 0.13375
17.640 3 NAVIGATION 9 0 0. 0. 0. 0. 0 22 22 1 0 0
17.687 3 SHT_STATUS 0 0 0.1 -39.66
17.702 3 ATTITUDE 0.007191 -3.129675 0.133761
17.703 3 IMU_ACCEL 1 1.241211 -0.069336 -9.353516
17.735 3 GPS 0 16602145 0 0 -17000 0 0 2365 466126750 31 0
17.736 3 SVINFO 11 255 0 3 50 -91 0
17.767 3 IMU_MAG 0 0. 0. 0.
17.768 3 DESIRED 0.36 0.1 0.8 60. 60. 2595. 3.4 15.
17.783 3 ATTITUDE 0.007166 -3.129573 0.133778
17.895 3 ATTITUDE 0.007164 -3.129476 0.133797
17.960 3 DESIRED 0.36 0.1 0.8 60. 60. 2595. 3.4 15.
17.991 3 ESTIMATOR 2575.867188 -0.006084
17.992 3 GPS 0 16602145 0 0 -17000 0 0 2365 466127000 31 0
17.994 3 LINK_REPORT 3 -1 18 0 17775 747 1 1003. 42. 4 48.25
18.007 3 SVINFO 12 255 0 3 47 -91 0
18.008 3 ATTITUDE 0.00714 -3.129364 0.133777
18.023 3 ENERGY 0 11.349475 0. 0. 0. 0. 0.
18.087 3 WP_MOVED 1 649123. 5253077. 2595. 32
18.103 3 ATTITUDE 0.00716 -3.12925 0.133772
18.128 3 IMU_GYRO 1 -0.028076 0.024658 -0.042969
18.166 3 DESIRED 0.36 0.1 0.8 60. 60. 2595. 3.5 15.
18.182 3 SHT_STATUS 0 0 0.1 -39.66
18.198 3 ATTITUDE 0.007184 -3.129172 0.133787
18.257 3 CIRCLE 0. 0. -60.
18.259 3 GPS 0 16602145 0 0 -17000 0 0 2365 466127250 31 0
18.260 3 SVINFO 0 5 16 3 40 -91 0
18.289 3 ATTITUDE 0.007191 -3.129064 0.133807
18.337 3 AIRSPEED 0. 0. 0. 0.
18.354 3 DESIRED 0.36 0.1 0.8 60. 60. 2595. 3.4 15.
18.385 3 ATTITUDE 0.007189 -3.128972 0.133812
18.450 3 AUTOPILOT_VERSION 60400 v6.4.0_stable
18.511 3 ESTIMATOR 2575.892334 0.015166
18.512 3 GPS 0 16602145 0 0 -17000 0 0 2365 466127500 31 0
18.514 3 SVINFO 1 16 16 6 43 -91 0
18.515 3 ATTITUDE 0.007223 -3.128874 0.13381
18.516 3 IMU_ACCEL 1 1.246094 -0.044922 -9.34668
18.560 3 DESIRED 0.36 0.1 0.8 60. 60. 2595. 3.4 15.
18.575 3 WP_MOVED 2 649046.125 5253124. 2595. 32
18.591 3 ATTITUDE 0.007248 -3.128783 0.133782
18.642 3 COMMANDS 0,3128,-415
18.642 3 NAVIGATION 9 0 0. 0. 0. 0. 0 23 23 1 0 0
18.671 3 STATE_FILTER_STATUS 6 3 0
18.687 3 SHT_STATUS 0 0 0.1 -39.66
18.687 3 ATTITUDE 0.007274 -3.128684 0.133814
18.719 3 IMU_GYRO 1 -0.028564 0.025146 -0.043457
18.735 3 FBW_STATUS 2 0 1 11.349475 0.
18.767 3 GPS 0 16602145 0 0 -17000 0 0 2365 466127750 31 0
18.768 3 SVINFO 2 18 16 6 43 -91 0
18.769 3 DESIRED 0.36 0.1 0.8 60. 60. 2595. 3.5 15.
18.798 3 ATTITUDE 0.007239 -3.128602 0.133809
18.862 3 CALIBRATION -150. 0
18.894 3 ATTITUDE 0.007227 -3.12852 0.133781
18.959 3 DESIRED 0.36 0.1 0.8 60. 60. 2595. 3.5 15.
18.990 3 DL_VALUE 15 70.
18.991 3 ESTIMATOR 2575.687012 -0.100392
18.992 3 LINK_REPORT 3 -1 19 0 18733 788 1 958. 41. 4 48.25
19.019 3 GPS 0 16602145 0 0 -17000 0 0 2365 466128000 31 0
19.021 3 SVINFO 3 26 16 6 45 -91 0
19.022 3 ATTITUDE 0.00728 -3.128418 0.133783
19.051 3 IMU_MAG 0 0. 0. 0.
19.083 3 WP_MOVED 0 649123. 5253077. 2595. 32
19.099 3 ATTITUDE 0.007279 -3.128331 0.13376
19.116 3 ENERGY 0 11.35566 0. 0. 0. 0. 0.
19.163 3 DESIRED -0.8 0.11 3.1 -61. 59. 2595. 3.5 15.
19.195 3 SHT_STATUS 0 0 0.1 -39.66
19.211 3 ATTITUDE 0.007344 -3.128278 0.133818
19.243 3 GPS 3 64649875 548987802 0 316645 5 3 2365 466128247 32 0
19.245 3 SVINFO 4 27 16 6 37 -91 0
19.275 3 CIRCLE 0. 0. -60.
19.291 3 ATTITUDE 0.007266 -3.128209 0.133796
19.307 3 IMU_ACCEL 1 1.249023 -0.071289 -9.28125
19.308 3 IMU_GYRO 1 -0.027588 0.017822 -0.043457
19.339 3 GPS_SOL 1513 75 391 5
19.340 3 AIRSPEED 0. 0. 0. 0.
19.356 3 DESIRED -0.8 0.1 3.1 -61. 59. 2595. 3.5 15.
19.388 3 ATTITUDE 0.007382 -3.128121 0.133683
19.509 3 ESTIMATOR 2575.749023 -0.042912
19.511 3 GPS 3 64649869 548987800 0 316679 3 -2 2365 466128497 32 0
19.513 3 SVINFO 5 29 16 6 45 -91 0
19.513 3 ATTITUDE 0.007331 -3.12803 0.133697
19.525 3 FBW_STATUS 2 0 1 11.337105 0.
19.557 3 DESIRED -0.58 0.1 3.1 -61. 59. 2595. 3.5 15.
19.573 3 DATALINK_REPORT 4 4 0 1015 0 0
19.589 3 WP_MOVED 1 649123. 5253077. 2595. 32
19.590 3 ATTITUDE 0.007366 -3.127936 0.133718
19.639 3 NAVIGATION 9 0 -2624.2 236801. 0. 236815.5 0 24 24 1 0 0
19.685 3 SHT_STATUS 0 0 0.1 -39.66
19.701 3 ATTITUDE 0.00733 -3.127824 0.133697
19.750 3 GPS 3 64649871 548987799 0 316596 5 -3 2365 466128750 32 0
19.751 3 SVINFO 6 31 16 6 37 -91 0
19.766 3 DESIRED 0.09 0.11 3.1 -61. 59. 2595. 3.5 15.
19.797 3 ATTITUDE 0.007404 -3.127709 0.133745
19.893 3 ATTITUDE 0.007372 -3.127589 0.133725
19.910 3 IMU_GYRO 1 -0.028076 0.026123 -0.042969
19.959 3 DESIRED 0.72 0.11 3.1 -61. 59. 2595. 3.5 15.
19.990 3 ESTIMATOR 2575.44751 -0.185121
19.992 3 LINK_REPORT 3 -1 20 0 19706 828 1 973. 40. 4 48.25
20.006 3 GPS 3 64649876 548987794 0 316545 3 1 2365 466129000 32 0
20.008 3 SVINFO 7 136 16 3 42 -91 0
20.008 3 ATTITUDE 0.007401 -3.127478 0.133651
20.086 3 WP_MOVED 2 649046.125 5253124. 2595. 32
20.101 3 ATTITUDE 0.007659 -3.127259 0.132425
20.102 3 IMU_ACCEL 1 1.236328 -0.033203 -9.363281
20.165 3 DESIRED -0.8 0.11 3.1 -61. 59. 2595. 3.5 15.
20.197 3 SHT_STATUS 0 0 0.1 -39.66
20.197 3 ATTITUDE 0.00774 -3.127172 0.132637
20.213 3 ENERGY 0 11.33092 0. 0. 0. 0. 0.
20.246 3 GPS 3 64649877 548987802 0 316511 3 -2 2365 466129250 32 0
20.294 3 ATTITUDE 0.007448 -3.127142 0.133754
20.342 3 CIRCLE 0. 0. -60.
20.342 3 AIRSPEED 0. 0. 0. 0.
20.357 3 IMU_MAG 0 0. 0. 0.
20.374 3 DESIRED -0.8 0.11 3.1 -61. 59. 2595. 3.5 15.
20.389 3 ATTITUDE 0.007438 -3.12704 0.133736
20.511 3 DL_VALUE 16 0.
20.512 3 ESTIMATOR 2575.385742 -0.185088
20.514 3 GPS 3 64649878 548987810 0 316471 3 -6 2365 466129500 32 0
20.516 3 SVINFO 9 136 20 3 46 33 188
20.527 3 ATTITUDE 0.007402 -3.126963 0.133677
20.528 3 IMU_GYRO 1 -0.027588 0.027832 -0.042969
20.543 3 PONG 
20.560 3 DESIRED -0.8 0.11 3.1 -61. 59. 2595. 3.5 15.
20.575 3 WP_MOVED 0 649123. 5253077. 2595. 32
20.591 3 ATTITUDE 0.007413 -3.126859 0.133686
20.640 3 NAVIGATION 9 0 -2624.2 236801.5 0. 236816. 0 25 25 1 0 0
20.647 3 COMMANDS 0,-7105,-380
20.687 3 SHT_STATUS 0 0 0.1 -39.66
20.688 3 ATTITUDE 0.007383 -3.126731 0.133686
20.736 3 FBW_STATUS 2 0 1 11.33092 0.
20.752 3 GPS 3 64649879 548987820 0 316405 15 -7 2365 466129750 32 0
20.753 3 SVINFO 10 255 0 3 45 -91 0
20.768 3 DESIRED 0.03 0.11 3.1 -61. 59. 2595. 3.5 15.
20.784 3 ATTITUDE 0.007343 -3.126611 0.133734
20.864 3 STATE_FILTER_STATUS 6 3 0
20.896 3 ATTITUDE 0.007296 -3.12651 0.133717
20.897 3 IMU_ACCEL 1 1.219727 -0.087891 -9.360352
20.960 3 DESIRED -0.1 0.11 3.1 -61. 59. 2595. 3.5 15.
20.976 3 CALIBRATION -150. 0
20.992 3 ESTIMATOR 2575.319336 -0.169921
20.993 3 GPS 3 64649879 548987823 0 316361 5 -6 2365 466130000 32 0
20.994 3 LINK_REPORT 3 -1 21 0 20721 871 1 1015. 43. 5 61.37
21.007 3 SVINFO 11 255 0 3 47 -91 0
21.008 3 ATTITUDE 0.007267 -3.126413 0.133695
21.088 3 WP_MOVED 1 649123. 5253077. 2595. 32
21.104 3 LOGGER_STATUS 0 0 0 none
21.104 3 ATTITUDE 0.007221 -3.126282 0.133821
21.131 3 IMU_GYRO 1 -0.029053 0.026123 -0.042969
21.151 3 DESIRED -0.8 0.11 3.1 -61. 59. 2595. 3.5 15.
21.183 3 SHT_STATUS 0 0 0.1 -39.66
21.199 3 ATTITUDE 0.00723 -3.126194 0.133853
21.248 3 GPS 3 64649880 548987830 0 316292 2 0 2365 466130250 32 0
21.249 3 SVINFO 12 255 0 3 39 -91 0
21.295 3 ATTITUDE 0.007337 -3.12607 0.13375
21.312 3 ENERGY 0 11.34329 0. 0. 0. 0. 0.
21.344 3 GPS_SOL 601 58 390 5
21.345 3 AIRSPEED 0. 0. 0. 0.
21.360 3 DESIRED -0.8 0.11 3.1 -61. 59. 2595. 3.5 15.
21.376 3 CIRCLE 0. 0. -60.
21.392 3 ATTITUDE 0.007264 -3.125982 0.133766
21.488 3 ESTIMATOR 2575.474365 -0.045133
21.504 3 GPS 3 64649880 548987828 0 316250 2 0 2365 466130500 32 0
21.506 3 SVINFO 13 255 0 3 49 -91 0
21.506 3 ATTITUDE 0.00714 -3.125871 0.133872
21.536 3 FBW_STATUS 2 0 1 11.349475 0.
21.568 3 DESIRED -0.01 0.11 3.1 -61. 59. 2595. 3.5 15.
21.584 3 WP_MOVED 2 649046.125 5253124. 2595. 32
21.600 3 ATTITUDE 0.007286 -3.125761 0.133913
21.632 3 NAVIGATION 9 0 -2624.2 236801.5 0. 236816. 0 26 26 1 0 0
21.647 3 ACTUATORS 1040,1490,1519
21.648 3 IMU_MAG 0 0. 0. 0.
21.695 3 SHT_STATUS 0 0 0.1 -39.66
21.711 3 ATTITUDE 0.007284 -3.125658 0.133905
21.712 3 IMU_ACCEL 1 1.246094 -0.078125 -9.363281
21.728 3 IMU_GYRO 1 -0.029053 0.025635 -0.041992
21.744 3 GPS 3 64649879 548987831 0 316230 3 5 2365 466130750 32 0
21.746 3 SVINFO 14 255 0 3 47 -91 0
21.760 3 DESIRED -0.01 0.11 3.1 -61. 59. 2595. 3.5 15.
21.792 3 ATTITUDE 0.00728 -3.125531 0.133956
21.888 3 ATTITUDE 0.007238 -3.125425 0.133948
21.952 3 DESIRED 0.8 0.11 3.1 -61. 59. 2595. 3.5 15.
21.993 3 LINK_REPORT 3 -1 22 0 21658 910 1 937. 39. 5 61.37
22.011 3 DL_VALUE 17 2.
22.012 3 ESTIMATOR 2575.280518 -0.136351
22.014 3 GPS 3 64649878 548987838 0 316190 5 12 2365 466131000 32 0
22.016 3 SVINFO 0 5 16 6 39 -91 0
22.017 3 ATTITUDE 0.007134 -3.125313 0.133864
22.091 3 PPRZ_MODE 2 3 3 2 0 4
22.092 3 WP_MOVED 0 649123. 5253077. 2595. 32
22.107 3 ATTITUDE 0.007595 -3.125021 0.131732
22.107 3 ALIVE 8,144,6,66,11,198,81,189,7,217,216,157,220,111,57,170
22.155 3 DESIRED 0.8 0.11 3.1 -61. 59. 2595. 3.6 15.
22.186 3 SHT_STATUS 0 0 0.1 -39.66
22.202 3 ATTITUDE 0.007546 -3.124887 0.131759
22.235 3 GPS 3 64649877 548987847 0 316169 5 12 2365 466131250 32 0
22.251 3 SVINFO 1 16 13 7 43 57 295
22.283 3 ATTITUDE 0.007555 -3.124754 0.131768
22.315 3 IMU_GYRO 1 -0.028564 0.025635 -0.04248
22.331 3 AIRSPEED 0. 0. 0. 0.
22.363 3 DESIRED 0.8 0.11 3.1 -61. 59. 2595. 3.6 15.
22.395 3 ATTITUDE 0.00754 -3.124617 0.131777
22.411 3 ENERGY 0 11.337105 0. 0. 0. 0. 0.
22.427 3 CIRCLE 0. 0. -60.
22.491 3 ESTIMATOR 2575.213623 -0.139324
22.520 3 GPS 3 64649878 548987851 0 316198 3 8 2365 466131500 32 0
22.522 3 SVINFO 2 18 13 7 43 74 83
22.523 3 ATTITUDE 0.007407 -3.124523 0.132333
22.524 3 IMU_ACCEL 1 1.253906 -0.040039 -9.34375
22.551 3 DESIRED 0.72 0.11 3.1 -61. 59. 2595. 3.6 15.
22.583 3 WP_MOVED 1 649123. 5253077. 2595. 32
22.599 3 ATTITUDE 0.007465 -3.124414 0.132445
22.635 3 NAVIGATION 9 0 -2624.2 236801.5 0. 236816. 0 27 27 1 0 0
22.694 3 SHT_STATUS 0 0 0.1 -39.66
22.695 3 ATTITUDE 0.007561 -3.124284 0.132402
22.757 3 FBW_STATUS 2 0 1 11.337105 0.
22.758 3 GPS 3 64649879 548987853 0 316207 6 10 2365 466131750 32 0
22.760 3 SVINFO 3 26 13 7 46 69 226
22.761 3 DESIRED -0.8 0.11 3.1 -61. 59. 2595. 3.6 15.
22.789 3 ATTITUDE 0.007022 -3.124262 0.134363
22.885 3 ATTITUDE 0.007481 -3.124143 0.133661
22.917 3 IMU_GYRO 1 -0.026367 0.008789 -0.041504
22.966 3 IMU_MAG 0 0. 0. 0.
22.966 3 DESIRED 0.8 0.11 3.1 -61. 59. 2595. 3.6 15.
22.993 3 LINK_REPORT 3 -1 23 0 22645 951 1 987. 41. 5 61.37
23.008 3 ESTIMATOR 2574.923096 -0.248272
23.016 3 GPS 3 64649880 548987855 0 316214 9 10 2365 466132000 32 0
23.019 3 SVINFO 4 27 13 7 38 28 279
23.019 3 ATTITUDE 0.007389 -3.124013 0.133699
23.056 3 CALIBRATION -150. 0
23.072 3 STATE_FILTER_STATUS 6 3 0
23.088 3 WP_MOVED 2 649046.125 5253124. 2595. 32
23.104 3 ATTITUDE 0.00764 -3.123785 0.132103
23.152 3 DESIRED 0.8 0.11 3.1 -61. 59. 2595. 3.6 15.
23.183 3 SHT_STATUS 0 0 0.1 -39.66
23.199 3 ATTITUDE 0.007987 -3.123538 0.131578
23.232 3 GPS 3 64649882 548987860 0 316259 5 9 2365 466132250 32 0
23.296 3 ATTITUDE 0.008015 -3.123417 0.131538
23.297 3 IMU_ACCEL 1 1.249023 -0.049805 -9.279297
23.328 3 GPS_SOL 445 38 390 5
23.344 3 AIRSPEED 0. 0. 0. 0.
23.360 3 DESIRED 0.8 0.11 3.1 -61. 59. 2595. 3.7 15.
23.392 3 ATTITUDE 0.00811 -3.123246 0.131468
23.488 3 DL_VALUE 18 0.
23.504 3 CIRCLE 0. 0. -60.
23.505 3 ESTIMATOR 2574.630859 -0.35933
23.506 3 GPS 3 64649883 548987865 0 316309 12 11 2365 466132500 32 0
23.531 3 SVINFO 6 31 16 6 38 -91 0
23.532 3 ATTITUDE 0.008132 -3.123114 0.131442
23.533 3 ENERGY 0 11.33092 0. 0. 0. 0. 0.
23.534 3 IMU_GYRO 1 -0.027588 0.025635 -0.041992
23.534 3 FBW_STATUS 2 0 1 11.33092 0.
23.563 3 DESIRED 0.8 0.11 3.1 -61. 59. 2595. 3.7 15.
23.579 3 WP_MOVED 0 649123. 5253077. 2595. 32
23.595 3 ATTITUDE 0.008153 -3.122977 0.131411
23.643 3 COMMANDS 0,6968,-291
23.645 3 NAVIGATION 9 0 -2624.2 236801.5 0. 236816. 0 28 28 1 0 0
23.691 3 SHT_STATUS 0 0 0.1 -39.66
23.691 3 ATTITUDE 0.008166 -3.122821 0.131419
23.740 3 GPS 3 64649885 548987869 0 316342 7 19 2365 466132750 32 0
23.742 3 SVINFO 7 120 20 1 0 28 213
23.754 3 WIND_INFO 3 5 0. 0. 0. 0.
23.755 3 DESIRED 0.8 0.11 3.1 -61. 59. 2595. 3.7 15.
23.788 3 ATTITUDE 0.00818 -3.122661 0.131398
23.900 3 ATTITUDE 0.008198 -3.122511 0.131401
23.964 3 DESIRED 0.57 0.11 3.1 -61. 59. 2595. 3.7 15.
23.994 3 LINK_REPORT 3 -1 24 0 23594 991 1 949. 40. 6 61.37
24.008 3 ESTIMATOR 2574.682861 -0.222616
24.009 3 GPS 3 64649887 548987871 0 316387 3 7 2365 466133000 32 0
24.019 3 ATTITUDE 0.007672 -3.122535 0.133764
24.089 3 WP_MOVED 1 649123. 5253077. 2595. 32
24.104 3 ATTITUDE 0.007793 -3.122437 0.133759
24.105 3 IMU_ACCEL 1 1.301758 -0.038086 -9.34668
24.120 3 IMU_GYRO 1 -0.023193 0.017822 -0.04248
24.152 3 DESIRED 0.8 0.11 3.1 -61. 59. 2595. 3.7 15.
24.184 3 SHT_STATUS 0 0 0.1 -39.66
24.200 3 ATTITUDE 0.007881 -3.122319 0.133614
24.233 3 GPS 3 64649888 548987871 0 316389 3 8 2365 466133250 32 0
24.248 3 IMU_MAG 0 0. 0. 0.
24.296 3 ATTITUDE 0.008285 -3.122068 0.131591
24.329 3 AIRSPEED 0. 0. 0. 0.
24.361 3 DESIRED 0.8 0.11 3.1 -61. 59. 2595. 3.7 15.
24.393 3 ATTITUDE 0.008295 -3.121899 0.131616
24.489 3 ESTIMATOR 2574.599365 -0.218508
24.505 3 GPS 3 64649890 548987871 0 316413 2 6 2365 466133500 32 0
24.507 3 SVINFO 10 255 0 3 46 -91 0
24.509 3 ATTITUDE 0.007573 -3.12199 0.134379
24.537 3 CIRCLE 0. 0. -60.
24.553 3 DESIRED -0.01 0.11 3.1 -61. 59. 2595. 3.7 15.
24.585 3 WP_MOVED 2 649046.125 5253124. 2595. 32
24.601 3 ATTITUDE 0.008104 -3.121777 0.133073
24.616 3 ENERGY 0 11.349475 0. 0. 0. 0. 0.
24.639 3 NAVIGATION 9 0 -2624.1 236802. 0. 236816. 0 29 29 1 0 0
24.664 3 DATALINK_REPORT 1 6 0 959 0 0
24.680 3 SHT_STATUS 0 0 0.1 -39.66
24.696 3 ATTITUDE 0.008148 -3.121642 0.132864
24.712 3 IMU_GYRO 1 -0.024902 0.010742 -0.043457
24.744 3 FBW_STATUS 2 0 1 11.337105 0.
24.746 3 GPS 3 64649891 548987873 0 316432 13 11 2365 466133750 32 0
24.761 3 DESIRED 0.8 0.11 3.1 -61. 59. 2595. 3.7 15.
24.793 3 ATTITUDE 0.008875 -3.121413 0.130502
24.889 3 ATTITUDE 0.00875 -3.121243 0.130495
24.904 3 IMU_ACCEL 1 1.203125 -0.100586 -9.394531
24.953 3 DESIRED 0.8 0.11 3.1 -61. 59. 2595. 3.7 15.
24.985 3 DL_VALUE 19 0.
24.994 3 LINK_REPORT 3 -1 25 0 24534 1029 1 940. 38. 6 61.37
25.011 3 ESTIMATOR 2574.655029 -0.120829
25.012 3 GPS 3 64649894 548987876 0 316465 9 10 2365 466134000 32 0
25.015 3 SVINFO 12 255 0 3 38 -91 0
25.017 3 ATTITUDE 0.008703 -3.121083 0.130506
25.076 3 WP_MOVED 0 649123. 5253077. 2595. 32
25.090 3 ATTITUDE 0.008675 -3.120959 0.130524
25.155 3 DESIRED -0.01 0.11 3.1 -61. 59. 2595. 3.7 15.
25.170 3 CALIBRATION -150. 0
25.186 3 SHT_STATUS 0 0 0.1 -39.66
25.202 3 ATTITUDE 0.008669 -3.120823 0.130527
25.235 3 GPS 3 64649895 548987876 0 316492 2 2 2365 466134250 32 0
25.251 3 SVINFO 13 255 0 3 50 -91 0
25.267 3 STATE_FILTER_STATUS 6 3 0
25.299 3 ATTITUDE 0.007653 -3.120874 0.133279
25.315 3 IMU_GYRO 1 -0.013672 -0.023193 -0.040283
25.331 3 GPS_SOL 374 43 390 5
25.347 3 AIRSPEED 0. 0. 0. 0.
25.363 3 DESIRED -0.01 0.11 3.1 -61. 59. 2595. 3.7 15.
25.395 3 ATTITUDE 0.008039 -3.120706 0.132427
25.491 3 ESTIMATOR 2574.682861 -0.07508
25.507 3 GPS 3 64649897 548987877 0 316516 2 6 2365 466134500 32 0
25.508 3 SVINFO 14 255 0 3 46 -91 0
25.523 3 ATTITUDE 0.00813 -3.120584 0.132543
25.538 3 PONG 
25.539 3 FBW_STATUS 2 0 1 11.34329 0.
25.554 3 IMU_MAG 0 0. 0. 0.
25.571 3 DESIRED 0.8 0.11 3.1 -61. 59. 2595. 3.6 15.
25.587 3 CIRCLE 0. 0. -60.
25.587 3 WP_MOVED 1 649123. 5253077. 2595. 32
25.603 3 ATTITUDE 0.008643 -3.120275 0.130272
25.641 3 NAVIGATION 9 0 -2624. 236802. 0. 236816.5 0 30 30 1 0 0
25.650 3 COMMANDS 0,6960,-280
25.698 3 SHT_STATUS 0 0 0.1 -39.66
25.699 3 ATTITUDE 0.008594 -3.12013 0.130282
25.700 3 IMU_ACCEL 1 1.193359 -0.102539 -9.34375
25.714 3 ENERGY 0 11.349475 0. 0. 0. 0. 0.
25.747 3 NAVIGATION_REF 649123 5253077 32 2575.
25.748 3 GPS 3 64649899 548987880 0 316562 4 10 2365 466134750 32 0
25.763 3 DESIRED 0.8 0.11 3.1 -61. 59. 2595. 3.6 15.
25.795 3 ATTITUDE 0.008579 -3.119974 0.130285
25.891 3 ATTITUDE 0.008546 -3.119804 0.130273
25.907 3 IMU_GYRO 1 -0.029785 0.025635 -0.04248
25.955 3 DESIRED -0.8 0.11 3.1 -61. 59. 2595. 3.6 15.
25.987 3 ESTIMATOR 2574.92627 0.086435
25.995 3 LINK_REPORT 3 -1 26 0 25557 1073 1 1023. 44. 7 56.
26.003 3 GPS 3 64649900 548987882 0 316616 9 10 2365 466135000 32 0
26.005 3 ATTITUDE 0.008223 -3.11983 0.132117
26.083 3 WP_MOVED 2 649046.125 5253124. 2595. 32
26.099 3 ATTITUDE 0.007972 -3.119715 0.132611
26.162 3 DESIRED 0.8 0.11 3.1 -61. 59. 2595. 3.6 15.
26.208 3 LOGGER_STATUS 1 0 0 PPRZ\pprzlog_0117.LOG,FLIGHT_RECORDER\fr_0120.LOG
26.209 3 SHT_STATUS 0 0 0.1 -39.66
26.209 3 ATTITUDE 0.008006 -3.119577 0.132366
26.241 3 GPS 3 64649902 548987886 0 316686 9 10 2365 466135250 32 0
26.243 3 SVINFO 6 31 16 6 37 -91 0
26.289 3 ATTITUDE 0.008105 -3.119446 0.132456
26.337 3 AIRSPEED 0. 0. 0. 0.
26.353 3 DESIRED 0.8 0.11 3.1 -61. 59. 2595. 3.6 15.
26.385 3 ATTITUDE 0.008479 -3.119114 0.130336
26.526 3 DL_VALUE 20 0.
26.527 3 ESTIMATOR 2575.031006 0.128212
26.529 3 GPS 3 64649904 548987889 0 316756 7 16 2365 466135500 32 0
26.532 3 ATTITUDE 0.008541 -3.118957 0.130284
26.533 3 IMU_ACCEL 1 1.239258 -0.071289 -9.353516
26.533 3 IMU_GYRO 1 -0.028076 0.020996 -0.04248
26.559 3 DESIRED 0.8 0.11 3.1 -61. 59. 2595. 3.5 15.
26.590 3 WP_MOVED 0 649123. 5253077. 2595. 32
26.606 3 ATTITUDE 0.008521 -3.118808 0.130341
26.639 3 CIRCLE 0. 0. -60.
26.654 3 NAVIGATION 9 0 -2623.9 236802. 0. 236816.5 0 31 31 1 0 0
26.655 3 ACTUATORS 1040,1216,1241
26.685 3 SHT_STATUS 0 0 0.1 -39.66
26.701 3 ATTITUDE 0.008504 -3.118672 0.130306
26.734 3 FBW_STATUS 2 0 1 11.349475 0.
26.750 3 GPS 3 64649907 548987890 0 316839 4 16 2365 466135750 32 0
26.766 3 DESIRED 0.8 0.11 3.1 -61. 59. 2595. 3.5 15.
26.798 3 ATTITUDE 0.008538 -3.118537 0.130318
26.814 3 ENERGY 0 11.337105 0. 0. 0. 0. 0.
26.846 3 IMU_MAG 0 0. 0. 0.
26.894 3 ATTITUDE 0.008512 -3.118404 0.130302
26.959 3 DESIRED 0.8 0.11 3.1 -61. 59. 2595. 3.5 15.
26.990 3 PPRZ_MODE 2 3 3 2 0 4
26.990 3 ESTIMATOR 2575.492188 0.312769
26.996 3 LINK_REPORT 3 -1 27 0 26529 1111 1 972. 38. 7 56.
27.006 3 GPS 3 64649909 548987892 0 316909 9 18 2365 466136000 32 0
27.006 3 ATTITUDE 0.008528 -3.118258 0.130314
27.086 3 WP_MOVED 1 649123. 5253077. 2595. 32
27.102 3 ATTITUDE 0.008534 -3.118088 0.130338
27.118 3 IMU_GYRO 1 -0.028564 0.025146 -0.04248
27.167 3 DESIRED 0.8 0.11 3.1 -61. 59. 2595. 3.5 15.
27.212 3 SHT_STATUS 0 0 0.1 -39.66
27.213 3 ALIVE 8,144,6,66,11,198,81,189,7,217,216,157,220,111,57,170
27.216 3 ATTITUDE 0.008537 -3.117953 0.130329
27.245 3 GPS 3 64649910 548987894 0 316989 7 20 2365 466136250 32 0
27.261 3 CALIBRATION -150. 0
27.293 3 ATTITUDE 0.008572 -3.117808 0.13031
27.294 3 IMU_ACCEL 1 1.234375 -0.064453 -9.355469
27.341 3 GPS_SOL 337 39 390 5
27.343 3 AIRSPEED 0. 0. 0. 0.
27.358 3 DESIRED 0.8 0.11 3.1 -61. 59. 2595. 3.5 15.
27.389 3 ATTITUDE 0.008568 -3.117659 0.130322
27.469 3 STATE_FILTER_STATUS 6 3 0
27.511 3 ESTIMATOR 2575.705566 0.359849
27.512 3 GPS 3 64649912 548987896 0 317064 5 10 2365 466136500 32 0
27.514 3 ATTITUDE 0.008559 -3.117515 0.130303
27.527 3 FBW_STATUS 2 0 1 11.337105 0.
27.560 3 DESIRED 0.8 0.11 3.1 -61. 59. 2595. 3.5 15.
27.575 3 WP_MOVED 2 649046.125 5253124. 2595. 32
27.591 3 ATTITUDE 0.008556 -3.117372 0.130258
27.641 3 NAVIGATION 9 0 -2623.9 236802. 0. 236816.5 0 32 32 1 0 0
27.687 3 CIRCLE 0. 0. -60.
27.703 3 SHT_STATUS 0 0 0.1 -39.66
27.703 3 ATTITUDE 0.008561 -3.117215 0.13022
27.719 3 IMU_GYRO 1 -0.028076 0.024658 -0.042969
27.736 3 GPS 3 64649914 548987897 0 317115 7 6 2365 466136750 32 0
27.751 3 SVINFO 5 29 13 7 43 27 85
27.768 3 DESIRED 0.8 0.1 3.1 -61. 59. 2595. 3.5 15.
27.799 3 ATTITUDE 0.008568 -3.11706 0.130187
27.895 3 ATTITUDE 0.008593 -3.116902 0.130167
27.912 3 ENERGY 0 11.31855 0. 0. 0. 0. 0.
27.960 3 DESIRED 0.8 0.1 3.1 -61. 59. 2595. 3.5 15.
27.991 3 DL_VALUE 21 0.
27.992 3 ESTIMATOR 2575.628418 0.194367
27.996 3 LINK_REPORT 3 -1 28 0 27477 1150 1 948. 39. 7 56.
28.008 3 GPS 3 64649915 548987900 0 317164 7 8 2365 466137000 32 0
28.009 3 ATTITUDE 0.008631 -3.11675 0.130191
28.087 3 WP_MOVED 0 649123. 5253077. 2595. 32
28.103 3 ATTITUDE 0.008647 -3.116622 0.130173
28.104 3 IMU_ACCEL 1 1.214844 -0.061523 -9.360352
28.167 3 IMU_MAG 0 0. 0. 0.
28.168 3 DESIRED 0.8 0.11 3.1 -61. 59. 2595. 3.5 15.
28.199 3 SHT_STATUS 0 0 0.1 -39.66
28.199 3 ATTITUDE 0.008679 -3.116467 0.13015
28.248 3 GPS 3 64649918 548987901 0 317246 6 7 2365 466137250 32 0
28.249 3 SVINFO 9 136 20 6 44 33 188
28.296 3 ATTITUDE 0.008688 -3.116312 0.130161
28.311 3 IMU_GYRO 1 -0.028076 0.023682 -0.04248
28.328 3 AIRSPEED 0. 0. 0. 0.
28.360 3 DESIRED 0.8 0.11 3.1 -61. 59. 2595. 3.5 15.
28.391 3 ATTITUDE 0.00869 -3.116192 0.130174
28.488 3 ESTIMATOR 2575.594238 0.134364
28.504 3 GPS 3 64649920 548987902 0 317310 3 4 2365 466137500 32 0
28.505 3 SVINFO 11 73 12 3 36 39 317
28.506 3 ATTITUDE 0.007816 -3.116276 0.133415
28.552 3 DESIRED -0.8 0.11 3.1 -61. 59. 2595. 3.5 15.
28.584 3 WP_MOVED 1 649123. 5253077. 2595. 32
28.600 3 ATTITUDE 0.008266 -3.116057 0.132574
28.642 3 COMMANDS 0,-7106,-374
28.648 3 NAVIGATION 9 0 -2623.8 236802. 0. 236816.5 0 33 33 1 0 0
28.696 3 SHT_STATUS 0 0 0.1 -39.66
28.696 3 ATTITUDE 0.008313 -3.115955 0.132442
28.744 3 FBW_STATUS 2 0 1 11.337105 0.
28.745 3 CIRCLE 0. 0. -60.
28.773 3 GPS 3 64649922 548987899 0 317346 5 0 2365 466137750 32 0
28.775 3 SVINFO 14 82 12 3 44 78 338
28.775 3 DESIRED -0.01 0.11 3.1 -61. 59. 2595. 3.5 15.
28.789 3 ATTITUDE 0.008416 -3.115825 0.132548
28.901 3 ATTITUDE 0.008394 -3.115677 0.132604
28.902 3 IMU_ACCEL 1 1.258789 -0.069336 -9.329102
28.917 3 IMU_GYRO 1 -0.029053 0.024658 -0.041992
28.965 3 DESIRED 0.8 0.11 3.1 -61. 59. 2595. 3.5 15.
28.997 3 LINK_REPORT 3 -1 29 0 28383 1187 1 906. 37. 7 56.
29.009 3 ESTIMATOR 2575.407471 -0.006813
29.011 3 GPS 3 64649924 548987896 0 317387 4 6 2365 466138000 32 0
29.013 3 SVINFO 1 16 13 7 41 57 295
29.014 3 ATTITUDE 0.008365 -3.115532 0.132587
29.015 3 ENERGY 0 11.349475 0. 0. 0. 0. 0.
29.090 3 WP_MOVED 2 649046.125 5253124. 2595. 32
29.106 3 ATTITUDE 0.008796 -3.115202 0.130415
29.154 3 DESIRED 0.8 0.11 3.1 -61. 59. 2595. 3.5 15.
29.185 3 SHT_STATUS 0 0 0.1 -39.66
29.201 3 ATTITUDE 0.008753 -3.115042 0.130511
29.233 3 GPS 3 64649927 548987891 0 317482 3 2 2365 466138250 32 0
29.249 3 SVINFO 3 26 13 7 43 69 226
29.297 3 ATTITUDE 0.008739 -3.114865 0.13052
29.330 3 GPS_SOL 312 30 211 10
29.346 3 AIRSPEED 0. 0. 0. 0.
29.362 3 DESIRED 0.8 0.11 3.1 -61. 59. 2595. 3.6 15.
29.378 3 CALIBRATION -150. 0
29.394 3 ATTITUDE 0.008661 -3.114715 0.130545
29.458 3 IMU_MAG 0 0. 0. 0.
29.490 3 DL_VALUE 22 0.
29.490 3 ESTIMATOR 2575.25708 -0.087883
29.520 3 GPS 3 64649929 548987888 0 317604 3 4 2365 466138500 32 0
29.522 3 ATTITUDE 0.008658 -3.114571 0.130541
29.523 3 IMU_GYRO 1 -0.028076 0.025146 -0.043457
29.536 3 FBW_STATUS 2 0 1 11.34329 0.
29.552 3 AUTOPILOT_VERSION 60400 v6.4.0_stable
29.568 3 DESIRED 0.8 0.11 3.1 -61. 59. 2595. 3.5 15.
29.584 3 WP_MOVED 0 649123. 5253077. 2595. 32
29.599 3 ATTITUDE 0.008671 -3.114446 0.130535
29.642 3 NAVIGATION 9 0 -2623.8 236802. 0. 236816.5 0 34 34 1 0 0
29.663 3 STATE_FILTER_STATUS 6 3 0
29.695 3 SHT_STATUS 0 0 0.1 -39.66
29.696 3 ATTITUDE 0.008657 -3.114312 0.130553
29.696 3 IMU_ACCEL 1 1.186523 -0.061523 -9.31543
29.744 3 GPS 3 64649929 548987880 1364 317639 30 4 2365 466138750 32 0
29.760 3 DATALINK_REPORT 4 7 0 50789 0 0
29.761 3 DESIRED 0.17 0.11 3.1 -61. 59. 2595. 3.5 15.
29.776 3 CIRCLE 0. 0. -60.
29.792 3 ATTITUDE 0.00825 -3.114326 0.132625
29.888 3 ATTITUDE 0.008416 -3.114194 0.132243
29.952 3 DESIRED -0.8 0.11 3.1 -61. 59. 2595. 3.6 15.
29.984 3 ESTIMATOR 2575.233398 -0.082116
29.998 3 LINK_REPORT 3 -1 30 0 29383 1229 1 1000. 42. 7 56.
30.000 3 GPS 3 64649927 548987865 386 317555 39 -14 2365 466139000 32 0
30.001 3 ATTITUDE 0.008485 -3.114068 0.132089
30.080 3 WP_MOVED 1 649123. 5253077. 2595. 32
30.096 3 ATTITUDE 0.008482 -3.11393 0.131997
30.129 3 ENERGY 0 11.349475 0. 0. 0. 0. 0.
30.129 3 IMU_GYRO 1 -0.028564 0.019775 -0.04248
30.159 3 DESIRED -0.8 0.11 3.1 -61. 59. 2595. 3.6 15.
30.191 3 SHT_STATUS 0 0 0.1 -39.66
30.191 3 ATTITUDE 0.008554 -3.113809 0.1321
30.240 3 GPS 3 64649923 548987863 212 317532 26 -20 2365 466139250 32 0
30.242 3 SVINFO 12 80 13 7 44 65 214
30.288 3 ATTITUDE 0.008547 -3.113679 0.132127
30.336 3 AIRSPEED 0. 0. 0. 0.
30.369 3 DESIRED -0.8 0.11 3.1 -61. 59. 2595. 3.6 15.
30.384 3 ATTITUDE 0.00854 -3.113575 0.132105
30.511 3 ESTIMATOR 2575.196777 -0.082244
30.513 3 GPS 3 64649920 548987860 212 317574 5 -13 2365 466139500 32 0
30.515 3 ATTITUDE 0.008532 -3.113456 0.132133
30.515 3 IMU_ACCEL 1 1.236328 -0.078125 -9.348633
30.526 3 PONG 
30.559 3 DESIRED -0.8 0.11 3.1 -61. 59. 2595. 3.6 15.
30.575 3 WP_MOVED 2 649046.125 5253124. 2595. 32
30.591 3 ATTITUDE 0.008494 -3.113331 0.132129
30.660 3 NAVIGATION 9 0 -2623.8 236801.5 0. 236816. 0 35 35 1 0 0
30.661 3 COMMANDS 0,-7115,-341
30.686 3 SHT_STATUS 0 0 0.1 -39.66
30.702 3 ATTITUDE 0.008517 -3.113201 0.132134
30.718 3 IMU_GYRO 1 -0.029785 0.026123 -0.042969
30.735 3 FBW_STATUS 2 0 1 11.349475 0.
30.751 3 GPS 3 64649918 548987848 212 317575 2 -5 2365 466139750 32 0
30.753 3 SVINFO 2 18 13 7 35 74 83
30.767 3 IMU_MAG 0 0. 0. 0.
30.768 3 DESIRED -0.73 0.11 3.1 -61. 59. 2595. 3.6 15.
30.783 3 ATTITUDE 0.008448 -3.113073 0.132206
30.831 3 CIRCLE 0. 0. -60.
30.895 3 ATTITUDE 0.008417 -3.112944 0.13219
30.960 3 DESIRED 0.36 0.11 3.1 -61. 59. 2595. 3.6 15.
30.991 3 DL_VALUE 23 0.
30.992 3 ESTIMATOR 2575.005127 -0.159493
30.998 3 LINK_REPORT 3 -1 31 0 30322 1268 1 939. 39. 8 42.99
31.007 3 GPS 3 64649918 548987838 212 317588 4 -2 2365 466140000 32 0
31.009 3 SVINFO 4 27 13 7 39 28 279
31.010 3 ATTITUDE 0.008356 -3.112795 0.132197
31.088 3 WP_MOVED 0 649123. 5253077. 2595. 32
31.103 3 ATTITUDE 0.008435 -3.112668 0.13214
31.167 3 DESIRED -0.8 0.11 3.1 -61. 59. 2595. 3.6 15.
31.183 3 SHT_STATUS 0 0 0.1 -39.66
31.199 3 ATTITUDE 0.008347 -3.112554 0.13213
31.214 3 ENERGY 0 11.337105 0. 0. 0. 0. 0.
31.247 3 GPS 3 64649917 548987828 212 317576 4 1 2365 466140250 32 0
31.248 3 SVINFO 6 31 16 6 37 -91 0
31.296 3 LOGGER_STATUS 1 0 32768 PPRZ\pprzlog_0117.LOG,FLIGHT_RECORDER\fr_0120.LOG
31.297 3 ATTITUDE 0.008291 -3.112447 0.132149
31.297 3 IMU_ACCEL 1 1.174805 -0.044922 -9.28125
31.311 3 IMU_GYRO 1 -0.031738 0.023682 -0.042969
31.343 3 GPS_SOL 272 31 211 10
31.344 3 AIRSPEED 0. 0. 0. 0.
31.360 3 DESIRED -0.8 0.11 3.1 -61. 59. 2595. 3.6 15.
31.391 3 ATTITUDE 0.008453 -3.112343 0.132177
31.455 3 CALIBRATION -150. 0
31.487 3 ESTIMATOR 2575.095947 -0.072929
31.513 3 GPS 3 64649916 548987821 212 317596 3 -3 2365 466140500 32 0
31.515 3 SVINFO 8 121 16 3 35 -91 0
31.516 3 ATTITUDE 0.008403 -3.112228 0.132189
31.529 3 FBW_STATUS 2 0 1 11.349475 0.
31.562 3 DESIRED -0.8 0.11 3.1 -61. 59. 2595. 3.6 15.
31.577 3 WP_MOVED 1 649123. 5253077. 2595. 32
31.593 3 ATTITUDE 0.00836 -3.112087 0.132184
31.647 3 NAVIGATION 9 0 -2623.8 236801.5 0. 236816. 0 36 36 1 0 0
31.648 3 ACTUATORS 1040,1764,1791
31.689 3 SHT_STATUS 0 0 0.1 -39.66
31.689 3 ATTITUDE 0.008369 -3.111976 0.132184
31.737 3 GPS 3 64649917 548987809 212 317587 15 -12 2365 466140750 32 0
31.738 3 SVINFO 11 73 13 7 37 39 317
31.770 3 DESIRED 0.18 0.11 3.1 -61. 59. 2595. 3.6 15.
31.785 3 ATTITUDE 0.008506 -3.111865 0.132466
31.865 3 STATE_FILTER_STATUS 6 3 0
31.886 3 PPRZ_MODE 2 3 3 2 0 4
31.897 3 CIRCLE 0. 0. -60.
31.898 3 ATTITUDE 0.008465 -3.111754 0.132479
31.913 3 IMU_GYRO 1 -0.032959 0.024658 -0.041992
31.962 3 DESIRED 0.8 0.11 3.1 -61. 59. 2595. 3.5 15.
31.993 3 ESTIMATOR 2575.416016 0.121666
31.995 3 GPS 3 64649923 548987800 212 317731 18 5 2365 466141000 32 0
31.999 3 LINK_REPORT 3 -1 32 0 31408 1312 1 1086. 44. 8 42.99
32.009 3 ATTITUDE 0.008475 -3.111641 0.132454
32.057 3 IMU_MAG 0 0. 0. 0.
32.090 3 WP_MOVED 2 649046.125 5253124. 2595. 32
32.105 3 ATTITUDE 0.009056 -3.111338 0.130267
32.106 3 IMU_ACCEL 1 1.15332 -0.083008 -9.422852
32.154 3 DESIRED -0.1 0.11 3.1 -61. 59. 2595. 3.5 15.
32.185 3 SHT_STATUS 0 0 0.1 -39.66
32.201 3 ATTITUDE 0.009023 -3.1112 0.130297
32.233 3 GPS 3 64649927 548987790 212 317801 15 -8 2365 466141250 32 0
32.282 3 ALIVE 8,144,6,66,11,198,81,189,7,217,216,157,220,111,57,170
32.297 3 ATTITUDE 0.008285 -3.11127 0.132926
32.313 3 ENERGY 0 11.349475 0. 0. 0. 0. 0.
32.329 3 AIRSPEED 0. 0. 0. 0.
32.362 3 DESIRED -0.1 0.11 3.1 -61. 59. 2595. 3.5 15.
32.393 3 ATTITUDE 0.008704 -3.111119 0.13198
32.489 3 DL_VALUE 24 0.
32.490 3 ESTIMATOR 2575.412598 0.095293
32.505 3 GPS 3 64649931 548987784 212 317944 3 0 2365 466141500 32 0
32.509 3 ATTITUDE 0.008667 -3.110998 0.131907
32.509 3 IMU_GYRO 1 -0.0271 0.016602 -0.041992
32.554 3 DESIRED 0.8 0.11 3.1 -61. 59. 2595. 3.5 15.
32.586 3 WP_MOVED 0 649123. 5253077. 2595. 32
32.601 3 ATTITUDE 0.00869 -3.110718 0.130367
32.634 3 NAVIGATION 9 0 -2623.6 236801. 0. 236815.5 0 37 37 1 0 0
32.681 3 SHT_STATUS 0 0 0.1 -39.66
32.697 3 ATTITUDE 0.008707 -3.110561 0.130343
32.756 3 FBW_STATUS 2 0 1 11.337105 0.
32.758 3 GPS 3 64649935 548987779 212 318076 2 -1 2365 466141750 32 0
32.759 3 SVINFO 5 29 13 7 43 27 85
32.760 3 DESIRED -0.22 0.11 3.1 -61. 59. 2595. 3.6 15.
32.788 3 ATTITUDE 0.008027 -3.110596 0.133053
32.901 3 ATTITUDE 0.00823 -3.110457 0.132628
32.902 3 IMU_ACCEL 1 1.313477 -0.018555 -9.336914
32.933 3 CIRCLE 0. 0. -60.
32.965 3 DESIRED 0.8 0.11 3.1 -61. 59. 2595. 3.6 15.
33.000 3 LINK_REPORT 3 -1 33 0 32282 1347 1 874. 35. 8 42.99
33.008 3 ESTIMATOR 2575.230469 -0.025625
33.009 3 GPS 3 64649938 548987772 212 318160 4 6 2365 466142000 32 0
33.011 3 ATTITUDE 0.008478 -3.110301 0.132395
33.088 3 WP_MOVED 1 649123. 5253077. 2595. 32
33.103 3 ATTITUDE 0.008896 -3.110049 0.130292
33.120 3 IMU_GYRO 1 -0.022705 0.02417 -0.041992
33.152 3 DESIRED 0.8 0.11 3.1 -61. 59. 2595. 3.6 15.
33.199 3 SHT_STATUS 0 0 0.1 -39.66
33.199 3 ATTITUDE 0.008948 -3.109889 0.130319
33.247 3 GPS 3 64649941 548987766 212 318230 5 7 2365 466142250 32 0
33.249 3 SVINFO 9 136 20 7 44 33 188
33.295 3 ATTITUDE 0.008932 -3.10972 0.130344
33.343 3 GPS_SOL 244 29 211 10
33.344 3 AIRSPEED 0. 0. 0. 0.
33.360 3 IMU_MAG 0 0. 0. 0.
33.376 3 DESIRED 0.8 0.11 3.1 -61. 59. 2595. 3.6 15.
33.392 3 ATTITUDE 0.008915 -3.109559 0.130318
33.424 3 ENERGY 0 11.349475 0. 0. 0. 0. 0.
33.487 3 ESTIMATOR 2575.082031 -0.103825
33.504 3 GPS 3 64649946 548987761 212 318338 1 2 2365 466142500 32 0
33.506 3 SVINFO 11 73 13 7 40 39 317
33.506 3 ATTITUDE 0.008897 -3.10941 0.13031
33.536 3 FBW_STATUS 2 0 1 11.337105 0.
33.568 3 DESIRED 0.8 0.11 3.1 -61. 59. 2595. 3.6 15.
33.569 3 CALIBRATION -150. 0
33.600 3 WP_MOVED 2 649046.125 5253124. 2595. 32
33.601 3 ATTITUDE 0.008879 -3.109296 0.130321
33.632 3 COMMANDS 0,6962,-307
33.648 3 NAVIGATION 9 0 -2623.5 236801. 0. 236815.5 0 38 38 1 0 0
33.695 3 SHT_STATUS 0 0 0.1 -39.66
33.695 3 ATTITUDE 0.008799 -3.109134 0.130334
33.711 3 IMU_ACCEL 1 1.232422 -0.078125 -9.373047
33.711 3 IMU_GYRO 1 -0.027588 0.024658 -0.04248
33.744 3 GPS 3 64649947 548987756 212 318355 2 2 2365 466142750 32 0
33.745 3 SVINFO 14 82 13 7 45 78 338
33.755 3 WIND_INFO 3 5 0. 0. 0. 0.
33.760 3 DESIRED 0.8 0.11 3.1 -61. 59. 2595. 3.6 15.
33.792 3 ATTITUDE 0.008786 -3.108981 0.130329
33.888 3 ATTITUDE 0.008781 -3.108828 0.130319
33.954 3 DESIRED -0.73 0.11 3.1 -61. 59. 2595. 3.6 15.
34.001 3 LINK_REPORT 3 -1 34 0 33228 1386 1 946. 39. 9 42.99
34.011 3 DL_VALUE 25 140.
34.011 3 CIRCLE 0. 0. -60.
34.012 3 ESTIMATOR 2575.144287 -0.037229
34.013 3 GPS 3 64649950 548987751 212 318426 2 -1 2365 466143000 32 0
34.016 3 SVINFO 1 16 13 7 44 57 295
34.016 3 ATTITUDE 0.007984 -3.108926 0.133098
34.075 3 STATE_FILTER_STATUS 6 3 0
34.091 3 WP_MOVED 0 649123. 5253077. 2595. 32
34.092 3 ATTITUDE 0.007893 -3.108793 0.133092
34.156 3 DESIRED 0.36 0.11 3.1 -61. 59. 2595. 3.6 15.
34.186 3 SHT_STATUS 0 0 0.1 -39.66
34.202 3 ATTITUDE 0.008065 -3.108653 0.132715
34.234 3 GPS 3 64649955 548987748 212 318538 2 2 2365 466143250 32 0
34.235 3 SVINFO 3 26 13 7 47 69 226
34.299 3 ATTITUDE 0.008103 -3.108542 0.132777
34.315 3 IMU_GYRO 1 -0.036621 0.014648 -0.041504
34.331 3 AIRSPEED 0. 0. 0. 0.
34.363 3 DESIRED 0.36 0.11 3.1 -61. 59. 2595. 3.6 15.
34.395 3 ATTITUDE 0.008128 -3.108432 0.132696
34.491 3 ESTIMATOR 2574.988037 -0.120338
34.522 3 GPS 3 64649958 548987744 212 318634 3 10 2365 466143500 32 0
34.524 3 ATTITUDE 0.008044 -3.108323 0.132753
34.525 3 IMU_ACCEL 1 1.265625 -0.042969 -9.336914
34.525 3 ENERGY 0 11.34329 0. 0. 0. 0. 0.
34.554 3 DESIRED 0.57 0.11 3.1 -61. 59. 2595. 3.6 15.
34.586 3 WP_MOVED 1 649123. 5253077. 2595. 32
34.602 3 ATTITUDE 0.008045 -3.108184 0.132766
34.635 3 NAVIGATION 9 0 -2623.4 236800. 0. 236815.5 0 39 39 1 0 0
34.650 3 IMU_MAG 0 0. 0. 0.
34.681 3 SHT_STATUS 0 0 0.1 -39.66
34.697 3 ATTITUDE 0.008057 -3.108079 0.132808
34.759 3 NAVIGATION_REF 649123 5253077 32 2575.
34.760 3 FBW_STATUS 2 0 1 11.349475 0.
34.761 3 GPS 3 64649961 548987739 212 318691 3 3 2365 466143750 32 0
34.763 3 DESIRED 0.57 0.11 3.1 -61. 59. 2595. 3.6 15.
34.791 3 ATTITUDE 0.008062 -3.107955 0.132818
34.839 3 DATALINK_REPORT 1 9 0 51206 0 0
34.887 3 ATTITUDE 0.008101 -3.107834 0.132812
34.919 3 IMU_GYRO 1 -0.028564 0.024658 -0.043457
34.952 3 DESIRED 0.57 0.11 3.1 -61. 59. 2595. 3.6 15.
34.984 3 ESTIMATOR 2575.049316 -0.050542
34.999 3 GPS 3 64649964 548987734 212 318707 3 0 2365 466144000 32 0
35.001 3 ATTITUDE 0.008104 -3.107735 0.132797
35.002 3 LINK_REPORT 3 -1 35 0 34267 1429 1 1039. 43. 9 42.99
35.031 3 CIRCLE 0. 0. -60.
35.079 3 WP_MOVED 2 649046.125 5253124. 2595. 32
35.094 3 ATTITUDE 0.008109 -3.107595 0.132768
35.158 3 DESIRED 0.36 0.11 3.1 -61. 59. 2595. 3.6 15.
35.191 3 SHT_STATUS 0 0 0.1 -39.66
35.191 3 ATTITUDE 0.008109 -3.107442 0.132753
35.239 3 GPS 3 64649964 548987730 212 318700 1 0 2365 466144250 32 0
35.303 3 ATTITUDE 0.008056 -3.107327 0.132812
35.304 3 IMU_ACCEL 1 1.275391 -0.05957 -9.355469
35.335 3 GPS_SOL 223 19 211 10
35.336 3 AIRSPEED 0. 0. 0. 0.
35.368 3 DESIRED 0.36 0.11 3.1 -61. 59. 2595. 3.6 15.
35.383 3 ATTITUDE 0.008037 -3.107228 0.13284
35.510 3 DL_VALUE 26 0.
35.511 3 ESTIMATOR 2575.199463 0.044482
35.513 3 GPS 3 64649967 548987726 212 318764 1 -2 2365 466144500 32 0
35.515 3 SVINFO 14 82 13 7 46 78 338
35.516 3 ATTITUDE 0.008096 -3.107103 0.132778
35.517 3 IMU_GYRO 1 -0.030762 0.02417 -0.041992
35.526 3 PONG 
35.542 3 FBW_STATUS 2 0 1 11.34329 0.
35.558 3 DESIRED -0.37 0.11 3.1 -61. 59. 2595. 3.6 15.
35.574 3 WP_MOVED 0 649123. 5253077. 2595. 32
35.590 3 ATTITUDE 0.008005 -3.106985 0.132728
35.622 3 ENERGY 0 11.349475 0. 0. 0. 0. 0.
35.650 3 NAVIGATION 9 0 -2623.3 236800. 0. 236814.5 0 40 40 1 0 0
35.651 3 COMMANDS 0,-3309,-349
35.654 3 CALIBRATION -150. 0
35.685 3 SHT_STATUS 0 0 0.1 -39.66
35.702 3 ATTITUDE 0.007969 -3.10686 0.132783
35.734 3 GPS 3 64649969 548987723 212 318788 2 1 2365 466144750 32 0
35.767 3 DESIRED 0.8 0.11 3.1 -61. 59. 2595. 3.6 15.
35.782 3 ATTITUDE 0.007934 -3.106746 0.132589
35.894 3 ATTITUDE 0.008416 -3.106463 0.130449
35.959 3 IMU_MAG 0 0. 0. 0.
35.975 3 DESIRED 0.8 0.11 3.1 -61. 59. 2595. 3.5 15.
35.990 3 ESTIMATOR 2575.307373 0.096041
36.002 3 LINK_REPORT 3 -1 36 0 35146 1466 1 879. 37. 10 41.18
36.007 3 GPS 3 64649967 548987717 212 318726 2 4 2365 466145000 32 0
36.009 3 SVINFO 4 27 13 6 38 28 279
36.010 3 ATTITUDE 0.008342 -3.106322 0.130507
36.086 3 CIRCLE 0. 0. -60.
36.087 3 WP_MOVED 1 649123. 5253077. 2595. 32
36.102 3 ATTITUDE 0.008318 -3.106185 0.130542
36.103 3 IMU_ACCEL 1 1.222656 -0.083008 -9.379883
36.118 3 IMU_GYRO 1 -0.028564 0.026123 -0.04248
36.166 3 DESIRED 0.8 0.11 3.1 -61. 59. 2595. 3.6 15.
36.182 3 SHT_STATUS 0 0 0.1 -39.66
36.198 3 ATTITUDE 0.008303 -3.106056 0.130555
36.230 3 GPS 3 64649966 548987712 212 318677 4 6 2365 466145250 32 0
36.262 3 STATE_FILTER_STATUS 6 3 0
36.295 3 ATTITUDE 0.008303 -3.10594 0.130584
36.326 3 AIRSPEED 0. 0. 0. 0.
36.360 3 DESIRED 0.8 0.11 3.1 -61. 59. 2595. 3.5 15.
36.392 3 LOGGER_STATUS 1 0 73728 PPRZ\pprzlog_0117.LOG,FLIGHT_RECORDER\fr_0120.LOG
36.392 3 ATTITUDE 0.008304 -3.105805 0.130616
36.486 3 ESTIMATOR 2575.355225 0.105498
36.503 3 GPS 3 64649968 548987707 212 318713 4 5 2365 466145500 32 0
36.504 3 ATTITUDE 0.008269 -3.105661 0.130608
36.567 3 DESIRED 0.8 0.11 3.1 -61. 59. 2595. 3.5 15.
36.582 3 WP_MOVED 2 649046.125 5253124. 2595. 32
36.598 3 ATTITUDE 0.008233 -3.105507 0.130631
36.651 3 NAVIGATION 9 0 -2623.3 236800. 0. 236814.5 0 41 41 1 0 0
36.653 3 ACTUATORS 1040,1216,1241
36.694 3 SHT_STATUS 0 0 0.1 -39.66
36.694 3 ATTITUDE 0.008192 -3.105378 0.130638
36.726 3 ENERGY 0 11.349475 0. 0. 0. 0. 0.
36.726 3 IMU_GYRO 1 -0.028076 0.025146 -0.042969
36.742 3 FBW_STATUS 2 0 1 11.349475 0.
36.743 3 GPS 3 64649969 548987702 212 318703 2 6 2365 466145750 32 0
36.759 3 DESIRED 0.8 0.11 3.1 -61. 59. 2595. 3.5 15.
36.774 3 PPRZ_MODE 2 3 3 2 0 4
36.790 3 ATTITUDE 0.008149 -3.105254 0.130645
36.903 3 ATTITUDE 0.008144 -3.105081 0.130628
36.903 3 IMU_ACCEL 1 1.227539 -0.102539 -9.373047
36.967 3 DESIRED 0.8 0.11 3.1 -61. 59. 2595. 3.6 15.
37.003 3 LINK_REPORT 3 -1 37 0 36122 1504 1 976. 38. 10 41.18
37.008 3 DL_VALUE 27 0.
37.009 3 ESTIMATOR 2575.238037 0.007742
37.010 3 GPS 3 64649968 548987695 212 318666 4 10 2365 466146000 32 0
37.012 3 ATTITUDE 0.008129 -3.104934 0.130596
37.089 3 WP_MOVED 0 649123. 5253077. 2595. 32
37.104 3 ATTITUDE 0.008124 -3.10479 0.130623
37.137 3 CIRCLE 0. 0. -60.
37.162 3 DESIRED 0.8 0.11 3.1 -61. 59. 2595. 3.6 15.
37.184 3 SHT_STATUS 0 0 0.1 -39.66
37.200 3 ATTITUDE 0.008093 -3.104651 0.130623
37.232 3 GPS 3 64649969 548987685 212 318614 4 13 2365 466146250 32 0
37.248 3 IMU_MAG 0 0. 0. 0.
37.296 3 ATTITUDE 0.008074 -3.104516 0.130654
37.313 3 IMU_GYRO 1 -0.028564 0.026123 -0.04248
37.344 3 GPS_SOL 205 24 156 11
37.345 3 AIRSPEED 0. 0. 0. 0.
37.361 3 DESIRED 0.8 0.11 3.1 -61. 59. 2595. 3.6 15.
37.377 3 ALIVE 8,144,6,66,11,198,81,189,7,217,216,157,220,111,57,170
37.393 3 ATTITUDE 0.008027 -3.104388 0.130663
37.488 3 ESTIMATOR 2575.128906 -0.054404
37.505 3 GPS 3 64649969 548987675 212 318572 7 8 2365 466146500 32 0
37.506 3 ATTITUDE 0.00802 -3.104249 0.130671
37.536 3 FBW_STATUS 2 0 1 11.324735 0.
37.553 3 DESIRED 0.8 0.11 3.1 -61. 59. 2595. 3.6 15.
37.585 3 WP_MOVED 1 649123. 5253077. 2595. 32
37.601 3 ATTITUDE 0.007964 -3.104115 0.130696
37.633 3 NAVIGATION 9 0 -2623.3 236799.5 0. 236814. 0 42 42 1 0 0
37.696 3 SHT_STATUS 0 0 0.1 -39.66
37.712 3 ATTITUDE 0.007958 -3.10397 0.130694
37.712 3 IMU_ACCEL 1 1.217773 -0.081055 -9.386719
37.744 3 GPS 3 64649969 548987667 212 318549 1 0 2365 466146750 32 0
37.761 3 DESIRED 0.72 0.11 3.1 -61. 59. 2595. 3.6 15.
37.776 3 CALIBRATION -150. 0
37.793 3 ATTITUDE 0.007729 -3.103875 0.131382
37.825 3 ENERGY 0 11.34329 0. 0. 0. 0. 0.
37.889 3 ATTITUDE 0.007765 -3.103751 0.131482
37.905 3 IMU_GYRO 1 -0.0271 0.025146 -0.04248
37.953 3 DESIRED 0.36 0.11 3.1 -61. 59. 2595. 3.6 15.
37.985 3 ESTIMATOR 2575.02124 -0.104875
38.001 3 GPS 3 64649969 548987657 212 318468 1 0 2365 466147000 32 0
38.002 3 ATTITUDE 0.00736 -3.103751 0.133074
38.004 3 LINK_REPORT 3 -1 38 0 37134 1545 1 1012. 41. 10 41.18
38.081 3 WP_MOVED 2 649046.125 5253124. 2595. 32
38.097 3 ATTITUDE 0.007384 -3.103657 0.133027
38.161 3 DESIRED -0.01 0.11 3.1 -61. 59. 2595. 3.6 15.
38.177 3 CIRCLE 0. 0. -60.
38.208 3 SHT_STATUS 0 0 0.1 -39.66
38.208 3 ATTITUDE 0.007422 -3.103526 0.132866
38.240 3 GPS 3 64649969 548987650 212 318421 4 -6 2365 466147250 32 0
38.289 3 ATTITUDE 0.007394 -3.103411 0.132753
38.337 3 AIRSPEED 0. 0. 0. 0.
38.353 3 DESIRED -0.01 0.11 3.1 -61. 59. 2595. 3.6 15.
38.385 3 ATTITUDE 0.007357 -3.103311 0.13282
38.465 3 STATE_FILTER_STATUS 6 3 0
38.523 3 DL_VALUE 28 0.
38.524 3 ESTIMATOR 2574.911621 -0.144792
38.525 3 GPS 3 64649968 548987642 212 318369 2 -2 2365 466147500 32 0
38.527 3 ATTITUDE 0.007385 -3.103182 0.132764
38.528 3 IMU_ACCEL 1 1.227539 -0.102539 -9.416016
38.529 3 IMU_GYRO 1 -0.029053 0.031006 -0.042969
38.555 3 IMU_MAG 0 0. 0. 0.
38.572 3 DESIRED -0.22 0.11 3.1 -61. 59. 2595. 3.6 15.
38.587 3 WP_MOVED 0 649123. 5253077. 2595. 32
38.603 3 ATTITUDE 0.007338 -3.103072 0.132815
38.635 3 COMMANDS 0,-1992,-330
38.656 3 NAVIGATION 9 0 -2623.3 236799.5 0. 236814. 0 43 43 1 0 0
38.698 3 SHT_STATUS 0 0 0.1 -39.66
38.699 3 ATTITUDE 0.007315 -3.102937 0.132846
38.730 3 FBW_STATUS 2 0 1 11.337105 0.
38.746 3 GPS 3 64649968 548987635 212 318326 0 -4 2365 466147750 32 0
38.763 3 DESIRED 0.8 0.11 3.1 -61. 59. 2595. 3.6 15.
38.795 3 ATTITUDE 0.007401 -3.102734 0.131488
38.891 3 ATTITUDE 0.007694 -3.102499 0.130769
38.923 3 ENERGY 0 11.34329 0. 0. 0. 0. 0.
38.955 3 DESIRED -0.58 0.11 3.1 -61. 59. 2595. 3.6 15.
38.987 3 ESTIMATOR 2574.936035 -0.083885
39.004 3 GPS 3 64649969 548987630 212 318292 3 -7 2365 466148000 32 0
39.005 3 ATTITUDE 0.007162 -3.102537 0.133099
39.006 3 LINK_REPORT 3 -1 39 0 38024 1581 1 890. 36. 10 41.18
39.083 3 WP_MOVED 1 649123. 5253077. 2595. 32
39.099 3 ATTITUDE 0.007184 -3.102382 0.133065
39.115 3 IMU_GYRO 1 -0.021729 -0.006836 -0.040771
39.163 3 DESIRED -0.8 0.11 3.1 -61. 59. 2595. 3.6 15.
39.194 3 SHT_STATUS 0 0 0.1 -39.66
39.210 3 ATTITUDE 0.007253 -3.102247 0.132907
39.242 3 CIRCLE 0. 0. -60.
39.243 3 GPS 3 64649968 548987624 212 318253 3 -2 2365 466148250 32 0
39.291 3 ATTITUDE 0.007338 -3.102127 0.132835
39.292 3 IMU_ACCEL 1 1.28418 -0.042969 -9.332031
39.339 3 GPS_SOL 189 22 156 11
39.340 3 AIRSPEED 0. 0. 0. 0.
39.355 3 DESIRED -0.8 0.11 3.1 -61. 59. 2595. 3.6 15.
39.387 3 ATTITUDE 0.007296 -3.102001 0.132856
39.499 3 ESTIMATOR 2575.01709 -0.018579
39.501 3 GPS 3 64649968 548987618 212 318217 4 4 2365 466148500 32 0
39.503 3 ATTITUDE 0.007323 -3.101867 0.132849
39.531 3 FBW_STATUS 2 0 1 11.349475 0.
39.564 3 DESIRED -0.8 0.11 3.1 -61. 59. 2595. 3.6 15.
39.579 3 WP_MOVED 2 649046.125 5253124. 2595. 32
39.595 3 ATTITUDE 0.007328 -3.101748 0.132873
39.653 3 NAVIGATION 9 0 -2623.3 236799. 0. 236814. 0 44 44 1 0 0
39.690 3 SHT_STATUS 0 0 0.1 -39.66
39.707 3 ATTITUDE 0.007328 -3.101622 0.13288
39.722 3 IMU_GYRO 1 -0.029053 0.025146 -0.041992
39.739 3 GPS 3 64649968 548987613 212 318189 2 3 2365 466148750 32 0
39.755 3 DESIRED -0.73 0.11 3.1 -61. 59. 2595. 3.6 15.
39.787 3 ATTITUDE 0.007245 -3.101476 0.133005
39.851 3 IMU_MAG 0 0. 0. 0.
39.867 3 CALIBRATION -150. 0
39.900 3 ATTITUDE 0.007233 -3.101338 0.132992
39.932 3 DATALINK_REPORT 4 10 0 51298 0 0
39.964 3 DESIRED 0.8 0.11 3.1 -61. 59. 2595. 3.6 15.
40.006 3 LINK_REPORT 3 -1 40 0 38842 1614 1 818. 33. 10 41.18
40.007 3 DL_VALUE 29 0.45
40.008 3 ESTIMATOR 2574.84375 -0.105573
40.009 3 GPS 3 64649968 548987606 212 318151 1 -1 2365 466149000 32 0
40.011 3 ATTITUDE 0.007163 -3.101239 0.133009
40.024 3 ENERGY 0 11.34329 0. 0. 0. 0. 0.
40.103 3 WP_MOVED 0 649123. 5253077. 2595. 32
40.104 3 ATTITUDE 0.007623 -3.100962 0.131207
40.120 3 IMU_ACCEL 1 1.308594 -0.143555 -9.363281
40.157 3 DESIRED 0.8 0.11 3.1 -61. 59. 2595. 3.6 15.
40.199 3 SHT_STATUS 0 0 0.1 -39.66
40.199 3 ATTITUDE 0.007576 -3.100773 0.130909
40.231 3 GPS 3 64649969 548987602 212 318107 7 0 2365 466149250 32 0
40.279 3 CIRCLE 0. 0. -60.
40.295 3 ATTITUDE 0.007586 -3.100594 0.130841
40.311 3 IMU_GYRO 1 -0.027588 0.026123 -0.04248
40.327 3 AIRSPEED 0. 0. 0. 0.
40.360 3 DESIRED 0.8 0.11 3.1 -61. 59. 2595. 3.6 15.
40.391 3 ATTITUDE 0.007606 -3.100445 0.130829
40.487 3 ESTIMATOR 2574.909668 -0.048356
40.504 3 GPS 3 64649969 548987598 212 318086 1 -4 2365 466149500 32 0
40.506 3 ATTITUDE 0.006971 -3.100512 0.133397
40.519 3 PONG 
40.552 3 DESIRED -0.01 0.11 3.1 -61. 59. 2595. 3.6 15.
40.584 3 WP_MOVED 1 649123. 5253077. 2595. 32
40.600 3 ATTITUDE 0.00707 -3.100379 0.133202
40.672 3 NAVIGATION 9 0 -2623.3 236799. 0. 236813.5 0 45 45 1 0 0
40.673 3 COMMANDS 0,-105,-332
40.673 3 AUTOPILOT_VERSION 60400 v6.4.0_stable
40.675 3 STATE_FILTER_STATUS 6 3 0
40.691 3 SHT_STATUS 0 0 0.1 -39.66
40.691 3 ATTITUDE 0.007114 -3.100235 0.133041
40.739 3 FBW_STATUS 2 0 1 11.33092 0.
40.769 3 GPS 3 64649970 548987594 212 318066 3 -1 2365 466149750 32 0
40.771 3 SVINFO 2 18 13 7 40 74 83
40.772 3 DESIRED 0.8 0.11 3.1 -61. 59. 2595. 3.6 15.
40.784 3 ATTITUDE 0.007685 -3.1 0.130827
40.897 3 ATTITUDE 0.007551 -3.099825 0.130889
40.898 3 IMU_ACCEL 1 1.188477 -0.107422 -9.333984
40.912 3 IMU_GYRO 1 -0.03125 0.028809 -0.042969
40.961 3 DESIRED -0.01 0.11 3.1 -61. 59. 2595. 3.6 15.
40.992 3 ESTIMATOR 2574.933838 -0.023408
40.994 3 GPS 3 64649971 548987591 212 318063 2 7 2365 466150000 32 0
41.008 3 LINK_REPORT 3 -1 41 0 39854 1656 1 1012. 42. 11 33.18
41.008 3 SVINFO 4 27 13 6 40 28 279
41.009 3 ATTITUDE 0.006874 -3.099893 0.133417
41.089 3 WP_MOVED 2 649046.125 5253124. 2595. 32
41.105 3 ATTITUDE 0.006899 -3.099753 0.133338
41.121 3 ENERGY 0 11.349475 0. 0. 0. 0. 0.
41.160 3 IMU_MAG 0 0. 0. 0.
41.169 3 DESIRED -0.01 0.11 3.1 -61. 59. 2595. 3.6 15.
41.184 3 SHT_STATUS 0 0 0.1 -39.66
41.202 3 ATTITUDE 0.006987 -3.099617 0.133072
41.248 3 GPS 3 64649972 548987587 212 318054 2 -1 2365 466150250 32 0
41.249 3 SVINFO 6 31 13 7 35 18 217
41.297 3 ATTITUDE 0.007004 -3.099483 0.133012
41.355 3 GPS_SOL 177 24 156 11
41.356 3 CIRCLE 0. 0. -60.
41.357 3 AIRSPEED 0. 0. 0. 0.
41.358 3 DESIRED -0.01 0.11 3.1 -61. 59. 2595. 3.6 15.
41.388 3 ATTITUDE 0.006972 -3.099372 0.133048
41.468 3 LOGGER_STATUS 1 0 114688 PPRZ\pprzlog_0117.LOG,FLIGHT_RECORDER\fr_0120.LOG
41.510 3 DL_VALUE 30 0.
41.511 3 ESTIMATOR 2575.095947 0.067229
41.512 3 GPS 3 64649971 548987576 212 317955 3 0 2365 466150500 32 0
41.514 3 SVINFO 8 123 20 1 0 30 154
41.515 3 ATTITUDE 0.006886 -3.099258 0.1331
41.516 3 IMU_GYRO 1 -0.023926 -0.010986 -0.039795
41.526 3 FBW_STATUS 2 0 1 11.349475 0.
41.559 3 DESIRED 0.8 0.11 3.1 -61. 59. 2595. 3.6 15.
41.591 3 WP_MOVED 0 649123. 5253077. 2595. 32
41.592 3 ATTITUDE 0.007366 -3.098964 0.130877
41.639 3 NAVIGATION 9 0 -2623.2 236799. 0. 236813.5 0 46 46 1 0 0
41.640 3 ACTUATORS 1040,1216,1240
41.686 3 PPRZ_MODE 2 3 3 2 0 4
41.702 3 SHT_STATUS 0 0 0.1 -39.66
41.703 3 ATTITUDE 0.007392 -3.098795 0.130783
41.703 3 IMU_ACCEL 1 1.260742 -0.081055 -9.34375
41.734 3 GPS 3 64649972 548987573 212 317921 10 6 2365 466150750 32 0
41.750 3 SVINFO 11 73 13 7 41 39 317
41.767 3 DESIRED 0.8 0.11 3.1 -61. 59. 2595. 3.6 15.
41.799 3 ATTITUDE 0.007378 -3.09866 0.130767
41.895 3 ATTITUDE 0.007354 -3.098515 0.130774
41.960 3 DESIRED 0.8 0.11 3.1 -61. 59. 2595. 3.6 15.
41.975 3 CALIBRATION -150. 0
41.991 3 ESTIMATOR 2575.141846 0.069105
41.992 3 GPS 3 64649973 548987570 212 317913 6 13 2365 466151000 32 0
42.007 3 ATTITUDE 0.00734 -3.09835 0.130765
42.008 3 LINK_REPORT 3 -1 42 0 40926 1700 1 1072. 44. 11 33.18
42.087 3 WP_MOVED 1 649123. 5253077. 2595. 32
42.103 3 ATTITUDE 0.007349 -3.098205 0.130752
42.119 3 IMU_GYRO 1 -0.029053 0.025635 -0.04248
42.157 3 DESIRED 0.8 0.11 3.1 -61. 59. 2595. 3.6 15.
42.198 3 SHT_STATUS 0 0 0.1 -39.66
42.198 3 ATTITUDE 0.007314 -3.098063 0.130729
42.215 3 ENERGY 0 11.34329 0. 0. 0. 0. 0.
42.230 3 GPS 3 64649974 548987566 212 317912 4 13 2365 466151250 32 0
42.294 3 ATTITUDE 0.007309 -3.097942 0.13072
42.327 3 AIRSPEED 0. 0. 0. 0.
42.360 3 DESIRED 0.8 0.11 3.1 -61. 59. 2595. 3.6 15.
42.374 3 CIRCLE 0. 0. -60.
42.406 3 ATTITUDE 0.007299 -3.097798 0.130719
42.454 3 IMU_MAG 0 0. 0. 0.
42.471 3 ALIVE 8,144,6,66,11,198,81,189,7,217,216,157,220,111,57,170
42.486 3 ESTIMATOR 2574.933838 -0.062073
42.513 3 GPS 3 64649973 548987565 212 317906 5 14 2365 466151500 32 0
42.514 3 ATTITUDE 0.00671 -3.097865 0.133157
42.514 3 IMU_ACCEL 1 1.219727 0.022461 -9.231445
42.560 3 DESIRED -0.8 0.11 3.1 -61. 59. 2595. 3.6 15.
42.576 3 WP_MOVED 2 649046.125 5253124. 2595. 32
42.592 3 ATTITUDE 0.00666 -3.097726 0.133244
42.642 3 NAVIGATION 9 0 -2623.2 236799. 0. 236813.5 0 47 47 1 0 0
42.689 3 SHT_STATUS 0 0 0.1 -39.66
42.689 3 ATTITUDE 0.006798 -3.097613 0.133026
42.705 3 IMU_GYRO 1 -0.022705 0.028809 -0.04248
42.737 3 FBW_STATUS 2 0 1 11.337105 0.
42.768 3 GPS 3 64649974 548987564 212 317899 11 6 2365 466151750 32 0
42.770 3 SVINFO 5 29 13 7 45 27 85
42.771 3 DESIRED 0.8 0.11 3.1 -61. 59. 2595. 3.6 15.
42.784 3 ATTITUDE 0.006798 -3.097468 0.132963
42.864 3 STATE_FILTER_STATUS 6 3 0
42.896 3 ATTITUDE 0.007187 -3.097161 0.130891
42.961 3 DESIRED 0.14 0.11 3.1 -61. 59. 2595. 3.6 15.
42.992 3 DL_VALUE 31 0.002
42.993 3 ESTIMATOR 2575.054443 0.033669
43.008 3 LINK_REPORT 3 -1 43 0 41808 1736 1 882. 36. 11 33.18
43.010 3 GPS 3 64649975 548987562 212 317925 3 3 2365 466152000 32 0
43.012 3 ATTITUDE 0.006562 -3.097219 0.133487
43.088 3 WP_MOVED 0 649123. 5253077. 2595. 32
43.104 3 ATTITUDE 0.006668 -3.097083 0.133212
43.163 3 DESIRED 0.57 0.11 3.1 -61. 59. 2595. 3.6 15.
43.183 3 SHT_STATUS 0 0 0.1 -39.66
43.199 3 ATTITUDE 0.006732 -3.096938 0.133033
43.248 3 GPS 3 64649977 548987557 212 317918 6 3 2365 466152250 32 0
43.248 3 SVINFO 9 136 20 7 44 33 188
43.296 3 ATTITUDE 0.006782 -3.096821 0.133001
43.297 3 IMU_ACCEL 1 1.229492 -0.066406 -9.327148
43.329 3 ENERGY 0 11.34329 0. 0. 0. 0. 0.
43.330 3 IMU_GYRO 1 -0.027588 0.02417 -0.043457
43.330 3 GPS_SOL 166 20 156 11
43.344 3 AIRSPEED 0. 0. 0. 0.
43.360 3 DESIRED 0.57 0.11 3.1 -61. 59. 2595. 3.6 15.
43.392 3 ATTITUDE 0.006761 -3.096739 0.132999
43.440 3 CIRCLE 0. 0. -60.
43.488 3 ESTIMATOR 2575.011719 -0.000745
43.490 3 GPS 3 64649979 548987553 212 317887 2 3 2365 466152500 32 0
43.504 3 ATTITUDE 0.007222 -3.096493 0.131128
43.536 3 FBW_STATUS 2 0 1 11.33092 0.
43.552 3 DESIRED 0.8 0.11 3.1 -61. 59. 2595. 3.6 15.
43.584 3 WP_MOVED 1 649123. 5253077. 2595. 32
43.600 3 ATTITUDE 0.007165 -3.096325 0.130951
43.632 3 COMMANDS 0,6976,-316
43.648 3 NAVIGATION 9 0 -2623.2 236798. 0. 236813.5 0 48 48 1 0 0
43.695 3 SHT_STATUS 0 0 0.1 -39.66
43.696 3 ATTITUDE 0.007191 -3.096179 0.130935
43.756 3 WIND_INFO 3 5 0. 0. 0. 0.
43.758 3 NAVIGATION_REF 649123 5253077 32 2575.
43.760 3 GPS 3 64649980 548987552 212 317899 10 6 2365 466152750 32 0
43.770 3 SVINFO 14 82 13 7 44 78 338
43.771 3 IMU_MAG 0 0. 0. 0.
43.774 3 DESIRED 0.53 0.11 3.1 -61. 59. 2595. 3.6 15.
43.806 3 ATTITUDE 0.006682 -3.096235 0.133239
43.887 3 ATTITUDE 0.006773 -3.096112 0.133075
43.918 3 IMU_GYRO 1 -0.0271 0.019775 -0.041992
43.967 3 DESIRED 0.14 0.11 3.1 -61. 59. 2595. 3.6 15.
44.008 3 ESTIMATOR 2575.079102 0.031242
44.010 3 GPS 3 64649982 548987549 212 317922 3 2 2365 466153000 32 0
44.012 3 SVINFO 1 16 13 7 42 57 295
44.013 3 ATTITUDE 0.006806 -3.095971 0.132998
44.013 3 LINK_REPORT 3 -1 44 0 42837 1778 1 1029. 42. 12 33.18
44.056 3 CALIBRATION -150. 0
44.089 3 WP_MOVED 2 649046.125 5253124. 2595. 32
44.104 3 ATTITUDE 0.006798 -3.095868 0.133049
44.105 3 IMU_ACCEL 1 1.275391 -0.064453 -9.360352
44.162 3 DESIRED -0.8 0.11 3.1 -61. 59. 2595. 3.6 15.
44.199 3 SHT_STATUS 0 0 0.1 -39.66
44.200 3 ATTITUDE 0.006806 -3.095726 0.133065
44.232 3 GPS 3 64649983 548987548 212 317935 11 6 2365 466153250 32 0
44.296 3 ATTITUDE 0.006787 -3.095607 0.132948
44.328 3 AIRSPEED 0. 0. 0. 0.
44.361 3 DESIRED -0.8 0.11 3.1 -61. 59. 2595. 3.6 15.
44.393 3 ATTITUDE 0.006819 -3.095479 0.133
44.425 3 ENERGY 0 11.34329 0. 0. 0. 0. 0.
44.488 3 DL_VALUE 32 0.004
44.519 3 CIRCLE 0. 0. -60.
44.520 3 ESTIMATOR 2575.156738 0.068946
44.521 3 GPS 3 64649983 548987549 212 317960 14 3 2365 466153500 32 0
44.523 3 ATTITUDE 0.006832 -3.095358 0.132964
44.523 3 IMU_GYRO 1 -0.028564 0.024658 -0.04248
44.552 3 DESIRED -0.8 0.11 3.1 -61. 59. 2595. 3.6 15.
44.584 3 WP_MOVED 0 649123. 5253077. 2595. 32
44.599 3 ATTITUDE 0.006845 -3.095217 0.132968
44.632 3 NAVIGATION 9 0 -2623.2 236798. 0. 236812.5 0 49 49 1 0 0
44.695 3 SHT_STATUS 0 0 0.1 -39.66
44.695 3 ATTITUDE 0.006851 -3.095114 0.132986
44.743 3 FBW_STATUS 2 0 1 11.337105 0.
44.744 3 GPS 3 64649985 548987547 212 317978 6 9 2365 466153750 32 0
44.760 3 DESIRED 0.8 0.11 3.1 -61. 59. 2595. 3.6 15.
44.792 3 ATTITUDE 0.006858 -3.094995 0.133004
44.904 3 ATTITUDE 0.007225 -3.094693 0.130994
44.905 3 IMU_ACCEL 1 1.165039 -0.100586 -9.569336
44.952 3 DESIRED 0.36 0.11 3.1 -61. 59. 2595. 3.6 15.
44.999 3 ESTIMATOR 2575.001953 -0.033704
45.001 3 GPS 3 64649988 548987544 212 318017 1 9 2365 466154000 32 0
45.002 3 ATTITUDE 0.006566 -3.094801 0.133625
45.009 3 LINK_REPORT 3 -1 45 0 43713 1813 1 876. 35. 12 33.18
45.016 3 DATALINK_REPORT 1 12 0 51631 0 0
45.048 3 IMU_MAG 0 0. 0. 0.
45.063 3 STATE_FILTER_STATUS 6 3 0
45.096 3 WP_MOVED 1 649123. 5253077. 2595. 32
45.097 3 ATTITUDE 0.006758 -3.094649 0.133279
45.111 3 IMU_GYRO 1 -0.014893 -0.003662 -0.04248
45.167 3 DESIRED 0.72 0.11 3.1 -61. 59. 2595. 3.6 15.
45.191 3 SHT_STATUS 0 0 0.1 -39.66
45.207 3 ATTITUDE 0.006841 -3.09453 0.133061
45.239 3 GPS 3 64649990 548987542 212 318070 2 9 2365 466154250 32 0
45.288 3 ATTITUDE 0.006972 -3.094323 0.131898
45.336 3 GPS_SOL 161 25 156 11
45.337 3 AIRSPEED 0. 0. 0. 0.
45.352 3 DESIRED 0.72 0.11 3.1 -61. 59. 2595. 3.6 15.
45.400 3 ATTITUDE 0.007032 -3.09417 0.131803
45.509 3 ESTIMATOR 2575.236328 0.105112
45.510 3 GPS 3 64649992 548987539 212 318077 5 6 2365 466154500 32 0
45.513 3 SVINFO 14 82 13 7 45 78 338
45.513 3 ATTITUDE 0.006944 -3.094096 0.132911
45.525 3 ENERGY 0 11.337105 0. 0. 0. 0. 0.
45.540 3 PONG 
45.541 3 CIRCLE 0. 0. -60.
45.542 3 FBW_STATUS 2 0 1 11.337105 0.
45.557 3 DESIRED -0.8 0.11 3.1 -61. 59. 2595. 3.6 15.
45.589 3 WP_MOVED 2 649046.125 5253124. 2595. 32
45.590 3 ATTITUDE 0.006743 -3.09396 0.133182
45.639 3 NAVIGATION 9 0 -2623.1 236798. 0. 236812.5 0 50 50 1 0 0
45.641 3 COMMANDS 0,-7098,-354
45.700 3 SHT_STATUS 0 0 0.1 -39.66
45.700 3 ATTITUDE 0.006907 -3.093856 0.133034
45.701 3 IMU_ACCEL 1 1.165039 -0.135742 -9.43457
45.716 3 IMU_GYRO 1 -0.024414 0.033203 -0.043457
45.748 3 GPS 3 64649993 548987538 212 318090 5 4 2365 466154750 32 0
45.749 3 SVINFO 2 18 13 7 42 74 83
45.764 3 DESIRED 0.8 0.11 3.1 -61. 59. 2595. 3.6 15.
45.796 3 ATTITUDE 0.006978 -3.093717 0.133031
45.893 3 ATTITUDE 0.007304 -3.09339 0.130992
45.958 3 DESIRED 0.36 0.11 3.1 -61. 59. 2595. 3.6 15.
45.989 3 DL_VALUE 33 0.
46.010 3 LINK_REPORT 3 -1 46 0 44631 1852 1 918. 39. 13 53.3
46.016 3 ESTIMATOR 2575.210205 0.062652
46.017 3 GPS 3 64649994 548987536 212 318094 3 3 2365 466155000 32 0
46.020 3 SVINFO 4 27 13 7 36 28 279
46.021 3 ATTITUDE 0.006601 -3.093467 0.133766
46.080 3 WP_MOVED 0 649123. 5253077. 2595. 32
46.096 3 ATTITUDE 0.006853 -3.093297 0.133268
46.162 3 DESIRED 0.8 0.11 3.1 -61. 59. 2595. 3.6 15.
46.176 3 CALIBRATION -150. 0
46.192 3 SHT_STATUS 0 0 0.1 -39.66
46.192 3 ATTITUDE 0.00697 -3.093125 0.133039
46.240 3 GPS 3 64649995 548987535 212 318118 6 5 2365 466155250 32 0
46.241 3 SVINFO 6 31 13 7 34 18 217
46.288 3 ATTITUDE 0.007454 -3.092825 0.130867
46.320 3 IMU_GYRO 1 -0.027588 0.031982 -0.041992
46.336 3 AIRSPEED 0. 0. 0. 0.
46.368 3 IMU_MAG 0 0. 0. 0.
46.369 3 DESIRED 0.8 0.11 3.1 -61. 59. 2595. 3.5 15.
46.384 3 ATTITUDE 0.007451 -3.092714 0.130884
46.509 3 ESTIMATOR 2575.354004 0.132022
46.511 3 GPS 3 64649997 548987535 212 318168 0 2 2365 466155500 32 0
46.513 3 ATTITUDE 0.007414 -3.092557 0.130878
46.513 3 IMU_ACCEL 1 1.217773 -0.054688 -9.363281
46.571 3 LOGGER_STATUS 1 0 147456 PPRZ\pprzlog_0117.LOG,FLIGHT_RECORDER\fr_0120.LOG
46.573 3 DESIRED 0.8 0.11 3.1 -61. 59. 2595. 3.5 15.
46.586 3 PPRZ_MODE 2 3 3 2 0 4
46.602 3 CIRCLE 0. 0. -60.
46.602 3 WP_MOVED 1 649123. 5253077. 2595. 32
46.603 3 ATTITUDE 0.007429 -3.092398 0.130842
46.618 3 ENERGY 0 11.337105 0. 0. 0. 0. 0.
46.634 3 NAVIGATION 9 0 -2623. 236798. 0. 236812.5 0 51 51 1 0 0
46.650 3 ACTUATORS 1040,1215,1241
46.682 3 SHT_STATUS 0 0 0.1 -39.66
46.697 3 ATTITUDE 0.00744 -3.092238 0.130819
46.745 3 FBW_STATUS 2 0 1 11.34329 0.
46.746 3 GPS 3 64650000 548987535 212 318214 4 13 2365 466155750 32 0
46.762 3 DESIRED 0.8 0.11 3.1 -61. 59. 2595. 3.5 15.
46.794 3 ATTITUDE 0.007442 -3.092083 0.130794
46.890 3 ATTITUDE 0.007442 -3.091928 0.130762
46.906 3 IMU_GYRO 1 -0.029785 0.025146 -0.04248
46.955 3 DESIRED 0.8 0.11 3.1 -61. 59. 2595. 3.5 15.
46.986 3 ESTIMATOR 2575.309814 0.057802
47.002 3 GPS 3 64650002 548987533 212 318236 4 14 2365 466156000 32 0
47.005 3 ATTITUDE 0.007401 -3.091787 0.130712
47.011 3 LINK_REPORT 3 -1 47 0 45711 1895 1 1080. 43. 13 53.3
47.082 3 WP_MOVED 2 649046.125 5253124. 2595. 32
47.098 3 ATTITUDE 0.007413 -3.091637 0.13069
47.179 3 DESIRED 0.54 0.11 3.1 -61. 59. 2595. 3.5 15.
47.193 3 SHT_STATUS 0 0 0.1 -39.66
47.194 3 ATTITUDE 0.007443 -3.091472 0.130698
47.241 3 GPS 3 64650006 548987530 212 318266 6 11 2365 466156250 32 0
47.274 3 STATE_FILTER_STATUS 6 3 0
47.290 3 ATTITUDE 0.006966 -3.091546 0.132983
47.306 3 IMU_ACCEL 1 1.270508 -0.033203 -9.396484
47.338 3 GPS_SOL 155 23 149 12
47.339 3 AIRSPEED 0. 0. 0. 0.
47.354 3 DESIRED 0.54 0.11 3.1 -61. 59. 2595. 3.6 15.
47.386 3 ATTITUDE 0.006997 -3.091419 0.132851
47.509 3 DL_VALUE 34 0.1
47.510 3 ESTIMATOR 2575.260254 0.015951
47.518 3 GPS 3 64650007 548987529 212 318262 11 13 2365 466156500 32 0
47.519 3 ATTITUDE 0.007071 -3.091308 0.132777
47.519 3 IMU_GYRO 1 -0.028076 0.033203 -0.042969
47.525 3 FBW_STATUS 2 0 1 11.34329 0.
47.558 3 ALIVE 8,144,6,66,11,198,81,189,7,217,216,157,220,111,57,170
47.574 3 DESIRED -0.8 0.11 3.1 -61. 59. 2595. 3.6 15.
47.575 3 WP_MOVED 0 649123. 5253077. 2595. 32
47.589 3 ATTITUDE 0.007093 -3.091183 0.132626
47.637 3 CIRCLE 0. 0. -60.
47.638 3 NAVIGATION 9 0 -2622.9 236798. 0. 236812.5 0 52 52 1 0 0
47.653 3 IMU_MAG 0 0. 0. 0.
47.685 3 SHT_STATUS 0 0 0.1 -39.66
47.701 3 ATTITUDE 0.007066 -3.09107 0.13266
47.717 3 ENERGY 0 11.337105 0. 0. 0. 0. 0.
47.733 3 GPS 3 64650009 548987528 212 318256 3 2 2365 466156750 32 0
47.766 3 DESIRED 0.8 0.11 3.1 -61. 59. 2595. 3.6 15.
47.797 3 ATTITUDE 0.007094 -3.090955 0.132658
47.893 3 ATTITUDE 0.007418 -3.090636 0.130602
47.958 3 DESIRED -0.73 0.11 3.1 -61. 59. 2595. 3.6 15.
47.989 3 ESTIMATOR 2575.269775 0.019065
47.991 3 GPS 3 64650012 548987528 212 318298 4 2 2365 466157000 32 0
48.005 3 ATTITUDE 0.006929 -3.090669 0.132932
48.010 3 LINK_REPORT 3 -1 48 0 46630 1932 1 919. 37. 13 53.3
48.086 3 WP_MOVED 1 649123. 5253077. 2595. 32
48.101 3 ATTITUDE 0.006776 -3.090539 0.133042
48.102 3 IMU_ACCEL 1 1.420898 0.032227 -9.300781
48.117 3 IMU_GYRO 1 -0.010498 -0.006836 -0.040283
48.169 3 DESIRED 0.8 0.11 3.1 -61. 59. 2595. 3.5 15.
48.197 3 SHT_STATUS 0 0 0.1 -39.66
48.197 3 ATTITUDE 0.006873 -3.090392 0.132845
48.245 3 GPS 3 64650014 548987530 212 318327 1 4 2365 466157250 32 0
48.246 3 SVINFO 9 136 20 7 43 33 188
48.261 3 CALIBRATION -150. 0
48.294 3 ATTITUDE 0.006972 -3.090258 0.132738
48.325 3 AIRSPEED 0. 0. 0. 0.
48.358 3 DESIRED 0.8 0.11 3.1 -61. 59. 2595. 3.6 15.
48.390 3 ATTITUDE 0.007388 -3.089937 0.13052
48.486 3 ESTIMATOR 2575.274902 0.009742
48.512 3 GPS 3 64650018 548987527 212 318365 3 -4 2365 466157500 32 0
48.513 3 SVINFO 11 73 13 7 40 39 317
48.514 3 ATTITUDE 0.006942 -3.089983 0.132931
48.560 3 DESIRED -0.8 0.11 3.1 -61. 59. 2595. 3.6 15.
48.575 3 WP_MOVED 2 649046.125 5253124. 2595. 32
48.592 3 ATTITUDE 0.006833 -3.08985 0.133126
48.639 3 COMMANDS 0,-7098,-352
48.641 3 NAVIGATION 9 0 -2622.8 236798. 0. 236812.5 0 53 53 1 0 0
48.687 3 CIRCLE 0. 0. -60.
48.703 3 SHT_STATUS 0 0 0.1 -39.66
48.703 3 ATTITUDE 0.007052 -3.089746 0.132759
48.719 3 IMU_GYRO 1 -0.022217 0.033691 -0.043457
48.735 3 FBW_STATUS 2 0 1 11.337105 0.
48.751 3 GPS 3 64650021 548987526 212 318401 2 1 2365 466157750 32 0
48.752 3 DESIRED 0.51 0.11 3.1 -61. 59. 2595. 3.5 15.
48.784 3 ATTITUDE 0.0071 -3.089603 0.132786
48.816 3 ENERGY 0 11.34329 0. 0. 0. 0. 0.
48.896 3 ATTITUDE 0.007073 -3.089481 0.132729
48.897 3 IMU_ACCEL 1 1.236328 -0.061523 -9.336914
48.960 3 IMU_MAG 0 0. 0. 0.
48.961 3 DESIRED 0.51 0.11 3.1 -61. 59. 2595. 3.6 15.
48.992 3 DL_VALUE 35 0.03
48.993 3 ESTIMATOR 2575.174316 -0.055381
49.008 3 GPS 3 64650024 548987525 212 318437 2 1 2365 466158000 32 0
49.010 3 SVINFO 1 16 13 7 43 57 295
49.012 3 ATTITUDE 0.007078 -3.089354 0.132746
49.013 3 LINK_REPORT 3 -1 49 0 47611 1973 1 981. 41. 13 53.3
49.088 3 WP_MOVED 0 649123. 5253077. 2595. 32
49.103 3 ATTITUDE 0.007087 -3.089198 0.132737
49.152 3 DESIRED -0.28 0.11 3.1 -61. 59. 2595. 3.6 15.
49.183 3 SHT_STATUS 0 0 0.1 -39.66
49.199 3 ATTITUDE 0.007092 -3.089077 0.132735
49.247 3 GPS 3 64650028 548987524 212 318492 3 -5 2365 466158250 32 0
49.247 3 SVINFO 3 26 13 7 46 69 226
49.296 3 ATTITUDE 0.007153 -3.088938 0.132606
49.312 3 IMU_GYRO 1 -0.034912 0.0354 -0.043945
49.328 3 GPS_SOL 151 24 149 12
49.343 3 AIRSPEED 0. 0. 0. 0.
49.360 3 DESIRED -0.28 0.11 3.1 -61. 59. 2595. 3.5 15.
49.392 3 ATTITUDE 0.007127 -3.088825 0.132672
49.472 3 STATE_FILTER_STATUS 6 3 0
49.488 3 ESTIMATOR 2575.308838 0.035534
49.504 3 GPS 3 64650031 548987523 212 318532 3 1 2365 466158500 32 0
49.506 3 ATTITUDE 0.007153 -3.088692 0.132735
49.536 3 FBW_STATUS 2 0 1 11.349475 0.
49.552 3 DESIRED -0.8 0.11 3.1 -61. 59. 2595. 3.6 15.
49.584 3 WP_MOVED 1 649123. 5253077. 2595. 32
49.599 3 ATTITUDE 0.007167 -3.088574 0.132644
49.632 3 NAVIGATION 9 0 -2622.7 236798. 0. 236812.5 0 54 54 1 0 0
49.695 3 SHT_STATUS 0 0 0.1 -39.66
49.711 3 ATTITUDE 0.007133 -3.088435 0.132627
49.711 3 IMU_ACCEL 1 1.246094 -0.100586 -9.40625
49.743 3 CIRCLE 0. 0. -60.
49.744 3 GPS 3 64650033 548987522 212 318571 3 -3 2365 466158750 32 0
49.760 3 DESIRED -0. 0.11 3.1 -61. 59. 2595. 3.5 15.
49.791 3 ATTITUDE 0.007087 -3.088339 0.132718
49.888 3 ATTITUDE 0.007064 -3.088228 0.132726
49.920 3 ENERGY 0 11.337105 0. 0. 0. 0. 0.
49.921 3 IMU_GYRO 1 -0.030273 0.025635 -0.042969
49.952 3 DESIRED 0.8 0.11 3.1 -61. 59. 2595. 3.5 15.
49.984 3 ESTIMATOR 2575.403809 0.079826
50.000 3 GPS 3 64650036 548987522 212 318594 3 1 2365 466159000 32 0
50.001 3 ATTITUDE 0.007041 -3.088112 0.132714
50.011 3 LINK_REPORT 3 -1 50 0 48508 2009 1 897. 36. 13 53.3
50.080 3 WP_MOVED 2 649046.125 5253124. 2595. 32
50.096 3 ATTITUDE 0.007542 -3.087806 0.130578
50.112 3 DATALINK_REPORT 4 13 0 9561 0 0
50.173 3 DESIRED 0.14 0.11 3.1 -61. 59. 2595. 3.5 15.
50.192 3 SHT_STATUS 0 0 0.1 -39.66
50.192 3 ATTITUDE 0.007634 -3.087671 0.130514
50.241 3 GPS 3 64650040 548987522 212 318636 4 1 2365 466159250 32 0
50.241 3 SVINFO 12 79 4 3 22 18 169
50.255 3 IMU_MAG 0 0. 0. 0.
50.288 3 ATTITUDE 0.006872 -3.087742 0.133218
50.336 3 AIRSPEED 0. 0. 0. 0.
50.368 3 DESIRED 0.27 0.11 3.1 -61. 59. 2595. 3.5 15.
50.370 3 CALIBRATION -150. 0
50.384 3 ATTITUDE 0.007128 -3.087595 0.132706
50.525 3 DL_VALUE 36 0.
50.525 3 ESTIMATOR 2575.355225 0.037417
50.527 3 GPS 3 64650042 548987521 212 318680 2 5 2365 466159500 32 0
50.540 3 SVINFO 14 81 13 7 44 35 47
50.541 3 ATTITUDE 0.007147 -3.087461 0.132677
50.541 3 IMU_ACCEL 1 1.298828 -0.076172 -9.300781
50.542 3 IMU_GYRO 1 -0.030273 0.022461 -0.042969
50.542 3 PONG 
50.557 3 DESIRED 0.51 0.11 3.1 -61. 59. 2595. 3.5 15.
50.589 3 WP_MOVED 0 649123. 5253077. 2595. 32
50.605 3 ATTITUDE 0.00713 -3.087355 0.132612
50.637 3 NAVIGATION 9 0 -2622.5 236798. 0. 236812.5 0 55 55 1 0 0
50.638 3 COMMANDS 0,4393,-368
50.685 3 SHT_STATUS 0 0 0.1 -39.66
50.700 3 ATTITUDE 0.007166 -3.087223 0.132608
50.732 3 FBW_STATUS 2 0 1 11.349475 0.
50.763 3 GPS 3 64650046 548987520 212 318724 1 -3 2365 466159750 32 0
50.764 3 SVINFO 1 16 13 7 38 57 295
50.765 3 DESIRED 0.8 0.11 3.1 -61. 59. 2595. 3.5 15.
50.780 3 CIRCLE 0. 0. -60.
50.796 3 ATTITUDE 0.007602 -3.086903 0.130543
50.892 3 ATTITUDE 0.007625 -3.086783 0.130485
50.956 3 DESIRED 0.8 0.11 3.1 -61. 59. 2595. 3.5 15.
50.988 3 ESTIMATOR 2575.510986 0.104987
51.012 3 LINK_REPORT 3 -1 51 0 49386 2047 1 878. 38. 14 52.39
51.018 3 GPS 3 64650049 548987519 212 318774 4 7 2365 466160000 32 0
51.020 3 SVINFO 3 26 13 7 45 69 226
51.021 3 ATTITUDE 0.007606 -3.086654 0.130439
51.022 3 ENERGY 0 11.349475 0. 0. 0. 0. 0.
51.082 3 WP_MOVED 1 649123. 5253077. 2595. 32
51.098 3 ATTITUDE 0.007613 -3.086514 0.130401
51.114 3 IMU_GYRO 1 -0.028076 0.024658 -0.042969
51.173 3 DESIRED 0.72 0.11 3.1 -61. 59. 2595. 3.5 15.
51.194 3 SHT_STATUS 0 0 0.1 -39.66
51.209 3 ATTITUDE 0.007617 -3.086379 0.130367
51.241 3 GPS 3 64650053 548987519 212 318839 3 4 2365 466160250 32 0
51.290 3 ATTITUDE 0.007433 -3.086309 0.131005
51.306 3 IMU_ACCEL 1 1.241211 -0.074219 -9.391602
51.338 3 GPS_SOL 142 21 149 12
51.338 3 AIRSPEED 0. 0. 0. 0.
51.354 3 DESIRED 0.72 0.11 3.1 -61. 59. 2595. 3.5 15.
51.386 3 ATTITUDE 0.007412 -3.086175 0.130969
51.508 3 PPRZ_MODE 2 3 3 2 0 4
51.509 3 ESTIMATOR 2575.47583 0.052662
51.511 3 GPS 3 64650056 548987519 212 318890 5 8 2365 466160500 32 0
51.513 3 SVINFO 7 121 16 7 41 -91 0
51.514 3 ATTITUDE 0.007628 -3.08597 0.130313
51.524 3 FBW_STATUS 2 0 1 11.34329 0.
51.556 3 IMU_MAG 0 0. 0. 0.
51.574 3 DESIRED 0.8 0.11 3.1 -61. 59. 2595. 3.5 15.
51.588 3 WP_MOVED 2 649046.125 5253124. 2595. 32
51.588 3 ATTITUDE 0.007615 -3.085806 0.13025
51.662 3 LOGGER_STATUS 1 0 188416 PPRZ\pprzlog_0117.LOG,FLIGHT_RECORDER\fr_0120.LOG
51.662 3 NAVIGATION 9 0 -2622.4 236798. 0. 236812.5 0 56 56 1 0 0
51.662 3 ACTUATORS 1040,1215,1241
51.677 3 STATE_FILTER_STATUS 6 3 0
51.693 3 SHT_STATUS 0 0 0.1 -39.66
51.694 3 ATTITUDE 0.007602 -3.085665 0.130236
51.709 3 IMU_GYRO 1 -0.028564 0.025635 -0.042969
51.742 3 GPS 3 64650059 548987520 212 318937 3 6 2365 466160750 32 0
51.771 3 AUTOPILOT_VERSION 60400 v6.4.0_stable
51.771 3 DESIRED 0.8 0.11 3.1 -61. 59. 2595. 3.5 15.
51.787 3 ATTITUDE 0.007604 -3.085516 0.130192
51.835 3 CIRCLE 0. 0. -60.
51.900 3 ATTITUDE 0.007583 -3.085397 0.130203
51.964 3 DESIRED -0. 0.11 3.1 -61. 59. 2595. 3.5 15.
52.007 3 DL_VALUE 37 0.04
52.008 3 ESTIMATOR 2575.507568 0.04433
52.009 3 GPS 3 64650062 548987519 212 318979 1 5 2365 466161000 32 0
52.011 3 ATTITUDE 0.007112 -3.085413 0.132295
52.014 3 LINK_REPORT 3 -1 52 0 50507 2092 1 1121. 45. 14 52.39
52.087 3 WP_MOVED 0 649123. 5253077. 2595. 32
52.104 3 ATTITUDE 0.007032 -3.085301 0.132468
52.104 3 IMU_ACCEL 1 1.334961 -0.056641 -9.413086
52.119 3 ENERGY 0 11.349475 0. 0. 0. 0. 0.
52.151 3 DESIRED 0.8 0.11 3.1 -61. 59. 2595. 3.5 15.
52.199 3 SHT_STATUS 0 0 0.1 -39.66
52.200 3 ATTITUDE 0.007111 -3.085173 0.132307
52.232 3 GPS 3 64650064 548987520 212 319023 1 5 2365 466161250 32 0
52.295 3 ATTITUDE 0.007724 -3.084897 0.129836
52.311 3 IMU_GYRO 1 -0.040283 0.026123 -0.043457
52.327 3 AIRSPEED 0. 0. 0. 0.
52.359 3 DESIRED 0.8 0.11 3.1 -61. 59. 2595. 3.5 15.
52.391 3 ATTITUDE 0.007627 -3.08472 0.129968
52.455 3 CALIBRATION -150. 0
52.487 3 ESTIMATOR 2575.320068 -0.065448
52.504 3 GPS 3 64650067 548987520 212 319071 2 -1 2365 466161500 32 0
52.505 3 ATTITUDE 0.007046 -3.084783 0.132354
52.552 3 DESIRED -0.8 0.11 3.1 -61. 59. 2595. 3.6 15.
52.584 3 WP_MOVED 1 649123. 5253077. 2595. 32
52.600 3 ATTITUDE 0.006889 -3.084654 0.132613
52.632 3 NAVIGATION 9 0 -2622.2 236798. 0. 236812.5 0 57 57 1 0 0
52.648 3 ALIVE 8,144,6,66,11,198,81,189,7,217,216,157,220,111,57,170
52.695 3 SHT_STATUS 0 0 0.1 -39.66
52.696 3 ATTITUDE 0.007096 -3.084495 0.132262
52.770 3 NAVIGATION_REF 649123 5253077 32 2575.
52.772 3 FBW_STATUS 2 0 1 11.33092 0.
52.773 3 GPS 3 64650070 548987521 212 319116 3 1 2365 466161750 32 0
52.775 3 SVINFO 3 26 13 7 46 69 226
52.777 3 DESIRED 0.14 0.11 3.1 -61. 59. 2595. 3.6 15.
52.785 3 ATTITUDE 0.00712 -3.084365 0.132269
52.849 3 IMU_MAG 0 0. 0. 0.
52.881 3 CIRCLE 0. 0. -60.
52.898 3 ATTITUDE 0.007106 -3.084255 0.132196
52.898 3 IMU_ACCEL 1 1.265625 -0.085938 -9.411133
52.913 3 IMU_GYRO 1 -0.030273 0.025146 -0.042969
52.962 3 DESIRED 0.8 0.11 3.1 -61. 59. 2595. 3.6 15.
53.008 3 ESTIMATOR 2575.10791 -0.148039
53.009 3 GPS 3 64650074 548987522 212 319173 3 6 2365 466162000 32 0
53.011 3 ATTITUDE 0.007085 -3.084135 0.13211
53.013 3 LINK_REPORT 3 -1 53 0 51474 2131 1 967. 39. 14 52.39
53.086 3 WP_MOVED 2 649046.125 5253124. 2595. 32
53.102 3 ATTITUDE 0.00761 -3.08382 0.129939
53.170 3 DESIRED 0.8 0.11 3.1 -61. 59. 2595. 3.6 15.
53.199 3 SHT_STATUS 0 0 0.1 -39.66
53.199 3 ATTITUDE 0.007577 -3.083653 0.129979
53.215 3 ENERGY 0 11.349475 0. 0. 0. 0. 0.
53.247 3 GPS 3 64650077 548987522 212 319228 3 8 2365 466162250 32 0
53.248 3 SVINFO 7 121 16 7 40 -91 0
53.294 3 ATTITUDE 0.007558 -3.083469 0.129984
53.343 3 GPS_SOL 137 22 149 12
53.344 3 AIRSPEED 0. 0. 0. 0.
53.359 3 DESIRED 0.8 0.11 3.1 -61. 59. 2595. 3.6 15.
53.390 3 ATTITUDE 0.007563 -3.083328 0.129957
53.486 3 DL_VALUE 38 0.
53.487 3 ESTIMATOR 2575.109131 -0.119659
53.516 3 GPS 3 64650081 548987522 212 319293 6 9 2365 466162500 32 0
53.518 3 ATTITUDE 0.006921 -3.08334 0.132379
53.518 3 IMU_GYRO 1 -0.019531 -0.008301 -0.040771
53.532 3 FBW_STATUS 2 0 1 11.337105 0.
53.563 3 DESIRED 0.54 0.11 3.1 -61. 59. 2595. 3.6 15.
53.579 3 WP_MOVED 0 649123. 5253077. 2595. 32
53.595 3 ATTITUDE 0.007055 -3.083203 0.132104
53.627 3 COMMANDS 0,4732,-332
53.643 3 NAVIGATION 9 0 -2622.1 236798. 0. 236812.5 0 58 58 1 0 0
53.691 3 SHT_STATUS 0 0 0.1 -39.66
53.707 3 ATTITUDE 0.0071 -3.083094 0.132007
53.707 3 IMU_ACCEL 1 1.270508 -0.051758 -9.307617
53.739 3 GPS 3 64650086 548987520 212 319352 5 4 2365 466162750 32 0
53.741 3 SVINFO 12 79 4 4 23 18 169
53.755 3 DESIRED 0.42 0.11 3.1 -61. 59. 2595. 3.6 15.
53.787 3 ATTITUDE 0.007147 -3.082969 0.131985
53.868 3 STATE_FILTER_STATUS 6 3 0
53.884 3 ATTITUDE 0.007166 -3.082841 0.13198
53.932 3 CIRCLE 0. 0. -60.
53.964 3 DESIRED 0.72 0.11 3.1 -61. 59. 2595. 3.6 15.
54.009 3 ESTIMATOR 2574.964844 -0.160943
54.010 3 GPS 3 64650090 548987518 212 319391 2 4 2365 466163000 32 0
54.013 3 SVINFO 14 81 13 7 45 35 47
54.014 3 ATTITUDE 0.007318 -3.082656 0.130974
54.016 3 LINK_REPORT 3 -1 54 0 52410 2170 1 936. 39. 14 52.39
54.089 3 WP_MOVED 1 649123. 5253077. 2595. 32
54.105 3 ATTITUDE 0.007401 -3.082486 0.13082
54.121 3 IMU_GYRO 1 -0.030762 0.029541 -0.042969
54.152 3 IMU_MAG 0 0. 0. 0.
54.171 3 DESIRED 0.8 0.11 3.1 -61. 59. 2595. 3.6 15.
54.201 3 SHT_STATUS 0 0 0.1 -39.66
54.201 3 ATTITUDE 0.007465 -3.082384 0.130779
54.233 3 GPS 3 64650095 548987516 212 319451 2 3 2365 466163250 32 0
54.297 3 ATTITUDE 0.00767 -3.082175 0.129918
54.313 3 ENERGY 0 11.337105 0. 0. 0. 0. 0.
54.329 3 AIRSPEED 0. 0. 0. 0.
54.361 3 DESIRED 0.8 0.11 3.1 -61. 59. 2595. 3.6 15.
54.393 3 ATTITUDE 0.007661 -3.082034 0.129899
54.488 3 ESTIMATOR 2574.872314 -0.174695
54.516 3 GPS 3 64650099 548987514 212 319499 4 6 2365 466163500 32 0
54.518 3 ATTITUDE 0.007076 -3.082049 0.132371
54.519 3 IMU_ACCEL 1 1.452148 -0.018555 -9.360352
54.564 3 DESIRED 0.51 0.11 3.1 -61. 59. 2595. 3.6 15.
54.564 3 CALIBRATION -150. 0
54.596 3 WP_MOVED 2 649046.125 5253124. 2595. 32
54.596 3 ATTITUDE 0.007168 -3.081887 0.132071
54.644 3 NAVIGATION 9 0 -2621.9 236798. 0. 236812.5 0 59 59 1 0 0
54.691 3 SHT_STATUS 0 0 0.1 -39.66
54.692 3 ATTITUDE 0.007237 -3.081772 0.131943
54.707 3 IMU_GYRO 1 -0.022705 0.021973 -0.04248
54.740 3 FBW_STATUS 2 0 1 11.34329 0.
54.740 3 GPS 3 64650103 548987513 212 319553 1 2 2365 466163750 32 0
54.756 3 DESIRED 0.72 0.11 3.1 -61. 59. 2595. 3.6 15.
