3.848 3 SHT_STATUS 0 0 0.1 -39.66
3.864 3 ATTITUDE 0. 0. 0.
3.896 3 ENERGY 0 11.386585 0. 0. 0. 0. 0.
3.912 3 NAVIGATION 9 0 -2632.4 236808.5 0. 236823.1 0 7 7 1 0 0
3.913 3 LINK_REPORT 3 -1 4 0 1556 64 6 991. 40. 0 0.
3.928 3 GPS 3 64649063 548988563 0 309270 8 -20 2372 466814000 32 0
3.944 3 DESIRED -0.8 0.35 3.1 -61. 59. 2595. 5. 15.
3.960 3 ATTITUDE 0. 0. 0.
4.072 3 ATTITUDE 0. 0. 0.
4.104 3 FBW_STATUS 2 0 1 11.398955 0.
4.136 3 PPRZ_MODE 2 3 3 2 0 4
4.153 3 DESIRED -0.73 0.35 3.1 -61. 59. 2595. 5. 15.
4.185 3 GPS 3 64649070 548988565 0 309349 2 -19 2372 466814250 32 0
4.186 3 ATTITUDE 0. 0. 0.
4.201 3 ESTIMATOR 0. 0.
4.265 3 ATTITUDE 0. 0. 0.
4.297 3 WP_MOVED 1 649123. 5253077. 2595. 32
4.345 3 DESIRED -0.73 0.35 3.1 -61. 59. 2595. 5. 15.
4.361 3 IMU_GYRO 1 -0.0271 0.025635 -0.034912
4.377 3 SHT_STATUS 0 0 0.1 -39.66
4.377 3 ATTITUDE 0. 0. 0.
4.424 3 GPS 3 64649075 548988568 0 309342 3 -21 2372 466814500 32 0
4.425 3 SVINFO 9 27 13 6 40 53 152
4.473 3 ATTITUDE 0. 0. 0.
4.553 3 DESIRED -0.73 0.35 3.1 -61. 59. 2595. 5. 15.
4.554 3 IMU_ACCEL 1 1.308594 -0.166992 -9.475586
4.569 3 ATTITUDE 0. 0. 0.
4.601 3 AIRSPEED 0. 0. 0. 0.
4.649 3 STATE_FILTER_STATUS 6 2 0
4.694 3 GPS 3 64649078 548988570 0 309311 4 -22 2372 466814750 32 0
4.696 3 SVINFO 10 32 13 6 44 30 117
4.696 3 ATTITUDE 0. 0. 0.
4.710 3 GPS_SOL 529 41 185 11
4.711 3 ESTIMATOR 0. 0.
4.711 3 FBW_STATUS 2 0 1 11.39277 0.
4.743 3 DESIRED -0.8 0.35 3.1 -61. 59. 2595. 5. 15.
4.758 3 IMU_MAG 0 0. 0. 0.
4.774 3 ATTITUDE 0. 0. 0.
4.806 3 CIRCLE 0. 0. -60.
4.807 3 WP_MOVED 2 649046.125 5253124. 2595. 32
4.854 3 SHT_STATUS 0 0 0.1 -39.66
4.870 3 ATTITUDE 0. 0. 0.
4.902 3 NAVIGATION 9 0 -2632.2 236808.5 0. 236823.1 0 8 8 1 0 0
4.913 3 LINK_REPORT 3 -1 5 0 2469 102 6 913. 38. 0 0.
4.918 3 GPS 3 64649080 548988572 0 309319 6 -27 2372 466815000 32 0
4.951 3 DESIRED -0.8 0.35 3.1 -61. 59. 2595. 5. 15.
4.951 3 IMU_GYRO 1 -0.025879 0.02417 -0.035645
4.966 3 ATTITUDE 0. 0. 0.
4.999 3 DEBUG 0,0,3,0,0,0,0,1,1,1,1,1,1,2,1,1,1,0,0
5.014 3 UBLOX_INFO 115200 21 88 8 0 7 3
5.015 3 ENERGY 0 11.39277 0. 0. 0. 0. 0.
5.062 3 ATTITUDE 0. 0. 0.
5.143 3 DESIRED 0.8 0.35 3.1 -61. 59. 2595. 5. 15.
5.175 3 GPS 3 64649085 548988575 0 309360 5 -22 2372 466815250 32 0
5.191 3 ATTITUDE 0. 0. 0.
5.191 3 ESTIMATOR 0. 0.
5.271 3 ATTITUDE 0. 0. 0.
5.303 3 COMMANDS 0,7040,4886
5.303 3 DL_VALUE 5 1.
5.319 3 WP_MOVED 0 649123. 5253077. 2595. 32
5.350 3 DESIRED 0.8 0.35 3.1 -61. 59. 2595. 5. 15.
5.351 3 IMU_ACCEL 1 1.303711 -0.148438 -9.503906
5.366 3 SHT_STATUS 0 0 0.1 -39.66
5.367 3 ATTITUDE 0. 0. 0.
5.431 3 GPS 3 64649087 548988576 0 309346 3 -20 2372 466815500 32 0
5.446 3 PONG 
5.463 3 ATTITUDE 0. 0. 0.
5.543 3 CALIBRATION 0.1 0
5.559 3 DESIRED -0.8 0.35 3.1 -61. 59. 2595. 5. 15.
5.560 3 IMU_GYRO 1 -0.026367 0.024658 -0.036621
5.575 3 ATTITUDE 0. 0. 0.
5.607 3 AIRSPEED 0. 0. 0. 0.
5.687 3 GPS 3 64649087 548988577 0 309339 6 -24 2372 466815750 32 0
5.688 3 SVINFO 14 68 4 1 0 14 22
5.689 3 ATTITUDE 0. 0. 0.
5.703 3 ESTIMATOR 0. 0.
5.751 3 DESIRED -0.8 0.35 3.1 -61. 59. 2595. 5. 15.
5.767 3 ATTITUDE 0. 0. 0.
5.799 3 WP_MOVED 1 649123. 5253077. 2595. 32
5.863 3 CIRCLE 0. 0. -60.
5.864 3 SHT_STATUS 0 0 0.1 -39.66
5.879 3 ATTITUDE 0. 0. 0.
5.911 3 NAVIGATION 9 0 -2632.1 236809. 0. 236823.6 0 9 9 1 0 0
5.914 3 LINK_REPORT 3 -1 6 0 3413 141 6 944. 39. 1 35.23
5.927 3 GPS 3 64649088 548988577 0 309362 9 -25 2372 466816000 32 0
5.928 3 SVINFO 15 69 13 6 48 49 65
5.943 3 DESIRED -0.8 0.35 3.1 -61. 59. 2595. 5. 15.
5.975 3 DATALINK_REPORT 1 1 0 951 0 0
5.976 3 ATTITUDE 0. 0. 0.
6.055 3 IMU_MAG 0 0. 0. 0.
6.071 3 ATTITUDE 0. 0. 0.
6.087 3 ENERGY 0 11.39277 0. 0. 0. 0. 0.
6.103 3 FBW_STATUS 2 0 1 11.39277 0.
6.151 3 DESIRED -0.8 0.35 3.1 -61. 59. 2595. 5. 15.
6.167 3 IMU_ACCEL 1 1.296875 -0.138672 -9.477539
6.168 3 IMU_GYRO 1 -0.025879 0.024658 -0.035645
6.195 3 GPS 3 64649089 548988577 0 309385 6 -23 2372 466816250 32 0
6.197 3 SVINFO 16 70 13 6 27 33 160
6.197 3 ATTITUDE 0. 0. 0.
6.198 3 ESTIMATOR 0. 0.
6.275 3 ATTITUDE 0. 0. 0.
6.307 3 WP_MOVED 2 649046.125 5253124. 2595. 32
6.341 3 DESIRED -0.8 0.35 3.1 -61. 59. 2595. 5. 15.
6.355 3 SHT_STATUS 0 0 0.1 -39.66
6.371 3 ATTITUDE 0. 0. 0.
6.435 3 GPS 3 64649090 548988577 0 309408 7 -22 2372 466816500 32 0
6.437 3 SVINFO 17 76 13 7 35 27 306
6.467 3 ATTITUDE 0. 0. 0.
6.547 3 DESIRED -0.8 0.35 3.1 -61. 59. 2595. 5. 15.
6.563 3 ATTITUDE 0. 0. 0.
6.595 3 AIRSPEED 0. 0. 0. 0.
6.676 3 GPS 3 64649090 548988576 0 309460 3 -25 2372 466816750 32 0
6.677 3 ATTITUDE 0. 0. 0.
6.707 3 GPS_SOL 450 38 185 11
6.708 3 ESTIMATOR 0. 0.
6.709 3 FBW_STATUS 2 0 1 11.398955 0.
6.756 3 DESIRED -0.8 0.35 3.1 -61. 59. 2595. 5. 15.
6.757 3 IMU_GYRO 1 -0.0271 0.023682 -0.036621
6.771 3 ATTITUDE 0. 0. 0.
6.803 3 DL_VALUE 6 0.
6.804 3 WP_MOVED 0 649123. 5253077. 2595. 32
6.805 3 COMMANDS 0,-7040,4886
6.851 3 SHT_STATUS 0 0 0.1 -39.66
6.867 3 STATE_FILTER_STATUS 6 5 0
6.883 3 ATTITUDE 0. 0. 0.
6.900 3 CIRCLE 0. 0. -60.
6.914 3 LINK_REPORT 3 -1 7 0 4394 183 6 981. 42. 1 35.23
6.916 3 NAVIGATION 9 0 -2632.1 236808.5 0. 236823.1 0 10 10 1 0 0
6.932 3 GPS 3 64649093 548988575 0 309511 8 -20 2372 466817000 32 0
6.948 3 DESIRED -0.8 0.35 3.1 -61. 59. 2595. 5. 15.
6.949 3 IMU_ACCEL 1 1.320312 -0.165039 -9.513672
6.964 3 ATTITUDE 0. 0. 0.
7.076 3 ATTITUDE 0. 0. 0.
7.140 3 DESIRED -0.37 0.35 3.1 -61. 59. 2595. 5. 15.
7.188 3 GPS 3 64649093 548988574 0 309535 2 -8 2372 466817250 32 0
7.190 3 SVINFO 20 85 13 7 47 67 343
7.190 3 ATTITUDE 0. 0. 0.
7.204 3 ENERGY 0 11.39277 0. 0. 0. 0. 0.
7.205 3 ESTIMATOR 0. 0.
7.268 3 ATTITUDE 0. 0. 0.
7.300 3 WP_MOVED 1 649123. 5253077. 2595. 32
7.377 3 DESIRED -0.37 0.35 3.1 -61. 59. 2595. 5. 15.
7.378 3 IMU_GYRO 1 -0.026367 0.023682 -0.035645
7.379 3 IMU_MAG 0 0. 0. 0.
7.379 3 SHT_STATUS 0 0 0.1 -39.66
7.379 3 ATTITUDE 0. 0. 0.
7.425 3 GPS 3 64649095 548988573 0 309542 4 -3 2372 466817500 32 0
7.426 3 SVINFO 21 86 13 4 12 17 292
7.473 3 ATTITUDE 0. 0. 0.
7.505 3 LOGGER_STATUS 0 0 0 none
7.553 3 DESIRED -0.8 0.35 3.1 -61. 59. 2595. 5. 15.
7.569 3 ATTITUDE 0. 0. 0.
7.601 3 AIRSPEED 0. 0. 0. 0.
7.633 3 CALIBRATION 0.1 0
7.695 3 GPS 3 64649096 548988573 0 309556 2 2 2372 466817750 32 0
7.697 3 SVINFO 22 255 0 3 39 -91 0
7.698 3 ATTITUDE 0. 0. 0.
7.698 3 ESTIMATOR 0. 0.
7.743 3 DESIRED 0.8 0.35 3.1 -61. 59. 2595. 5. 15.
7.759 3 IMU_ACCEL 1 1.330078 -0.162109 -9.477539
7.775 3 ATTITUDE 0. 0. 0.
7.807 3 WP_MOVED 2 649046.125 5253124. 2595. 32
7.808 3 ACTUATORS 1040,1416,1035
7.855 3 SHT_STATUS 0 0 0.1 -39.66
7.871 3 ATTITUDE 0. 0. 0.
7.904 3 NAVIGATION 9 0 -2632.1 236808.5 0. 236823.1 0 11 11 1 0 0
7.915 3 LINK_REPORT 3 -1 8 0 5356 222 6 962. 39. 1 35.23
7.919 3 GPS 3 64649097 548988571 0 309540 7 1 2372 466818000 32 0
7.965 3 DESIRED 0.06 0.35 3.1 -61. 59. 2595. 5. 15.
7.967 3 IMU_GYRO 1 -0.024902 0.020508 -0.036133
7.967 3 CIRCLE 0. 0. -60.
7.967 3 ATTITUDE 0. 0. 0.
8.065 3 ATTITUDE 0. 0. 0.
8.093 3 FBW_STATUS 2 0 1 11.39277 0.
8.142 3 DESIRED 0.11 0.35 3.1 -61. 59. 2595. 5. 15.
8.190 3 GPS 3 64649099 548988569 0 309527 4 2 2372 466818250 32 0
8.191 3 SVINFO 1 2 13 6 39 55 284
8.192 3 ATTITUDE 0. 0. 0.
8.192 3 ESTIMATOR 0. 0.
8.269 3 ATTITUDE 0. 0. 0.
8.286 3 ENERGY 0 11.398955 0. 0. 0. 0. 0.
8.301 3 DL_VALUE 7 0.
8.302 3 WP_MOVED 0 649123. 5253077. 2595. 32
8.350 3 DESIRED 0.11 0.35 3.1 -61. 59. 2595. 5. 15.
8.365 3 SHT_STATUS 0 0 0.1 -39.66
8.382 3 ATTITUDE 0. 0. 0.
8.430 3 GPS 3 64649100 548988568 0 309554 1 1 2372 466818500 32 0
8.462 3 ATTITUDE 0. 0. 0.
8.526 3 ALIVE 172,227,105,220,37,40,50,157,255,100,14,233,187,42,89,113
8.568 3 DESIRED 0.36 0.35 3.1 -61. 59. 2595. 5. 15.
8.569 3 IMU_ACCEL 1 1.296875 -0.150391 -9.503906
8.569 3 IMU_GYRO 1 -0.026367 0.023682 -0.036133
8.570 3 ATTITUDE 0. 0. 0.
8.599 3 AIRSPEED 0. 0. 0. 0.
8.648 3 IMU_MAG 0 0. 0. 0.
8.694 3 GPS 3 64649102 548988567 0 309581 3 0 2372 466818750 32 0
8.695 3 SVINFO 3 8 13 6 43 76 243
8.696 3 ATTITUDE 0. 0. 0.
8.710 3 GPS_SOL 401 26 185 11
8.710 3 ESTIMATOR 0. 0.
8.711 3 FBW_STATUS 2 0 1 11.39277 0.
8.742 3 DESIRED -0.01 0.35 3.1 -61. 59. 2595. 5. 15.
8.774 3 ATTITUDE 0. 0. 0.
8.806 3 WP_MOVED 1 649123. 5253077. 2595. 32
8.854 3 SHT_STATUS 0 0 0.1 -39.66
8.870 3 ATTITUDE 0. 0. 0.
8.902 3 NAVIGATION 9 0 -2631.9 236808.5 0. 236823.1 0 12 12 1 0 0
8.916 3 LINK_REPORT 3 -1 9 0 6335 262 6 979. 40. 1 35.23
8.934 3 GPS 3 64649104 548988566 0 309594 2 -4 2372 466819000 32 0
8.936 3 SVINFO 4 10 13 6 42 56 61
8.950 3 DESIRED -0.01 0.35 3.1 -61. 59. 2595. 5. 15.
8.966 3 ATTITUDE 0. 0. 0.
8.998 3 CIRCLE 0. 0. -60.
9.030 3 PPRZ_MODE 2 3 3 2 0 4
9.062 3 STATE_FILTER_STATUS 6 5 0
9.078 3 ATTITUDE 0. 0. 0.
9.158 3 DESIRED -0.8 0.35 3.1 -61. 59. 2595. 5. 15.
9.159 3 IMU_GYRO 1 -0.0271 0.025146 -0.034912
9.175 3 GPS 3 64649105 548988566 0 309585 5 -13 2372 466819250 32 0
9.190 3 ATTITUDE 0. 0. 0.
9.191 3 ESTIMATOR 0. 0.
9.270 3 ATTITUDE 0. 0. 0.
9.302 3 WP_MOVED 2 649046.125 5253124. 2595. 32
9.350 3 DESIRED -0.8 0.35 3.1 -61. 59. 2595. 5. 15.
9.350 3 IMU_ACCEL 1 1.296875 -0.171875 -9.46875
9.366 3 SHT_STATUS 0 0 0.1 -39.66
9.366 3 ATTITUDE 0. 0. 0.
9.398 3 ENERGY 0 11.39277 0. 0. 0. 0. 0.
9.431 3 GPS 3 64649106 548988566 0 309562 2 -7 2372 466819500 32 0
9.462 3 ATTITUDE 0. 0. 0.
9.543 3 DESIRED 0.8 0.35 3.1 -61. 59. 2595. 5. 15.
9.574 3 ATTITUDE 0. 0. 0.
9.607 3 AIRSPEED 0. 0. 0. 0.
9.623 3 AUTOPILOT_VERSION 60400 v6.4.0_stable
9.687 3 GPS 3 64649108 548988565 0 309593 3 -7 2372 466819750 32 0
9.688 3 ATTITUDE 0. 0. 0.
9.702 3 ESTIMATOR 0. 0.
9.766 3 CALIBRATION 0.1 0
9.767 3 DESIRED 0.72 0.35 3.1 -61. 59. 2595. 5. 15.
9.768 3 IMU_GYRO 1 -0.026367 0.024658 -0.036133
9.768 3 ATTITUDE 0. 0. 0.
9.814 3 NAVIGATION_REF 649123 5253077 32 2575.
9.815 3 DL_VALUE 8 2.
9.828 3 WP_MOVED 0 649123. 5253077. 2595. 32
9.847 3 SHT_STATUS 0 0 0.1 -39.66
9.878 3 ATTITUDE 0. 0. 0.
9.910 3 NAVIGATION 9 0 -2631.9 236808.5 0. 236823.1 0 13 13 1 0 0
9.917 3 LINK_REPORT 3 -1 10 0 7281 301 6 946. 39. 1 35.23
9.926 3 GPS 3 64649109 548988564 0 309601 3 -10 2372 466820000 32 0
9.927 3 SVINFO 8 27 13 6 41 53 152
9.942 3 DESIRED -0.73 0.35 3.1 -61. 59. 2595. 5. 15.
9.958 3 IMU_MAG 0 0. 0. 0.
9.974 3 ATTITUDE 0. 0. 0.
10.054 3 CIRCLE 0. 0. -60.
10.070 3 ATTITUDE 0. 0. 0.
10.102 3 FBW_STATUS 2 0 1 11.39277 0.
10.150 3 DESIRED -0.8 0.35 3.1 -61. 59. 2595. 5. 15.
10.151 3 IMU_ACCEL 1 1.323242 -0.212891 -9.521484
10.195 3 GPS 3 64649109 548988563 0 309584 4 -9 2372 466820250 32 0
10.197 3 SVINFO 9 32 13 6 43 30 117
10.197 3 ATTITUDE 0. 0. 0.
10.198 3 ESTIMATOR 0. 0.
10.275 3 ATTITUDE 0. 0. 0.
10.307 3 COMMANDS 0,-7040,4886
10.307 3 WP_MOVED 1 649123. 5253077. 2595. 32
10.354 3 DESIRED -0.8 0.35 3.1 -61. 59. 2595. 5. 15.
10.355 3 IMU_GYRO 1 -0.025879 0.022949 -0.035645
10.370 3 SHT_STATUS 0 0 0.1 -39.66
10.371 3 ATTITUDE 0. 0. 0.
10.435 3 GPS 3 64649111 548988562 0 309721 7 9 2372 466820500 32 0
10.437 3 SVINFO 10 120 20 1 0 28 213
10.451 3 PONG 
10.467 3 ATTITUDE 0. 0. 0.
10.499 3 ENERGY 0 11.39277 0. 0. 0. 0. 0.
10.547 3 DESIRED -0.73 0.35 3.1 -61. 59. 2595. 5. 15.
10.563 3 ATTITUDE 0. 0. 0.
10.595 3 AIRSPEED 0. 0. 0. 0.
10.675 3 GPS 3 64649111 548988562 0 309780 5 0 2372 466820750 32 0
10.677 3 ATTITUDE 0. 0. 0.
10.707 3 GPS_SOL 368 25 185 11
10.708 3 ESTIMATOR 0. 0.
10.709 3 FBW_STATUS 2 0 1 11.39277 0.
10.739 3 DESIRED -0.55 0.35 3.1 -61. 59. 2595. 5. 15.
10.771 3 ATTITUDE 0. 0. 0.
10.803 3 WP_MOVED 2 649046.125 5253124. 2595. 32
10.851 3 SHT_STATUS 0 0 0.1 -39.66
10.867 3 ATTITUDE 0. 0. 0.
10.900 3 NAVIGATION 9 0 -2631.9 236808.5 0. 236823.1 0 14 14 1 0 0
10.918 3 LINK_REPORT 3 -1 11 0 8240 341 6 959. 40. 2 38.94
10.931 3 GPS 3 64649111 548988562 0 309780 6 -2 2372 466821000 32 0
10.948 3 DESIRED -0.37 0.35 3.1 -61. 59. 2595. 5. 15.
10.963 3 IMU_ACCEL 1 1.277344 -0.148438 -9.487305
10.964 3 IMU_GYRO 1 -0.025879 0.024658 -0.035645
10.964 3 ATTITUDE 0. 0. 0.
11.059 3 DATALINK_REPORT 1 2 0 957 0 0
11.076 3 ATTITUDE 0. 0. 0.
11.091 3 CIRCLE 0. 0. -60.
11.140 3 DESIRED 0.8 0.35 3.1 -61. 59. 2595. 5. 15.
11.172 3 GPS 3 64649112 548988562 0 309796 1 -1 2372 466821250 32 0
11.187 3 ATTITUDE 0. 0. 0.
11.203 3 ESTIMATOR 0. 0.
11.252 3 IMU_MAG 0 0. 0. 0.
11.268 3 STATE_FILTER_STATUS 6 5 0
11.268 3 ATTITUDE 0. 0. 0.
11.299 3 DL_VALUE 9 0.
11.300 3 WP_MOVED 0 649123. 5253077. 2595. 32
11.350 3 DESIRED 0.8 0.35 3.1 -61. 59. 2595. 5. 15.
11.364 3 SHT_STATUS 0 0 0.1 -39.66
11.379 3 ATTITUDE 0. 0. 0.
11.428 3 GPS 3 64649114 548988564 0 309825 7 6 2372 466821500 32 0
11.429 3 SVINFO 14 69 13 7 47 49 65
11.476 3 ATTITUDE 0. 0. 0.
11.556 3 DESIRED 0.8 0.35 3.1 -61. 59. 2595. 5. 15.
11.557 3 IMU_GYRO 1 -0.03125 0.025146 -0.036133
11.572 3 ATTITUDE 0. 0. 0.
11.588 3 ENERGY 0 11.39277 0. 0. 0. 0. 0.
11.604 3 AIRSPEED 0. 0. 0. 0.
11.694 3 GPS 3 64649114 548988565 0 309838 5 8 2372 466821750 32 0
11.696 3 SVINFO 15 70 13 7 30 33 160
11.696 3 ATTITUDE 0. 0. 0.
11.696 3 ESTIMATOR 0. 0.
11.758 3 DESIRED -0.64 0.35 3.1 -61. 59. 2595. 5. 15.
11.760 3 IMU_ACCEL 1 1.303711 -0.160156 -9.521484
11.774 3 ATTITUDE 0. 0. 0.
11.806 3 WP_MOVED 1 649123. 5253077. 2595. 32
11.807 3 COMMANDS 0,-5627,4886
11.838 3 CALIBRATION -16.5 0
11.870 3 ATTITUDE 0. 0. 0.
11.902 3 NAVIGATION 9 0 -2631.8 236808.5 0. 236823.1 0 15 15 1 0 0
11.918 3 LINK_REPORT 3 -1 12 0 9197 381 6 957. 40. 2 38.94
11.934 3 GPS 3 64649115 548988565 0 309876 4 -2 2372 466822000 32 0
11.936 3 SVINFO 16 75 12 4 20 17 245
11.951 3 DESIRED 0.72 -0.35 3.1 -61. 59. 2595. 5. 15.
11.966 3 ATTITUDE 0. 0. 0.
12.062 3 ATTITUDE 0. 0. 0.
12.095 3 FBW_STATUS 2 0 1 11.3804 0.
12.168 3 DESIRED 0.8 -0.35 3.1 -61. 59. 2595. 5. 15.
12.170 3 IMU_GYRO 1 -0.031738 0.033203 -0.034424
12.170 3 CIRCLE 0. 0. -60.
12.195 3 GPS 3 64649117 548988566 0 309888 6 3 2372 466822250 32 0
12.196 3 SVINFO 17 76 13 7 34 27 306
12.197 3 ATTITUDE 0. 0. 0.
12.197 3 ESTIMATOR 1306.934814 997.600464
12.274 3 ATTITUDE 0. 0. 0.
12.306 3 WP_MOVED 2 649046.125 5253124. 2595. 32
12.339 3 DESIRED 0.8 -0.35 3.1 -61. 59. 2595. 5. 15.
12.370 3 ATTITUDE 0. 0. 0.
12.419 3 GPS 3 64649117 548988566 0 309876 4 18 2372 466822500 32 0
12.467 3 ATTITUDE 0. 0. 0.
12.576 3 DESIRED 0.8 -0.35 3.1 -61. 59. 2595. 5. 15.
12.577 3 IMU_ACCEL 1 1.262695 -0.12207 -9.526367
12.578 3 IMU_MAG 0 0. 0. 0.
12.578 3 ATTITUDE 0. 0. 0.
12.592 3 LOGGER_STATUS 0 0 0 none
12.608 3 AIRSPEED 0. 0. 0. 0.
12.688 3 GPS 3 64649117 548988567 0 309868 6 12 2372 466822750 32 0
12.689 3 SVINFO 19 84 13 6 34 42 82
12.690 3 ATTITUDE 0. 0. 0.
12.704 3 ENERGY 0 11.386585 0. 0. 0. 0. 0.
12.720 3 GPS_SOL 346 31 185 11
12.720 3 ESTIMATOR 2276.320068 1254.920776
12.721 3 FBW_STATUS 2 0 1 11.386585 0.
12.752 3 DESIRED 0.8 -0.35 3.1 -61. 59. 2595. 5. 15.
12.753 3 IMU_GYRO 1 -0.013184 0.018799 -0.034912
12.768 3 ATTITUDE 0. 0. 0.
12.800 3 DL_VALUE 10 1.
12.816 3 WP_MOVED 0 649123. 5253077. 2595. 32
12.817 3 ACTUATORS 1040,1035,1416
12.864 3 ATTITUDE 0. 0. 0.
12.912 3 NAVIGATION 9 0 -2631.8 236808.5 0. 236823.1 0 16 16 1 0 0
12.919 3 LINK_REPORT 3 -1 13 0 10161 421 6 964. 40. 2 38.94
12.928 3 GPS 3 64649118 548988567 0 309876 2 -1 2372 466823000 32 0
12.944 3 DESIRED -0.73 -0.35 3.1 -61. 59. 2595. 5. 15.
12.976 3 ATTITUDE 0. 0. 0.
13.072 3 ATTITUDE 0. 0. 0.
13.152 3 DESIRED -0.41 -0.35 3.1 -61. 59. 2595. 4.6 15.
13.196 3 GPS 3 64649119 548988566 0 309901 7 -6 2372 466823250 32 0
13.202 3 SVINFO 21 86 13 4 17 17 292
13.202 3 ATTITUDE 0. 0. 0.
13.202 3 CIRCLE 0. 0. -60.
13.212 3 ESTIMATOR 2775.029785 1019.396484
13.276 3 ATTITUDE 0. 0. 0.
13.308 3 WP_MOVED 1 649123. 5253077. 2595. 32
13.366 3 DESIRED -0.41 -0.35 3.1 -61. 59. 2595. 4.1 15.
13.368 3 IMU_ACCEL 1 1.011719 -0.171875 -9.495117
13.368 3 IMU_GYRO 1 -0.061035 -0.024902 -0.034912
13.369 3 ATTITUDE 0. 0. 0.
13.430 3 GPS 3 64649120 548988563 0 309905 4 -6 2372 466823500 32 0
13.432 3 SVINFO 22 255 0 6 43 -91 0
13.462 3 STATE_FILTER_STATUS 6 5 0
13.478 3 ATTITUDE 0. 0. 0.
13.542 3 DESIRED -0.28 -0.35 3.1 -61. 59. 2595. 3.6 15.
13.574 3 ATTITUDE 0. 0. 0.
13.606 3 AIRSPEED 0. 0. 0. 0.
13.623 3 ALIVE 172,227,105,220,37,40,50,157,255,100,14,233,187,42,89,113
13.670 3 GPS 3 64649121 548988562 0 309906 0 -8 2372 466823750 32 0
13.686 3 ATTITUDE 0. 0. 0.
13.702 3 ESTIMATOR 2775.029785 1019.396484
13.751 3 DESIRED 0.8 -0.35 3.1 -61. 59. 2595. 3.1 15.
13.766 3 ATTITUDE 0. 0. 0.
13.799 3 ENERGY 0 11.39277 0. 0. 0. 0. 0.
13.814 3 WP_MOVED 2 649046.125 5253124. 2595. 32
13.856 3 IMU_MAG 0 0. 0. 0.
13.862 3 ATTITUDE 0. 0. 0.
13.910 3 NAVIGATION 9 0 -2631.8 236808.5 0. 236823.1 0 17 17 1 0 0
13.919 3 LINK_REPORT 3 -1 14 0 11021 455 6 860. 34. 2 38.94
13.927 3 GPS 3 64649123 548988562 0 309912 3 5 2372 466824000 32 0
13.928 3 SVINFO 1 2 13 6 41 55 284
13.942 3 PPRZ_MODE 2 3 3 2 0 4
13.968 3 CALIBRATION -16.9 0
13.969 3 DESIRED -0.22 -0.35 3.1 -61. 59. 2595. 2.6 15.
13.970 3 IMU_GYRO 1 -0.010498 -0.019531 -0.034424
13.970 3 ATTITUDE 0. 0. 0.
14.065 3 ATTITUDE 0. 0. 0.
14.097 3 FBW_STATUS 2 0 1 11.39277 0.
14.145 3 DESIRED 0.8 -0.35 3.1 -61. 59. 2595. 2.1 15.
14.161 3 IMU_ACCEL 1 1.234375 -0.188477 -9.444336
14.177 3 GPS 3 64649125 548988561 0 309964 1 -10 2372 466824250 32 0
14.179 3 ATTITUDE 0. 0. 0.
14.193 3 ESTIMATOR 3088.945801 573.836304
14.241 3 CIRCLE 0. 0. -60.
14.273 3 ATTITUDE 0. 0. 0.
14.305 3 DL_VALUE 11 2595.
14.305 3 WP_MOVED 0 649123. 5253077. 2595. 32
14.355 3 DESIRED 0.8 -0.35 3.1 -61. 59. 2595. 1.6 15.
14.369 3 ATTITUDE 0. 0. 0.
14.433 3 GPS 3 64649128 548988561 0 310010 5 15 2372 466824500 32 0
14.465 3 ATTITUDE 0. 0. 0.
14.545 3 DESIRED 0.72 -0.35 3.1 -61. 59. 2595. 1.1 15.
14.561 3 IMU_GYRO 1 -0.0271 0.021484 -0.034912
14.561 3 ATTITUDE 0. 0. 0.
14.593 3 AIRSPEED 0. 0. 0. 0.
14.689 3 GPS 3 64649131 548988561 0 310049 5 13 2372 466824750 32 0
14.691 3 SVINFO 4 10 13 6 45 56 61
14.691 3 ATTITUDE 0. 0. 0.
14.705 3 GPS_SOL 331 33 219 10
14.706 3 ESTIMATOR 3088.945801 573.836304
14.721 3 FBW_STATUS 2 0 1 11.398955 0.
14.753 3 DESIRED 0.72 -0.35 3.1 -61. 59. 2595. 0.6 15.
14.769 3 ATTITUDE 0. 0. 0.
14.801 3 WP_MOVED 1 649123. 5253077. 2595. 32
14.865 3 ATTITUDE 0. 0. 0.
14.897 3 ENERGY 0 11.398955 0. 0. 0. 0. 0.
14.914 3 NAVIGATION 9 0 -2631.7 236808.5 0. 236823.1 0 18 18 1 0 0
14.920 3 LINK_REPORT 3 -1 15 0 11941 493 6 920. 38. 2 38.94
14.929 3 GPS 3 64649133 548988563 0 310072 12 17 2372 466825000 32 0
14.945 3 DESIRED 0.8 -0.35 3.1 -61. 59. 2595. 0.1 15.
14.961 3 IMU_ACCEL 1 1.289062 -0.169922 -9.495117
14.977 3 ATTITUDE 0. 0. 0.
15.073 3 ATTITUDE 0. 0. 0.
15.169 3 DESIRED -0.28 -0.35 3.1 -61. 59. 2595. -0.4 15.
15.169 3 IMU_GYRO 1 -0.02124 0.006592 -0.034912
15.170 3 IMU_MAG 0 0. 0. 0.
15.184 3 GPS 3 64649134 548988565 0 310068 4 6 2372 466825250 32 0
15.186 3 ATTITUDE 0. 0. 0.
15.200 3 ESTIMATOR 2953.780273 221.646133
15.264 3 ATTITUDE 0. 0. 0.
15.312 3 COMMANDS 0,-2434,-4886
15.313 3 CIRCLE 0. 0. -60.
15.313 3 WP_MOVED 2 649046.125 5253124. 2595. 32
15.345 3 DESIRED -0.28 -0.35 3.1 -61. 59. 2595. -0.9 15.
15.360 3 ATTITUDE 0. 0. 0.
15.425 3 GPS 3 64649136 548988565 0 310113 5 -13 2372 466825500 32 0
15.441 3 SVINFO 7 23 4 3 18 15 47
15.456 3 PONG 
15.473 3 ATTITUDE 0. 0. 0.
15.553 3 DESIRED -0.8 -0.35 3.1 -61. 59. 2595. -1.4 15.
15.569 3 ATTITUDE 0. 0. 0.
15.601 3 AIRSPEED 0. 0. 0. 0.
15.649 3 STATE_FILTER_STATUS 6 5 0
15.695 3 GPS 3 64649136 548988565 0 310093 7 -15 2372 466825750 32 0
15.696 3 SVINFO 8 27 13 6 40 53 152
15.697 3 ATTITUDE 0. 0. 0.
15.697 3 ESTIMATOR 2729.373535 22.847309
15.774 3 DESIRED -0.37 -0.35 3.1 -61. 59. 2595. -1.9 15.
15.774 3 IMU_ACCEL 1 1.148438 -0.125977 -9.511719
15.775 3 IMU_GYRO 1 -0.060059 -0.012695 -0.033447
15.775 3 ATTITUDE 0. 0. 0.
15.806 3 DL_VALUE 12 0.
15.806 3 WP_MOVED 0 649123. 5253077. 2595. 32
15.870 3 ATTITUDE 0. 0. 0.
15.903 3 NAVIGATION 9 0 -2631.6 236808.5 0. 236823.1 0 19 19 1 0 0
15.921 3 LINK_REPORT 3 -1 16 0 12821 530 6 880. 37. 3 43.39
15.935 3 GPS 3 64649136 548988565 0 310066 3 -11 2372 466826000 32 0
15.935 3 SVINFO 9 32 13 6 44 30 117
15.951 3 DESIRED -0.8 -0.35 3.1 -61. 59. 2595. -2.4 15.
15.967 3 ATTITUDE 0. 0. 0.
15.999 3 ENERGY 0 11.35566 0. 0. 0. 0. 0.
16.031 3 CALIBRATION -0.4 0
16.063 3 ATTITUDE 0. 0. 0.
16.095 3 FBW_STATUS 2 0 1 11.39277 0.
16.143 3 DESIRED -0.55 -0.35 3.1 -61. 59. 2595. -2.9 15.
16.159 3 DATALINK_REPORT 1 3 0 919 0 0
16.175 3 GPS 3 64649136 548988565 0 310047 5 -14 2372 466826250 32 0
16.177 3 ATTITUDE 0. 0. 0.
16.191 3 ESTIMATOR 2729.373535 22.847309
16.271 3 ATTITUDE 0. 0. 0.
16.303 3 WP_MOVED 1 649123. 5253077. 2595. 32
16.367 3 DESIRED -0.55 -0.35 3.1 -61. 59. 2595. -3.4 15.
16.369 3 IMU_GYRO 1 -0.025879 0.026123 -0.034912
16.369 3 CIRCLE 0. 0. -60.
16.369 3 ATTITUDE 0. 0. 0.
16.432 3 GPS 3 64649137 548988565 0 310030 1 -3 2372 466826500 32 0
16.447 3 IMU_MAG 0 0. 0. 0.
16.463 3 ATTITUDE 0. 0. 0.
16.560 3 DESIRED 0.72 0.35 3.1 -61. 59. 2595. -3.9 15.
16.569 3 IMU_ACCEL 1 1.219727 -0.12207 -9.492188
16.575 3 ATTITUDE 0. 0. 0.
16.607 3 AIRSPEED 0. 0. 0. 0.
