9.401 3 GPS_SOL 213 37 292 14
9.401 3 AIRSPEED 0. 0. 0. 0.
9.431 3 AUTOPILOT_VERSION 60400 v6.4.0_stable
9.431 3 IMU_MAG 0 0. 0. 0.
9.432 3 DESIRED 0.8 0.35 3.1 -61. 59. 2595. 0.6 15.
9.447 3 PPRZ_MODE 2 3 3 2 0 4
9.448 3 ATTITUDE 0.012695 -3.134429 0.167713
9.544 3 ESTIMATOR 2558.105469 -21.132524
9.559 3 GPS 3 64648688 548988647 0 308545 0 -22 2369 133045800 32 0
9.567 3 ATTITUDE 0.012847 -3.134297 0.167815
9.591 3 FBW_STATUS 2 0 1 11.35566 0.
9.623 3 DESIRED -0.33 0.35 3.1 -61. 59. 2595. 1.1 15.
9.639 3 WP_MOVED 1 649123. 5253077. 2595. 32
9.655 3 ATTITUDE 0.012817 -3.134163 0.167957
9.687 3 NAVIGATION 9 0 -2636.1 236809.5 0. 236824.2 0 12 12 1 0 0
9.719 3 STATE_FILTER_STATUS 6 3 0
9.751 3 SHT_STATUS 0 0 0.1 -39.66
9.751 3 ATTITUDE 0.012858 -3.133956 0.168049
9.773 3 LINK_REPORT 3 -1 10 0 5282 216 3 979. 40. 1 36.97
9.814 3 NAVIGATION_REF 649123 5253077 32 2575.
9.815 3 CIRCLE 0. 0. -60.
9.815 3 GPS 3 64648682 548988648 0 308457 15 -18 2369 133046200 32 0
9.815 3 DESIRED -0.8 0.35 3.1 -61. 59. 2595. 1.6 15.
9.846 3 ATTITUDE 0.012974 -3.13379 0.168154
9.942 3 ATTITUDE 0.012922 -3.133615 0.168236
9.975 3 IMU_GYRO 1 -0.028076 0.030518 -0.034912
10.024 3 DESIRED -0.8 0.35 3.1 -61. 59. 2595. 2.1 15.
10.038 3 ESTIMATOR 2560.404053 -13.223843
10.055 3 GPS 3 64648677 548988650 0 308395 7 -21 2369 133046400 32 0
10.055 3 ATTITUDE 0.012972 -3.133462 0.168375
10.134 3 WP_MOVED 2 649046.125 5253124. 2595. 32
10.151 3 ATTITUDE 0.013035 -3.133338 0.168507
10.167 3 IMU_ACCEL 1 1.423828 -0.097656 -9.365234
10.167 3 ENERGY 0 11.361845 0. 0. 0. 0. 0.
10.215 3 DESIRED -0.8 0.35 3.1 -61. 59. 2595. 2.6 15.
10.247 3 SHT_STATUS 0 0 0.1 -39.66
10.248 3 ATTITUDE 0.013093 -3.133151 0.168607
10.295 3 GPS 3 64648671 548988653 0 308280 13 -12 2369 133046600 32 0
10.311 3 PONG 
10.343 3 ATTITUDE 0.013126 -3.133015 0.168713
10.391 3 AIRSPEED 0. 0. 0. 0.
10.426 3 DESIRED -0.8 0.35 3.1 -61. 59. 2595. 3.1 15.
10.427 3 CALIBRATION 0.2 0
10.455 3 ATTITUDE 0.013203 -3.132869 0.168828
10.566 3 DL_VALUE 8 1.
10.567 3 ESTIMATOR 2562.898926 -8.875755
10.568 3 GPS 3 64648668 548988655 0 308255 9 -23 2369 133046800 32 0
10.569 3 ATTITUDE 0.01328 -3.132755 0.168937
10.569 3 IMU_GYRO 1 -0.027588 0.024658 -0.036621
10.615 3 DESIRED -0.8 0.35 3.1 -61. 59. 2595. 3.6 15.
10.647 3 WP_MOVED 0 649123. 5253077. 2595. 32
10.663 3 ATTITUDE 0.013306 -3.132652 0.16903
10.694 3 COMMANDS 0,-7157,2520
10.695 3 NAVIGATION 9 0 -2636.4 236809.5 0. 236824.2 0 13 13 1 0 0
10.710 3 IMU_MAG 0 0. 0. 0.
10.742 3 SHT_STATUS 0 0 0.1 -39.66
10.758 3 ATTITUDE 0.013367 -3.132501 0.169099
10.774 3 LINK_REPORT 3 -1 11 0 6204 254 3 922. 38. 2 43.08
10.790 3 FBW_STATUS 2 0 1 11.361845 0.
10.807 3 GPS 3 64648664 548988658 0 308141 2 -20 2369 133047200 32 0
10.823 3 DESIRED -0.8 0.35 3.1 -61. 59. 2595. 4.1 15.
10.839 3 CIRCLE 0. 0. -60.
10.854 3 ATTITUDE 0.013405 -3.132366 0.16916
10.951 3 ATTITUDE 0.013478 -3.132166 0.169212
10.951 3 IMU_ACCEL 1 1.430664 -0.087891 -9.420898
11.015 3 DESIRED -0.8 0.35 3.1 -61. 59. 2595. 4.6 15.
11.047 3 ESTIMATOR 2566.938232 -3.956937
11.064 3 GPS 3 64648660 548988661 0 308069 20 -11 2369 133047400 32 0
11.065 3 ATTITUDE 0.013515 -3.132028 0.169248
11.143 3 WP_MOVED 1 649123. 5253077. 2595. 32
11.159 3 ATTITUDE 0.013546 -3.131825 0.169317
11.175 3 IMU_GYRO 1 -0.027588 0.02417 -0.036133
11.223 3 DESIRED -0.69 0.35 3.1 -61. 59. 2595. 4.9 15.
11.255 3 SHT_STATUS 0 0 0.1 -39.66
11.256 3 ATTITUDE 0.013586 -3.131692 0.169369
11.271 3 ENERGY 0 11.35566 0. 0. 0. 0. 0.
11.287 3 GPS 3 64648658 548988661 0 308128 11 -13 2369 133047600 32 0
11.351 3 ATTITUDE 0.01359 -3.131559 0.169437
11.408 3 GPS_SOL 193 37 292 14
11.409 3 AIRSPEED 0. 0. 0. 0.
11.417 3 DESIRED -0.8 0.35 3.1 -61. 59. 2595. 4.7 15.
11.447 3 DATALINK_REPORT 1 2 0 927 0 0
11.462 3 ATTITUDE 0.013632 -3.131365 0.169507
11.559 3 ESTIMATOR 2569.337891 -1.736383
11.560 3 GPS 3 64648653 548988664 0 308015 11 -23 2369 133047800 32 0
11.562 3 ATTITUDE 0.013688 -3.13122 0.169519
11.591 3 FBW_STATUS 2 0 1 11.361845 0.
11.623 3 DESIRED -0.8 0.35 3.1 -61. 59. 2595. 4.5 15.
11.639 3 WP_MOVED 2 649046.125 5253124. 2595. 32
11.655 3 ATTITUDE 0.013687 -3.131064 0.169635
11.688 3 NAVIGATION 9 0 -2636.5 236809.5 0. 236824.2 0 14 14 1 0 0
11.752 3 SHT_STATUS 0 0 0.1 -39.66
11.767 3 ATTITUDE 0.013697 -3.130888 0.169669
11.768 3 IMU_ACCEL 1 1.418945 -0.064453 -9.376953
11.775 3 LINK_REPORT 3 -1 12 0 7111 290 3 907. 36. 2 43.08
11.783 3 IMU_GYRO 1 -0.028076 0.026855 -0.034912
11.799 3 GPS 3 64648649 548988669 0 307938 7 -21 2369 133048200 32 0
11.816 3 DESIRED -0.8 0.31 3.1 -61. 59. 2595. 4.3 15.
11.847 3 ATTITUDE 0.013719 -3.130679 0.169726
11.895 3 CIRCLE 0. 0. -60.
11.927 3 STATE_FILTER_STATUS 6 3 0
11.943 3 ATTITUDE 0.013738 -3.130544 0.169783
12.024 3 IMU_MAG 0 0. 0. 0.
12.025 3 DESIRED 0.8 0.28 3.1 -61. 59. 2595. 4.1 15.
12.065 3 DL_VALUE 9 2595.
12.066 3 ESTIMATOR 2572.314941 0.356966
12.067 3 GPS 3 64648650 548988670 0 307911 1 -20 2369 133048400 32 0
12.068 3 ATTITUDE 0.013728 -3.130363 0.16985
12.146 3 WP_MOVED 0 649123. 5253077. 2595. 32
12.162 3 ATTITUDE 0.013755 -3.1302 0.169892
12.210 3 DESIRED -0.8 0.25 3.1 -61. 59. 2595. 4. 15.
12.258 3 SHT_STATUS 0 0 0.1 -39.66
12.258 3 ATTITUDE 0.013689 -3.13002 0.170095
12.291 3 GPS 3 64648650 548988671 0 307889 5 -15 2369 133048600 32 0
12.356 3 ATTITUDE 0.013794 -3.129872 0.170028
12.386 3 ENERGY 0 11.213405 0. 0. 0. 0. 0.
12.388 3 IMU_GYRO 1 -0.027588 0.019775 -0.036621
12.388 3 AIRSPEED 0. 0. 0. 0.
12.425 3 DESIRED -0.8 0.23 3.1 -61. 59. 2595. 3.8 15.
12.450 3 ATTITUDE 0.013838 -3.129719 0.170185
12.513 3 CALIBRATION 0. 0
12.545 3 ESTIMATOR 2573.811768 1.105974
12.576 3 GPS 3 64648648 548988673 0 307853 9 -15 2369 133048800 32 0
12.577 3 ATTITUDE 0.0139 -3.129564 0.170251
12.578 3 IMU_ACCEL 1 1.447266 -0.087891 -9.413086
12.624 3 DESIRED -0.77 0.21 3.1 -61. 59. 2595. 3.7 15.
12.639 3 WP_MOVED 1 649123. 5253077. 2595. 32
12.655 3 ATTITUDE 0.013903 -3.129424 0.170332
12.704 3 NAVIGATION 9 0 -2636.5 236809.5 0. 236824.2 0 15 15 1 0 0
12.705 3 COMMANDS 0,-6866,439
12.751 3 SHT_STATUS 0 0 0.1 -39.66
12.767 3 ATTITUDE 0.013937 -3.129308 0.170339
12.776 3 LINK_REPORT 3 -1 13 0 8016 327 3 905. 37. 2 43.08
12.799 3 FBW_STATUS 2 0 1 11.35566 0.
12.800 3 GPS 3 64648648 548988675 0 307874 7 -24 2369 133049200 32 0
12.815 3 DESIRED -0.8 0.19 3.1 -61. 59. 2595. 3.6 15.
12.847 3 ATTITUDE 0.014005 -3.129163 0.170353
12.943 3 CIRCLE 0. 0. -60.
12.959 3 ATTITUDE 0.014044 -3.129008 0.170355
12.975 3 LOGGER_STATUS 0 0 0 none
12.976 3 IMU_GYRO 1 -0.025879 0.025146 -0.034912
13.023 3 DESIRED -0.8 0.19 3.1 -61. 59. 2595. 3.5 15.
13.065 3 ESTIMATOR 2575.489746 1.614969
13.065 3 GPS 3 64648650 548988678 0 307883 10 -19 2369 133049400 32 0
13.065 3 ATTITUDE 0.014066 -3.128817 0.170369
13.145 3 WP_MOVED 2 649046.125 5253124. 2595. 32
13.161 3 ATTITUDE 0.014148 -3.128651 0.170391
13.210 3 DESIRED -0.8 0.18 3.1 -61. 59. 2595. 3.5 15.
13.241 3 SHT_STATUS 0 0 0.1 -39.66
13.257 3 ATTITUDE 0.01418 -3.128493 0.170365
13.290 3 GPS 3 64648650 548988679 0 307887 9 -15 2369 133049600 32 0
13.307 3 IMU_MAG 0 0. 0. 0.
13.353 3 ATTITUDE 0.01421 -3.128317 0.170312
13.353 3 IMU_ACCEL 1 1.430664 -0.056641 -9.389648
13.385 3 GPS_SOL 179 33 292 14
13.408 3 AIRSPEED 0. 0. 0. 0.
13.418 3 DESIRED -0.8 0.18 3.1 -61. 59. 2595. 3.4 15.
13.449 3 ATTITUDE 0.01423 -3.128128 0.170384
13.482 3 ENERGY 0 11.33092 0. 0. 0. 0. 0.
13.545 3 DL_VALUE 10 0.
13.546 3 ESTIMATOR 2576.088135 1.589801
13.576 3 GPS 3 64648650 548988682 0 307869 14 -20 2369 133049800 32 0
13.578 3 ATTITUDE 0.014292 -3.127924 0.170397
13.578 3 IMU_GYRO 1 -0.0271 0.025146 -0.035645
13.592 3 FBW_STATUS 2 0 1 11.35566 0.
13.624 3 DESIRED -0.8 0.18 3.1 -61. 59. 2595. 3.4 15.
13.640 3 WP_MOVED 0 649123. 5253077. 2595. 32
13.656 3 ATTITUDE 0.014301 -3.127722 0.170445
13.704 3 NAVIGATION 9 0 -2636.5 236809.5 0. 236824.2 0 16 16 1 0 0
13.706 3 ACTUATORS 1040,1780,1779
13.751 3 SHT_STATUS 0 0 0.1 -39.66
13.767 3 ATTITUDE 0.014311 -3.127535 0.170425
13.776 3 LINK_REPORT 3 -1 14 0 8972 366 3 956. 39. 2 43.08
13.799 3 GPS 3 64648651 548988685 0 307860 10 -5 2369 133050200 32 0
13.815 3 DESIRED -0.8 0.18 3.1 -61. 59. 2595. 3.3 15.
13.848 3 ATTITUDE 0.014323 -3.127351 0.170437
13.943 3 ATTITUDE 0.014345 -3.1272 0.170468
13.976 3 ALIVE 106,138,75,80,111,188,0,78,1,199,86,75,254,243,240,77
13.991 3 CIRCLE 0. 0. -60.
14.007 3 DESIRED -0.8 0.18 3.1 -61. 59. 2595. 3.3 15.
14.039 3 ESTIMATOR 2576.474121 1.267872
14.056 3 GPS 3 64648652 548988687 0 307879 6 -9 2369 133050400 32 0
14.056 3 ATTITUDE 0.014352 -3.127035 0.170439
14.120 3 STATE_FILTER_STATUS 6 3 0
14.136 3 WP_MOVED 1 649123. 5253077. 2595. 32
14.168 3 ATTITUDE 0.014394 -3.126845 0.170493
14.169 3 IMU_ACCEL 1 1.418945 -0.092773 -9.373047
14.169 3 IMU_GYRO 1 -0.027588 0.026123 -0.035645
14.216 3 DESIRED -0.8 0.19 3.1 -61. 59. 2595. 3.3 15.
14.248 3 SHT_STATUS 0 0 0.1 -39.66
14.249 3 ATTITUDE 0.014435 -3.126691 0.170489
14.296 3 GPS 3 64648652 548988689 0 307867 7 -12 2369 133050600 32 0
14.344 3 PPRZ_MODE 2 3 3 2 0 4
14.360 3 ATTITUDE 0.014428 -3.126573 0.170479
14.392 3 AIRSPEED 0. 0. 0. 0.
14.432 3 DESIRED 0.72 0.19 3.1 -61. 59. 2595. 3.3 15.
14.456 3 ATTITUDE 0.014463 -3.126458 0.170477
14.566 3 ESTIMATOR 2576.749756 1.137615
14.568 3 GPS 3 64648653 548988689 0 307867 1 -13 2369 133050800 32 0
14.569 3 ATTITUDE 0.014511 -3.126281 0.170585
14.582 3 ENERGY 0 11.35566 0. 0. 0. 0. 0.
14.614 3 IMU_MAG 0 0. 0. 0.
14.646 3 DESIRED -0.67 0.19 3.1 -61. 59. 2595. 3.3 15.
14.647 3 CALIBRATION 0. 0
14.648 3 WP_MOVED 2 649046.125 5253124. 2595. 32
14.661 3 ATTITUDE 0.014512 -3.12612 0.170486
14.694 3 NAVIGATION 9 0 -2636.4 236809.5 0. 236824.2 0 17 17 1 0 0
14.742 3 SHT_STATUS 0 0 0.1 -39.66
14.757 3 ATTITUDE 0.014629 -3.125966 0.170459
14.773 3 IMU_GYRO 1 -0.030273 0.039062 -0.032959
14.777 3 LINK_REPORT 3 -1 15 0 9888 403 3 916. 37. 2 43.08
14.790 3 FBW_STATUS 2 0 1 11.35566 0.
14.806 3 GPS 3 64648652 548988692 0 307795 8 -11 2369 133051200 32 0
14.822 3 DESIRED -0.8 0.19 3.1 -61. 59. 2595. 3.3 15.
14.854 3 ATTITUDE 0.014523 -3.12577 0.170518
14.949 3 ATTITUDE 0.014582 -3.125566 0.170577
14.965 3 IMU_ACCEL 1 1.461914 -0.074219 -9.373047
15.014 3 DESIRED -0.8 0.2 3.1 -61. 59. 2595. 3.3 15.
15.046 3 DL_VALUE 11 0.
15.073 3 CIRCLE 0. 0. -60.
15.073 3 ESTIMATOR 2576.773926 0.785333
15.075 3 GPS 3 64648653 548988694 0 307776 9 -21 2369 133051400 32 0
15.078 3 ATTITUDE 0.014631 -3.125385 0.170594
15.137 3 WP_MOVED 0 649123. 5253077. 2595. 32
15.153 3 ATTITUDE 0.014647 -3.125189 0.170575
15.217 3 DESIRED -0.8 0.21 3.1 -61. 59. 2595. 3.3 15.
15.249 3 SHT_STATUS 0 0 0.1 -39.66
15.250 3 ATTITUDE 0.014644 -3.125015 0.170607
15.296 3 GPS 3 64648653 548988695 0 307759 10 -19 2369 133051600 32 0
15.312 3 PONG 
15.345 3 ATTITUDE 0.014647 -3.124856 0.170644
15.377 3 IMU_GYRO 1 -0.026367 0.024658 -0.036133
15.393 3 GPS_SOL 169 33 292 14
15.393 3 AIRSPEED 0. 0. 0. 0.
15.429 3 DESIRED -0.8 0.21 3.1 -61. 59. 2595. 3.3 15.
15.442 3 ATTITUDE 0.014691 -3.1247 0.170665
15.565 3 ESTIMATOR 2576.577148 0.502912
15.566 3 GPS 3 64648652 548988697 0 307740 9 -14 2369 133051800 32 0
15.567 3 ATTITUDE 0.014679 -3.12455 0.170647
15.581 3 FBW_STATUS 2 0 1 11.361845 0.
15.613 3 DESIRED -0.8 0.22 3.1 -61. 59. 2595. 3.3 15.
15.645 3 WP_MOVED 1 649123. 5253077. 2595. 32
15.645 3 ATTITUDE 0.014686 -3.124375 0.170628
15.678 3 ENERGY 0 11.361845 0. 0. 0. 0. 0.
15.693 3 COMMANDS 0,-7169,647
15.694 3 NAVIGATION 9 0 -2636.5 236809.5 0. 236824.2 0 18 18 1 0 0
15.741 3 SHT_STATUS 0 0 0.1 -39.66
15.757 3 ATTITUDE 0.014683 -3.124202 0.170597
15.773 3 IMU_ACCEL 1 1.452148 -0.069336 -9.351562
15.777 3 LINK_REPORT 3 -1 16 0 10812 441 3 924. 38. 3 43.41
15.789 3 GPS 3 64648651 548988700 0 307720 11 -13 2369 133052200 32 0
15.821 3 DESIRED -0.8 0.22 3.1 -61. 59. 2595. 3.3 15.
15.853 3 ATTITUDE 0.014663 -3.124069 0.170614
15.917 3 IMU_MAG 0 0. 0. 0.
15.949 3 ATTITUDE 0.014699 -3.12389 0.170591
15.965 3 IMU_GYRO 1 -0.026367 0.025635 -0.034912
16.014 3 DESIRED -0.8 0.22 3.1 -61. 59. 2595. 3.3 15.
16.045 3 ESTIMATOR 2576.493408 0.297338
16.061 3 GPS 3 64648651 548988702 0 307696 4 -11 2369 133052400 32 0
16.063 3 ATTITUDE 0.014735 -3.123698 0.170528
16.093 3 CIRCLE 0. 0. -60.
16.141 3 WP_MOVED 2 649046.125 5253124. 2595. 32
16.157 3 ATTITUDE 0.014752 -3.123493 0.170525
16.222 3 DESIRED -0.73 0.22 3.1 -61. 59. 2595. 3.3 15.
16.253 3 SHT_STATUS 0 0 0.1 -39.66
16.269 3 ATTITUDE 0.014728 -3.12334 0.170502
16.302 3 GPS 3 64648651 548988702 0 307690 1 -15 2369 133052600 32 0
16.334 3 STATE_FILTER_STATUS 6 3 0
16.350 3 ATTITUDE 0.014748 -3.123151 0.170488
16.397 3 AIRSPEED 0. 0. 0. 0.
16.424 3 DESIRED -0.73 0.23 3.1 -61. 59. 2595. 3.4 15.
16.445 3 ATTITUDE 0.014743 -3.122992 0.170452
16.572 3 DATALINK_REPORT 1 3 0 897 0 0
16.572 3 DL_VALUE 12 0.
16.573 3 ESTIMATOR 2576.258545 0.096694
16.575 3 GPS 3 64648651 548988703 0 307678 6 -11 2369 133052800 32 0
16.577 3 ATTITUDE 0.014756 -3.122782 0.1704
16.586 3 IMU_ACCEL 1 1.416016 -0.083008 -9.381836
16.587 3 IMU_GYRO 1 -0.027588 0.025146 -0.035645
16.617 3 DESIRED -0.8 0.24 3.1 -61. 59. 2595. 3.4 15.
16.632 3 WP_MOVED 0 649123. 5253077. 2595. 32
16.648 3 ATTITUDE 0.014757 -3.122584 0.170362
16.696 3 NAVIGATION 9 0 -2636.5 236809.5 0. 236824.2 0 19 19 1 0 0
16.712 3 CALIBRATION 0.1 0
16.744 3 SHT_STATUS 0 0 0.1 -39.66
16.760 3 ATTITUDE 0.014805 -3.122375 0.170302
16.776 3 ENERGY 0 11.361845 0. 0. 0. 0. 0.
16.778 3 LINK_REPORT 3 -1 17 0 11721 478 3 909. 37. 3 43.41
16.792 3 FBW_STATUS 2 0 1 11.361845 0.
16.808 3 GPS 3 64648648 548988706 0 307624 12 -11 2369 133053200 32 0
16.824 3 DESIRED -0.8 0.24 3.1 -61. 59. 2595. 3.4 15.
16.856 3 ATTITUDE 0.014809 -3.122178 0.17025
16.952 3 ATTITUDE 0.014819 -3.121968 0.170247
17.017 3 DESIRED -0.73 0.24 3.1 -61. 59. 2595. 3.4 15.
17.048 3 ESTIMATOR 2575.892578 -0.120729
17.049 3 GPS 3 64648649 548988706 0 307649 5 -7 2369 133053400 32 0
17.064 3 ATTITUDE 0.014813 -3.121788 0.170196
17.144 3 CIRCLE 0. 0. -60.
17.145 3 WP_MOVED 1 649123. 5253077. 2595. 32
17.160 3 ATTITUDE 0.014824 -3.121582 0.170163
17.176 3 IMU_GYRO 1 -0.0271 0.022461 -0.034424
17.224 3 IMU_MAG 0 0. 0. 0.
17.226 3 DESIRED -0.8 0.25 3.1 -61. 59. 2595. 3.4 15.
17.240 3 SHT_STATUS 0 0 0.1 -39.66
17.256 3 ATTITUDE 0.014869 -3.121378 0.170057
17.288 3 GPS 3 64648649 548988708 0 307637 3 -7 2369 133053600 32 0
17.352 3 ATTITUDE 0.014897 -3.12121 0.170013
17.353 3 IMU_ACCEL 1 1.423828 -0.09082 -9.365234
17.400 3 GPS_SOL 162 32 292 14
17.401 3 AIRSPEED 0. 0. 0. 0.
17.418 3 DESIRED -0.8 0.25 3.1 -61. 59. 2595. 3.5 15.
17.448 3 ATTITUDE 0.014879 -3.121042 0.169953
17.544 3 ESTIMATOR 2575.745117 -0.177287
17.561 3 GPS 3 64648649 548988709 0 307619 7 -13 2369 133053800 32 0
17.562 3 ATTITUDE 0.014903 -3.120875 0.169868
17.593 3 FBW_STATUS 2 0 1 11.361845 0.
17.625 3 DESIRED -0.8 0.25 3.1 -61. 59. 2595. 3.5 15.
17.640 3 WP_MOVED 2 649046.125 5253124. 2595. 32
17.656 3 ATTITUDE 0.014929 -3.120696 0.169805
17.705 3 NAVIGATION 9 0 -2636.5 236810.5 0. 236825.2 0 20 20 1 0 0
17.706 3 COMMANDS 0,-7171,1104
17.752 3 SHT_STATUS 0 0 0.1 -39.66
17.753 3 ATTITUDE 0.014923 -3.120502 0.169754
17.769 3 IMU_GYRO 1 -0.026367 0.025635 -0.034912
17.778 3 LINK_REPORT 3 -1 18 0 12612 514 3 891. 36. 3 43.41
17.800 3 GPS 3 64648649 548988713 0 307599 10 -16 2369 133054200 32 0
17.816 3 DESIRED -0.8 0.25 3.1 -61. 59. 2595. 3.5 15.
17.848 3 ATTITUDE 0.014951 -3.120293 0.169703
17.865 3 ENERGY 0 11.35566 0. 0. 0. 0. 0.
17.945 3 ATTITUDE 0.01496 -3.120133 0.169629
18.009 3 DESIRED -0.8 0.25 3.1 -61. 59. 2595. 3.5 15.
18.067 3 DL_VALUE 13 70.
18.067 3 ESTIMATOR 2575.571533 -0.215772
18.068 3 GPS 3 64648649 548988714 0 307576 4 -17 2369 133054400 32 0
18.070 3 ATTITUDE 0.014986 -3.119952 0.169589
18.071 3 LOGGER_STATUS 0 0 0 none
18.131 3 WP_MOVED 0 649123. 5253077. 2595. 32
18.147 3 ATTITUDE 0.014999 -3.119742 0.169488
18.163 3 IMU_ACCEL 1 1.435547 -0.097656 -9.376953
18.195 3 CIRCLE 0. 0. -60.
18.211 3 DESIRED 0.8 0.25 3.1 -61. 59. 2595. 3.5 15.
18.243 3 SHT_STATUS 0 0 0.1 -39.66
18.259 3 ATTITUDE 0.014977 -3.119509 0.169479
18.291 3 GPS 3 64648649 548988716 0 307531 2 -20 2369 133054600 32 0
18.355 3 ATTITUDE 0.015008 -3.119351 0.169347
18.371 3 IMU_GYRO 1 -0.028564 0.022461 -0.035645
18.387 3 AIRSPEED 0. 0. 0. 0.
18.424 3 DESIRED -0.73 0.25 3.1 -61. 59. 2595. 3.5 15.
18.450 3 ATTITUDE 0.014941 -3.1192 0.169299
18.514 3 IMU_MAG 0 0. 0. 0.
18.531 3 STATE_FILTER_STATUS 6 3 0
18.547 3 ESTIMATOR 2575.584961 -0.167306
18.548 3 GPS 3 64648651 548988717 0 307545 5 -18 2369 133054800 32 0
18.563 3 ATTITUDE 0.014968 -3.119006 0.169335
18.611 3 DESIRED -0.73 0.25 3.1 -61. 59. 2595. 3.5 15.
18.644 3 WP_MOVED 1 649123. 5253077. 2595. 32
18.659 3 ATTITUDE 0.01501 -3.118825 0.169268
18.691 3 NAVIGATION 9 0 -2636.5 236810.5 0. 236825.2 0 21 21 1 0 0
18.707 3 ACTUATORS 1040,1799,1712
18.755 3 SHT_STATUS 0 0 0.1 -39.66
18.756 3 ATTITUDE 0.01498 -3.118647 0.169218
18.779 3 LINK_REPORT 3 -1 19 0 13502 550 3 890. 36. 3 43.41
18.813 3 NAVIGATION_REF 649123 5253077 32 2575.
18.815 3 FBW_STATUS 2 0 1 11.35566 0.
18.816 3 GPS 3 64648652 548988718 0 307566 11 -14 2369 133055200 32 0
18.830 3 DESIRED -0.8 0.25 3.1 -61. 59. 2595. 3.5 15.
18.831 3 CALIBRATION 0.1 0
18.845 3 ATTITUDE 0.014996 -3.118431 0.16912
18.957 3 ATTITUDE 0.015038 -3.118222 0.169057
18.957 3 IMU_ACCEL 1 1.425781 -0.100586 -9.375
18.973 3 ENERGY 0 11.361845 0. 0. 0. 0. 0.
18.989 3 IMU_GYRO 1 -0.027588 0.025635 -0.034912
19.022 3 DESIRED -0.8 0.25 3.1 -61. 59. 2595. 3.5 15.
19.066 3 ESTIMATOR 2575.568604 -0.124999
19.067 3 GPS 3 64648652 548988719 0 307568 7 -13 2369 133055400 32 0
19.069 3 ATTITUDE 0.015019 -3.11804 0.169021
19.070 3 ALIVE 106,138,75,80,111,188,0,78,1,199,86,75,254,243,240,77
19.146 3 WP_MOVED 2 649046.125 5253124. 2595. 32
19.162 3 ATTITUDE 0.015005 -3.117841 0.168963
19.211 3 DESIRED -0.8 0.25 3.1 -61. 59. 2595. 3.5 15.
19.242 3 PPRZ_MODE 2 3 3 2 0 4
19.258 3 CIRCLE 0. 0. -60.
19.259 3 SHT_STATUS 0 0 0.1 -39.66
19.260 3 ATTITUDE 0.014999 -3.117636 0.168942
19.291 3 GPS 3 64648653 548988719 0 307593 10 -11 2369 133055600 32 0
19.355 3 ATTITUDE 0.014986 -3.117457 0.168893
19.387 3 GPS_SOL 156 31 292 14
19.403 3 AIRSPEED 0. 0. 0. 0.
19.429 3 DESIRED -0.73 0.24 3.1 -61. 59. 2595. 3.5 15.
19.450 3 ATTITUDE 0.015001 -3.11724 0.1688
19.547 3 DL_VALUE 14 0.
19.547 3 ESTIMATOR 2575.832275 0.051228
19.577 3 GPS 3 64648654 548988721 0 307603 5 -4 2369 133055800 32 0
19.579 3 ATTITUDE 0.015009 -3.117031 0.168696
19.579 3 IMU_GYRO 1 -0.027588 0.024658 -0.035645
19.593 3 FBW_STATUS 2 0 1 11.361845 0.
19.625 3 DESIRED -0.73 0.24 3.1 -61. 59. 2595. 3.5 15.
19.641 3 WP_MOVED 0 649123. 5253077. 2595. 32
19.657 3 ATTITUDE 0.014995 -3.116846 0.168635
19.689 3 NAVIGATION 9 0 -2636.4 236810.5 0. 236825.2 0 22 22 1 0 0
19.753 3 SHT_STATUS 0 0 0.1 -39.66
19.754 3 ATTITUDE 0.014999 -3.116625 0.168577
19.754 3 IMU_ACCEL 1 1.425781 -0.074219 -9.399414
19.780 3 LINK_REPORT 3 -1 20 0 14497 591 3 995. 41. 3 43.41
19.801 3 GPS 3 64648654 548988723 0 307623 10 -3 2369 133056200 32 0
19.817 3 IMU_MAG 0 0. 0. 0.
19.823 3 DESIRED -0.8 0.24 3.1 -61. 59. 2595. 3.5 15.
19.849 3 ATTITUDE 0.015001 -3.1164 0.168437
19.873 3 WIND_INFO 3 5 0. 0. 0. 0.
19.944 3 ATTITUDE 0.015017 -3.116176 0.168382
20.009 3 DESIRED -0.73 0.24 3.1 -61. 59. 2595. 3.5 15.
20.057 3 ESTIMATOR 2575.77832 0.014195
20.058 3 GPS 3 64648653 548988725 0 307595 5 -10 2369 133056400 32 0
20.060 3 ATTITUDE 0.015022 -3.115991 0.168321
20.073 3 ENERGY 0 11.35566 0. 0. 0. 0. 0.
20.137 3 WP_MOVED 1 649123. 5253077. 2595. 32
20.153 3 ATTITUDE 0.014971 -3.115785 0.168238
20.169 3 IMU_GYRO 1 -0.027588 0.024658 -0.034424
20.218 3 DESIRED 0.36 0.24 3.1 -61. 59. 2595. 3.5 15.
20.249 3 SHT_STATUS 0 0 0.1 -39.66
20.265 3 ATTITUDE 0.015001 -3.11558 0.168136
20.313 3 CIRCLE 0. 0. -60.
20.314 3 GPS 3 64648653 548988727 0 307587 2 -10 2369 133056600 32 0
20.316 3 PONG 
20.345 3 ATTITUDE 0.015102 -3.115391 0.168059
20.393 3 AIRSPEED 0. 0. 0. 0.
20.410 3 DESIRED 0.8 0.24 3.1 -61. 59. 2595. 3.4 15.
20.441 3 ATTITUDE 0.015043 -3.115154 0.167986
20.505 3 AUTOPILOT_VERSION 60400 v6.4.0_stable
20.567 3 ESTIMATOR 2575.854004 0.053526
20.569 3 GPS 3 64648654 548988728 0 307589 3 2 2369 133056800 32 0
20.571 3 ATTITUDE 0.015 -3.114941 0.167736
20.571 3 IMU_ACCEL 1 1.423828 -0.078125 -9.396484
20.616 3 DESIRED -0.8 0.24 3.1 -61. 59. 2595. 3.5 15.
20.647 3 WP_MOVED 2 649046.125 5253124. 2595. 32
20.663 3 ATTITUDE 0.015017 -3.114735 0.167715
20.695 3 COMMANDS 0,-7169,1012
20.696 3 NAVIGATION 9 0 -2636.4 236810.5 0. 236825.2 0 23 23 1 0 0
20.727 3 STATE_FILTER_STATUS 6 3 0
20.744 3 SHT_STATUS 0 0 0.1 -39.66
20.759 3 ATTITUDE 0.015018 -3.114514 0.167805
20.775 3 IMU_GYRO 1 -0.021729 0.025635 -0.034912
20.780 3 LINK_REPORT 3 -1 21 0 15410 628 3 913. 37. 5 45.24
20.792 3 FBW_STATUS 2 0 1 11.35566 0.
20.808 3 GPS 3 64648654 548988733 0 307512 4 -9 2369 133057200 32 0
20.809 3 DESIRED -0.8 0.24 3.1 -61. 59. 2595. 3.5 15.
20.855 3 ATTITUDE 0.015061 -3.114266 0.167833
20.927 3 CALIBRATION 0.1 0
20.951 3 ATTITUDE 0.015017 -3.114022 0.167782
21.016 3 DESIRED -0.8 0.24 3.1 -61. 59. 2595. 3.4 15.
21.048 3 DL_VALUE 15 70.
21.049 3 ESTIMATOR 2575.864502 0.049425
21.064 3 GPS 3 64648654 548988734 0 307502 5 -14 2369 133057400 32 0
21.065 3 ATTITUDE 0.015039 -3.113802 0.167722
21.112 3 IMU_MAG 0 0. 0. 0.
21.144 3 WP_MOVED 0 649123. 5253077. 2595. 32
21.160 3 ATTITUDE 0.015041 -3.113577 0.167636
21.175 3 ENERGY 0 11.35566 0. 0. 0. 0. 0.
21.207 3 DESIRED -0.8 0.24 3.1 -61. 59. 2595. 3.4 15.
21.256 3 SHT_STATUS 0 0 0.1 -39.66
21.256 3 ATTITUDE 0.015005 -3.113366 0.167551
21.288 3 GPS 3 64648654 548988737 0 307470 3 -10 2369 133057600 32 0
21.336 3 CIRCLE 0. 0. -60.
21.352 3 ATTITUDE 0.015006 -3.113116 0.167454
21.353 3 IMU_ACCEL 1 1.418945 -0.100586 -9.411133
21.368 3 IMU_GYRO 1 -0.027588 0.024658 -0.034424
21.384 3 GPS_SOL 150 32 292 14
21.401 3 AIRSPEED 0. 0. 0. 0.
21.429 3 DESIRED -0.8 0.24 3.1 -61. 59. 2595. 3.4 15.
21.447 3 ATTITUDE 0.01499 -3.112925 0.167416
21.544 3 ESTIMATOR 2575.915283 0.069719
21.560 3 GPS 3 64648654 548988739 0 307465 5 -6 2369 133057800 32 0
21.562 3 ATTITUDE 0.014976 -3.112733 0.167313
21.592 3 FBW_STATUS 2 0 1 11.35566 0.
21.624 3 DESIRED -0.8 0.24 3.1 -61. 59. 2595. 3.4 15.
21.625 3 DATALINK_REPORT 2 5 0 949 0 0
21.656 3 WP_MOVED 1 649123. 5253077. 2595. 32
21.657 3 ATTITUDE 0.015031 -3.112545 0.167244
21.688 3 NAVIGATION 9 0 -2636.4 236810.5 0. 236825.2 0 24 24 1 0 0
21.753 3 SHT_STATUS 0 0 0.1 -39.66
21.768 3 ATTITUDE 0.015089 -3.112294 0.167184
21.781 3 LINK_REPORT 3 -1 22 0 16343 666 3 933. 38. 5 45.24
21.801 3 GPS 3 64648655 548988741 0 307476 3 -10 2369 133058200 32 0
21.816 3 DESIRED 0.8 0.24 3.1 -61. 59. 2595. 3.4 15.
21.848 3 ATTITUDE 0.015042 -3.112048 0.167102
21.944 3 ATTITUDE 0.015074 -3.111829 0.167005
21.976 3 IMU_GYRO 1 -0.027588 0.020996 -0.034912
22.025 3 DESIRED 0.72 0.24 3.1 -61. 59. 2595. 3.4 15.
22.040 3 ESTIMATOR 2576.000488 0.093269
22.056 3 GPS 3 64648655 548988742 0 307444 2 -6 2369 133058400 32 0
22.058 3 ATTITUDE 0.014963 -3.111666 0.166811
22.136 3 WP_MOVED 2 649046.125 5253124. 2595. 32
22.152 3 ATTITUDE 0.015053 -3.111446 0.166865
22.168 3 IMU_ACCEL 1 1.411133 -0.081055 -9.394531
22.217 3 DESIRED -0.8 0.24 3.1 -61. 59. 2595. 3.4 15.
22.249 3 SHT_STATUS 0 0 0.1 -39.66
22.249 3 ATTITUDE 0.015052 -3.111249 0.166838
22.281 3 ENERGY 0 11.34329 0. 0. 0. 0. 0.
22.297 3 GPS 3 64648655 548988744 0 307420 6 -9 2369 133058600 32 0
22.345 3 ATTITUDE 0.014937 -3.111036 0.16677
22.392 3 CIRCLE 0. 0. -60.
22.394 3 AIRSPEED 0. 0. 0. 0.
22.428 3 IMU_MAG 0 0. 0. 0.
22.429 3 DESIRED 0.8 0.23 3.1 -61. 59. 2595. 3.4 15.
22.440 3 ATTITUDE 0.014982 -3.110834 0.166704
22.567 3 DL_VALUE 16 0.
22.568 3 ESTIMATOR 2576.087158 0.121442
22.570 3 GPS 3 64648655 548988747 0 307385 6 -10 2369 133058800 32 0
22.572 3 ATTITUDE 0.014963 -3.110637 0.166589
22.573 3 IMU_GYRO 1 -0.029785 0.022949 -0.033936
22.615 3 DESIRED 0.8 0.23 3.1 -61. 59. 2595. 3.4 15.
22.647 3 WP_MOVED 0 649123. 5253077. 2595. 32
22.647 3 ATTITUDE 0.014815 -3.110422 0.166414
22.695 3 NAVIGATION 9 0 -2636.4 236810.5 0. 236825.2 0 25 25 1 0 0
22.697 3 COMMANDS 0,6908,921
22.743 3 SHT_STATUS 0 0 0.1 -39.66
22.759 3 ATTITUDE 0.014837 -3.110213 0.166322
22.782 3 LINK_REPORT 3 -1 23 0 17223 701 3 880. 35. 5 45.24
22.791 3 FBW_STATUS 2 0 1 11.35566 0.
22.807 3 GPS 3 64648656 548988749 0 307357 3 -16 2369 133059200 32 0
22.823 3 DESIRED -0.73 0.23 3.1 -61. 59. 2595. 3.4 15.
22.855 3 ATTITUDE 0.014826 -3.109993 0.166256
22.925 3 STATE_FILTER_STATUS 6 3 0
22.950 3 ATTITUDE 0.014878 -3.109816 0.166262
22.951 3 IMU_ACCEL 1 1.481445 0.144531 -9.533203
23.016 3 DESIRED -0.8 0.23 3.1 -61. 59. 2595. 3.4 15.
23.031 3 CALIBRATION 0.1 0
23.047 3 ESTIMATOR 2576.286377 0.186585
23.063 3 GPS 3 64648656 548988750 0 307351 6 -13 2369 133059400 32 0
23.064 3 ATTITUDE 0.014851 -3.109591 0.166178
23.143 3 WP_MOVED 1 649123. 5253077. 2595. 32
23.159 3 LOGGER_STATUS 0 0 0 none
23.160 3 ATTITUDE 0.014825 -3.109365 0.166074
23.175 3 IMU_GYRO 1 -0.028076 0.025146 -0.034912
23.224 3 DESIRED -0.8 0.23 3.1 -61. 59. 2595. 3.4 15.
23.255 3 SHT_STATUS 0 0 0.1 -39.66
23.256 3 ATTITUDE 0.014801 -3.109143 0.166007
23.287 3 GPS 3 64648656 548988751 0 307332 6 -12 2369 133059600 32 0
23.351 3 ATTITUDE 0.014804 -3.10895 0.165943
23.367 3 ENERGY 0 11.349475 0. 0. 0. 0. 0.
23.399 3 GPS_SOL 145 31 292 14
23.400 3 AIRSPEED 0. 0. 0. 0.
23.427 3 DESIRED -0.8 0.23 3.1 -61. 59. 2595. 3.4 15.
23.431 3 CIRCLE 0. 0. -60.
23.447 3 ATTITUDE 0.014851 -3.10872 0.165831
23.543 3 ESTIMATOR 2576.334717 0.176532
23.559 3 GPS 3 64648654 548988754 0 307290 9 -13 2369 133059800 32 0
23.561 3 ATTITUDE 0.014843 -3.108496 0.165755
23.591 3 FBW_STATUS 2 0 1 11.35566 0.
23.608 3 DESIRED -0.8 0.23 3.1 -61. 59. 2595. 3.3 15.
23.639 3 WP_MOVED 2 649046.125 5253124. 2595. 32
23.655 3 ATTITUDE 0.014824 -3.108261 0.165681
23.704 3 NAVIGATION 9 0 -2636.4 236810.5 0. 236825.2 0 26 26 1 0 0
23.705 3 ACTUATORS 1040,1812,1747
23.706 3 IMU_MAG 0 0. 0. 0.
23.752 3 SHT_STATUS 0 0 0.1 -39.66
23.767 3 ATTITUDE 0.014844 -3.108063 0.165581
23.768 3 IMU_ACCEL 1 1.433594 -0.102539 -9.416016
23.782 3 LINK_REPORT 3 -1 24 0 18191 741 3 968. 40. 5 45.24
23.783 3 IMU_GYRO 1 -0.027588 0.024658 -0.034912
23.800 3 GPS 3 64648653 548988757 0 307280 10 -9 2369 133060200 32 0
23.816 3 DESIRED -0.73 0.23 3.1 -61. 59. 2595. 3.3 15.
23.848 3 ATTITUDE 0.014857 -3.10785 0.165508
23.943 3 ATTITUDE 0.014871 -3.107666 0.165395
24.024 3 DESIRED -0.73 0.23 3.1 -61. 59. 2595. 3.3 15.
24.066 3 DL_VALUE 17 2.
24.066 3 ESTIMATOR 2576.428955 0.158872
24.068 3 GPS 3 64648653 548988757 0 307292 3 -12 2369 133060400 32 0
24.070 3 ATTITUDE 0.014846 -3.107442 0.165269
24.146 3 PPRZ_MODE 2 3 3 2 0 4
24.147 3 WP_MOVED 0 649123. 5253077. 2595. 32
24.162 3 ATTITUDE 0.014848 -3.107265 0.16522
24.163 3 ALIVE 106,138,75,80,111,188,0,78,1,199,86,75,254,243,240,77
24.210 3 DESIRED -0.73 0.23 3.1 -61. 59. 2595. 3.4 15.
24.259 3 SHT_STATUS 0 0 0.1 -39.66
24.259 3 ATTITUDE 0.014844 -3.107033 0.16516
24.290 3 GPS 3 64648653 548988759 0 307259 6 -13 2369 133060600 32 0
24.354 3 ATTITUDE 0.014811 -3.106853 0.165043
24.370 3 IMU_GYRO 1 -0.026367 0.025635 -0.034912
24.386 3 AIRSPEED 0. 0. 0. 0.
24.426 3 DESIRED -0.8 0.23 3.1 -61. 59. 2595. 3.4 15.
24.450 3 ATTITUDE 0.014836 -3.106645 0.164979
24.466 3 ENERGY 0 11.35566 0. 0. 0. 0. 0.
24.482 3 CIRCLE 0. 0. -60.
24.546 3 ESTIMATOR 2576.385254 0.102925
24.577 3 GPS 3 64648651 548988760 0 307222 8 -11 2369 133060800 32 0
24.579 3 ATTITUDE 0.014826 -3.106427 0.164897
24.579 3 IMU_ACCEL 1 1.397461 -0.083008 -9.386719
24.624 3 DESIRED -0.8 0.23 3.1 -61. 59. 2595. 3.4 15.
24.639 3 WP_MOVED 1 649123. 5253077. 2595. 32
24.656 3 ATTITUDE 0.014845 -3.106196 0.164813
24.688 3 NAVIGATION 9 0 -2636.5 236810.5 0. 236825.2 0 27 27 1 0 0
24.751 3 SHT_STATUS 0 0 0.1 -39.66
24.752 3 ATTITUDE 0.014875 -3.105981 0.164712
24.783 3 LINK_REPORT 3 -1 25 0 19074 776 3 883. 35. 5 45.24
24.799 3 FBW_STATUS 2 0 1 11.35566 0.
24.800 3 GPS 3 64648650 548988763 0 307197 9 -24 2369 133061200 32 0
24.815 3 DESIRED -0.8 0.23 3.1 -61. 59. 2595. 3.4 15.
24.847 3 ATTITUDE 0.014882 -3.10579 0.164648
24.943 3 ATTITUDE 0.014884 -3.105592 0.164483
24.975 3 IMU_GYRO 1 -0.0271 0.024658 -0.035645
25.023 3 IMU_MAG 0 0. 0. 0.
25.025 3 DESIRED 0.8 0.23 3.1 -61. 59. 2595. 3.4 15.
25.066 3 ESTIMATOR 2576.346924 0.058533
25.067 3 GPS 3 64648650 548988764 0 307178 2 -14 2369 133061400 32 0
25.069 3 ATTITUDE 0.014887 -3.105405 0.164373
25.114 3 CALIBRATION 0.1 0
25.130 3 STATE_FILTER_STATUS 6 3 0
25.146 3 WP_MOVED 2 649046.125 5253124. 2595. 32
25.147 3 ATTITUDE 0.01494 -3.105208 0.164237
25.211 3 DESIRED 0.8 0.23 3.1 -61. 59. 2595. 3.3 15.
25.242 3 SHT_STATUS 0 0 0.1 -39.66
25.258 3 ATTITUDE 0.01482 -3.104981 0.164062
25.291 3 GPS 3 64648652 548988764 0 307184 4 -15 2369 133061600 32 0
25.306 3 PONG 
25.354 3 ATTITUDE 0.014859 -3.10476 0.163943
25.355 3 IMU_ACCEL 1 1.420898 -0.081055 -9.391602
25.387 3 GPS_SOL 142 33 292 14
25.403 3 AIRSPEED 0. 0. 0. 0.
25.431 3 DESIRED -0.8 0.23 3.1 -61. 59. 2595. 3.3 15.
25.451 3 ATTITUDE 0.014848 -3.104563 0.1639
25.546 3 DL_VALUE 18 0.
25.547 3 CIRCLE 0. 0. -60.
25.563 3 ESTIMATOR 2576.469971 0.114417
25.564 3 GPS 3 64648652 548988765 0 307203 11 -4 2369 133061800 32 0
25.591 3 ATTITUDE 0.014836 -3.104326 0.163906
25.592 3 ENERGY 0 11.35566 0. 0. 0. 0. 0.
25.593 3 IMU_GYRO 1 -0.023926 0.025146 -0.034912
25.594 3 FBW_STATUS 2 0 1 11.35566 0.
25.623 3 DESIRED -0.8 0.23 3.1 -61. 59. 2595. 3.4 15.
25.639 3 WP_MOVED 0 649123. 5253077. 2595. 32
25.655 3 ATTITUDE 0.014799 -3.104066 0.163873
25.703 3 COMMANDS 0,-7172,961
25.704 3 NAVIGATION 9 0 -2636.5 236810.5 0. 236825.2 0 28 28 1 0 0
25.751 3 SHT_STATUS 0 0 0.1 -39.66
25.752 3 ATTITUDE 0.014744 -3.103837 0.163759
25.783 3 LINK_REPORT 3 -1 26 0 20044 817 3 970. 41. 6 36.18
25.799 3 GPS 3 64648650 548988767 0 307227 5 -9 2369 133062200 32 0
25.815 3 DESIRED -0.8 0.23 3.1 -61. 59. 2595. 3.4 15.
25.847 3 ATTITUDE 0.014783 -3.103608 0.163708
25.943 3 ATTITUDE 0.01481 -3.103415 0.163629
26.023 3 DESIRED -0.8 0.24 3.1 -61. 59. 2595. 3.4 15.
26.065 3 ESTIMATOR 2576.276367 -0.021487
26.066 3 GPS 3 64648651 548988768 0 307249 7 -14 2369 133062400 32 0
26.068 3 ATTITUDE 0.014801 -3.103165 0.163516
26.145 3 WP_MOVED 1 649123. 5253077. 2595. 32
26.161 3 ATTITUDE 0.014782 -3.10292 0.163438
26.162 3 IMU_ACCEL 1 1.447266 -0.100586 -9.381836
26.177 3 IMU_GYRO 1 -0.028564 0.024658 -0.033936
26.210 3 DESIRED -0.8 0.24 3.1 -61. 59. 2595. 3.4 15.
26.241 3 SHT_STATUS 0 0 0.1 -39.66
26.257 3 ATTITUDE 0.01474 -3.102702 0.163347
26.290 3 GPS 3 64648651 548988768 0 307256 7 -13 2369 133062600 32 0
26.305 3 IMU_MAG 0 0. 0. 0.
26.353 3 ATTITUDE 0.014725 -3.102491 0.163308
26.386 3 AIRSPEED 0. 0. 0. 0.
26.417 3 DESIRED -0.8 0.24 3.1 -61. 59. 2595. 3.4 15.
26.448 3 ATTITUDE 0.014701 -3.102255 0.163212
26.545 3 ESTIMATOR 2576.235352 -0.032154
26.563 3 GPS 3 64648650 548988769 0 307256 7 -7 2369 133062800 32 0
26.565 3 ATTITUDE 0.014661 -3.102009 0.163098
26.593 3 CIRCLE 0. 0. -60.
26.610 3 DESIRED -0.55 0.24 3.1 -61. 59. 2595. 3.4 15.
26.641 3 WP_MOVED 2 649046.125 5253124. 2595. 32
26.657 3 ATTITUDE 0.014625 -3.101773 0.162989
26.673 3 ENERGY 0 11.361845 0. 0. 0. 0. 0.
26.690 3 NAVIGATION 9 0 -2636.5 236811. 0. 236825.7 0 29 29 1 0 0
26.721 3 DATALINK_REPORT 2 6 0 909 0 0
26.738 3 SHT_STATUS 0 0 0.1 -39.66
26.753 3 ATTITUDE 0.01459 -3.101552 0.162889
26.769 3 IMU_GYRO 1 -0.028564 0.023682 -0.033447
26.783 3 LINK_REPORT 3 -1 27 0 20915 851 3 871. 34. 6 36.18
26.801 3 FBW_STATUS 2 0 1 11.35566 0.
26.802 3 GPS 3 64648649 548988771 0 307235 8 -15 2369 133063200 32 0
26.818 3 DESIRED -0.8 0.24 3.1 -61. 59. 2595. 3.4 15.
26.850 3 ATTITUDE 0.014557 -3.101324 0.162799
26.962 3 ATTITUDE 0.014513 -3.101124 0.162691
26.962 3 IMU_ACCEL 1 1.428711 -0.100586 -9.408203
27.010 3 DESIRED -0.8 0.24 3.1 -61. 59. 2595. 3.4 15.
27.068 3 DL_VALUE 19 0.
27.068 3 ESTIMATOR 2576.343018 0.040218
27.070 3 GPS 3 64648648 548988773 0 307215 10 -10 2369 133063400 32 0
27.072 3 ATTITUDE 0.014475 -3.100916 0.162578
27.148 3 WP_MOVED 0 649123. 5253077. 2595. 32
27.149 3 ATTITUDE 0.014442 -3.100703 0.162478
27.212 3 DESIRED -0.8 0.23 3.1 -61. 59. 2595. 3.3 15.
27.228 3 CALIBRATION 0.1 0
27.244 3 SHT_STATUS 0 0 0.1 -39.66
27.260 3 ATTITUDE 0.014427 -3.100466 0.162404
27.292 3 GPS 3 64648648 548988774 0 307239 10 -11 2369 133063600 32 0
27.324 3 STATE_FILTER_STATUS 6 3 0
27.356 3 ATTITUDE 0.014426 -3.100242 0.162332
27.388 3 IMU_GYRO 1 -0.0271 0.024658 -0.034912
27.404 3 GPS_SOL 139 35 292 14
27.404 3 AIRSPEED 0. 0. 0. 0.
27.431 3 DESIRED 0.8 0.23 3.1 -61. 59. 2595. 3.3 15.
27.451 3 ATTITUDE 0.014428 -3.09998 0.162226
27.548 3 ESTIMATOR 2576.489258 0.113814
27.549 3 GPS 3 64648647 548988775 0 307234 2 -8 2369 133063800 32 0
27.564 3 ATTITUDE 0.014448 -3.099755 0.162187
27.596 3 FBW_STATUS 2 0 1 11.35566 0.
27.612 3 IMU_MAG 0 0. 0. 0.
27.628 3 DESIRED -0.8 0.23 3.1 -61. 59. 2595. 3.3 15.
27.644 3 CIRCLE 0. 0. -60.
27.645 3 WP_MOVED 1 649123. 5253077. 2595. 32
27.660 3 ATTITUDE 0.014329 -3.099566 0.161951
27.692 3 NAVIGATION 9 0 -2636.5 236811. 0. 236825.7 0 30 30 1 0 0
27.708 3 COMMANDS 0,-7167,943
27.740 3 SHT_STATUS 0 0 0.1 -39.66
27.756 3 ATTITUDE 0.01443 -3.099308 0.161971
27.772 3 IMU_ACCEL 1 1.53125 -0.008789 -9.4375
27.773 3 ENERGY 0 11.35566 0. 0. 0. 0. 0.
27.784 3 LINK_REPORT 3 -1 28 0 21877 891 3 962. 40. 6 36.18
27.788 3 NAVIGATION_REF 649123 5253077 32 2575.
27.804 3 GPS 3 64648647 548988778 0 307242 10 -7 2369 133064200 32 0
27.820 3 DESIRED -0.8 0.23 3.1 -61. 59. 2595. 3.3 15.
27.852 3 ATTITUDE 0.014398 -3.09908 0.161928
27.948 3 ATTITUDE 0.014369 -3.098843 0.161803
27.965 3 IMU_GYRO 1 -0.026367 0.02417 -0.034912
28.013 3 DESIRED -0.8 0.23 3.1 -61. 59. 2595. 3.3 15.
28.045 3 ESTIMATOR 2576.463379 0.066961
28.061 3 GPS 3 64648646 548988779 0 307256 9 -9 2369 133064400 32 0
28.062 3 ATTITUDE 0.014402 -3.098594 0.161742
28.140 3 WP_MOVED 2 649046.125 5253124. 2595. 32
28.156 3 ATTITUDE 0.014396 -3.098361 0.161632
28.221 3 DESIRED -0.73 0.23 3.1 -61. 59. 2595. 3.3 15.
28.268 3 LOGGER_STATUS 1 0 0 PPRZ\pprzlog_0128.LOG,FLIGHT_RECORDER\fr_0133.LOG
28.269 3 SHT_STATUS 0 0 0.1 -39.66
28.269 3 ATTITUDE 0.014386 -3.098091 0.161539
28.300 3 GPS 3 64648646 548988779 0 307249 1 -19 2369 133064600 32 0
28.349 3 ATTITUDE 0.014379 -3.097897 0.161433
28.397 3 AIRSPEED 0. 0. 0. 0.
28.413 3 DESIRED 0.8 0.23 3.1 -61. 59. 2595. 3.3 15.
28.444 3 ATTITUDE 0.014356 -3.097651 0.161351
28.567 3 DL_VALUE 20 0.
28.567 3 ESTIMATOR 2576.435791 0.037404
28.569 3 GPS 3 64648647 548988779 0 307241 3 -10 2369 133064800 32 0
28.570 3 ATTITUDE 0.014393 -3.097404 0.161321
28.571 3 IMU_ACCEL 1 1.416016 -0.097656 -9.373047
28.582 3 IMU_GYRO 1 -0.025391 0.021973 -0.034424
28.615 3 DESIRED -0.8 0.23 3.1 -61. 59. 2595. 3.3 15.
28.647 3 WP_MOVED 0 649123. 5253077. 2595. 32
28.663 3 ATTITUDE 0.014431 -3.097147 0.161168
28.695 3 CIRCLE 0. 0. -60.
28.711 3 NAVIGATION 9 0 -2636.5 236811. 0. 236825.7 0 31 31 1 0 0
28.712 3 ACTUATORS 1040,1818,1741
28.743 3 SHT_STATUS 0 0 0.1 -39.66
28.759 3 ATTITUDE 0.01447 -3.096923 0.160992
28.785 3 LINK_REPORT 3 -1 29 0 22788 926 3 911. 35. 6 36.18
28.791 3 FBW_STATUS 2 0 1 11.349475 0.
28.807 3 GPS 3 64648648 548988779 0 307235 4 -11 2369 133065200 32 0
28.823 3 DESIRED -0.8 0.23 3.1 -61. 59. 2595. 3.3 15.
28.855 3 ATTITUDE 0.014447 -3.09672 0.160991
28.871 3 ENERGY 0 11.35566 0. 0. 0. 0. 0.
28.903 3 IMU_MAG 0 0. 0. 0.
28.951 3 ATTITUDE 0.014432 -3.096489 0.160861
29.015 3 DESIRED -0.8 0.23 3.1 -61. 59. 2595. 3.3 15.
29.047 3 PPRZ_MODE 2 3 3 2 0 4
29.048 3 ESTIMATOR 2576.393311 -0.00019
29.063 3 GPS 3 64648648 548988780 0 307243 8 -8 2369 133065400 32 0
29.065 3 ATTITUDE 0.014437 -3.096271 0.160777
29.143 3 WP_MOVED 1 649123. 5253077. 2595. 32
29.159 3 ATTITUDE 0.014437 -3.096048 0.160657
29.175 3 IMU_GYRO 1 -0.025879 0.025146 -0.034424
29.223 3 DESIRED -0.73 0.23 3.1 -61. 59. 2595. 3.3 15.
29.270 3 SHT_STATUS 0 0 0.1 -39.66
29.272 3 ALIVE 106,138,75,80,111,188,0,78,1,199,86,75,254,243,240,77
29.273 3 ATTITUDE 0.014447 -3.095814 0.16056
29.286 3 GPS 3 64648649 548988780 0 307263 1 -8 2369 133065600 32 0
29.318 3 CALIBRATION 0.1 0
29.350 3 ATTITUDE 0.014453 -3.095611 0.160514
29.351 3 IMU_ACCEL 1 1.4375 -0.074219 -9.413086
29.398 3 GPS_SOL 150 46 292 14
29.399 3 AIRSPEED 0. 0. 0. 0.
29.414 3 DESIRED -0.8 0.24 3.1 -61. 59. 2595. 3.4 15.
29.446 3 ATTITUDE 0.014453 -3.095372 0.160404
29.526 3 STATE_FILTER_STATUS 6 3 0
29.542 3 ESTIMATOR 2576.336182 -0.033828
29.563 3 GPS 3 64648649 548988781 0 307250 11 -13 2369 133065800 32 0
29.565 3 ATTITUDE 0.014446 -3.095143 0.16031
29.590 3 FBW_STATUS 2 0 1 11.35566 0.
29.622 3 DESIRED -0.8 0.24 3.1 -61. 59. 2595. 3.4 15.
29.638 3 WP_MOVED 2 649046.125 5253124. 2595. 32
29.654 3 ATTITUDE 0.0144 -3.094937 0.160226
29.703 3 NAVIGATION 9 0 -2636.5 236811. 0. 236825.7 0 32 32 1 0 0
29.734 3 CIRCLE 0. 0. -60.
29.751 3 SHT_STATUS 0 0 0.1 -39.66
29.766 3 ATTITUDE 0.014344 -3.094729 0.160135
29.782 3 IMU_GYRO 1 -0.0271 0.02417 -0.034424
29.785 3 LINK_REPORT 3 -1 30 0 23761 966 3 973. 40. 6 36.18
29.799 3 GPS 3 64648650 548988783 0 307249 2 -15 2369 133066200 32 0
29.815 3 DESIRED 0.8 0.24 3.1 -61. 59. 2595. 3.4 15.
29.846 3 ATTITUDE 0.014316 -3.094478 0.160037
29.943 3 ATTITUDE 0.01438 -3.094234 0.159973
29.975 3 ENERGY 0 11.21959 0. 0. 0. 0. 0.
30.023 3 DESIRED -0.8 0.24 3.1 -61. 59. 2595. 3.4 15.
30.066 3 DL_VALUE 21 0.
30.066 3 ESTIMATOR 2576.217041 -0.092296
30.067 3 GPS 3 64648650 548988783 0 307253 11 -13 2369 133066400 32 0
30.069 3 ATTITUDE 0.014285 -3.094005 0.159872
30.146 3 WP_MOVED 0 649123. 5253077. 2595. 32
30.162 3 ATTITUDE 0.014204 -3.093801 0.159834
30.162 3 IMU_ACCEL 1 1.488281 0.170898 -9.530273
30.226 3 IMU_MAG 0 0. 0. 0.
30.227 3 DESIRED -0.8 0.24 3.1 -61. 59. 2595. 3.4 15.
30.259 3 SHT_STATUS 0 0 0.1 -39.66
30.260 3 ATTITUDE 0.014187 -3.093566 0.159714
30.290 3 GPS 3 64648648 548988785 0 307214 8 -12 2369 133066600 32 0
30.306 3 PONG 
30.354 3 ATTITUDE 0.014155 -3.093342 0.159657
30.372 3 IMU_GYRO 1 -0.027588 0.024658 -0.034912
30.385 3 AIRSPEED 0. 0. 0. 0.
30.418 3 DESIRED -0.73 0.25 3.1 -61. 59. 2595. 3.4 15.
30.450 3 ATTITUDE 0.014089 -3.093107 0.159612
30.546 3 ESTIMATOR 2576.005859 -0.189343
30.562 3 GPS 3 64648649 548988784 0 307246 9 -12 2369 133066800 32 0
30.564 3 ATTITUDE 0.014089 -3.092868 0.159512
30.611 3 DESIRED -0.8 0.25 3.1 -61. 59. 2595. 3.4 15.
30.642 3 WP_MOVED 1 649123. 5253077. 2595. 32
30.658 3 ATTITUDE 0.014024 -3.092607 0.159451
30.690 3 COMMANDS 0,-7162,1203
30.706 3 NAVIGATION 9 0 -2636.5 236811. 0. 236825.7 0 33 33 1 0 0
30.738 3 SHT_STATUS 0 0 0.1 -39.66
30.770 3 ATTITUDE 0.014036 -3.092384 0.159392
30.786 3 LINK_REPORT 3 -1 31 0 24608 1000 3 847. 34. 7 35.09
30.815 3 FBW_STATUS 2 0 1 11.349475 0.
30.816 3 CIRCLE 0. 0. -60.
30.817 3 GPS 3 64648651 548988783 0 307303 6 -9 2369 133067200 32 0
30.819 3 DESIRED -0.8 0.25 3.1 -61. 59. 2595. 3.4 15.
30.847 3 ATTITUDE 0.014017 -3.092137 0.159319
30.959 3 ATTITUDE 0.014003 -3.091925 0.159229
30.960 3 IMU_ACCEL 1 1.447266 -0.100586 -9.396484
30.975 3 IMU_GYRO 1 -0.0271 0.025146 -0.035645
31.024 3 DESIRED -0.8 0.25 3.1 -61. 59. 2595. 3.4 15.
31.065 3 ESTIMATOR 2575.924805 -0.174814
31.066 3 GPS 3 64648651 548988783 0 307323 10 -8 2369 133067400 32 0
31.068 3 ATTITUDE 0.013945 -3.091705 0.159172
31.082 3 ENERGY 0 11.349475 0. 0. 0. 0. 0.
31.146 3 WP_MOVED 2 649046.125 5253124. 2595. 32
31.161 3 ATTITUDE 0.01394 -3.091474 0.159097
31.210 3 DESIRED -0.58 0.25 3.1 -61. 59. 2595. 3.4 15.
31.257 3 SHT_STATUS 0 0 0.1 -39.66
31.258 3 ATTITUDE 0.013964 -3.091257 0.159056
31.290 3 GPS 3 64648651 548988784 0 307338 3 -1 2369 133067600 32 0
31.354 3 ATTITUDE 0.013971 -3.091007 0.158992
31.402 3 GPS_SOL 163 44 292 14
31.403 3 AIRSPEED 0. 0. 0. 0.
31.418 3 DESIRED -0.73 0.25 3.1 -61. 59. 2595. 3.4 15.
31.434 3 CALIBRATION 0.1 0
31.450 3 ATTITUDE 0.013937 -3.090759 0.158847
31.514 3 IMU_MAG 0 0. 0. 0.
31.546 3 DL_VALUE 22 0.
31.546 3 ESTIMATOR 2575.837646 -0.183887
31.562 3 GPS 3 64648652 548988783 0 307350 3 -10 2369 133067800 32 0
31.563 3 ATTITUDE 0.013935 -3.090509 0.15878
31.578 3 IMU_GYRO 1 -0.025391 0.02832 -0.034912
31.594 3 FBW_STATUS 2 0 1 11.349475 0.
31.610 3 AUTOPILOT_VERSION 60400 v6.4.0_stable
31.626 3 DESIRED -0.8 0.25 3.1 -61. 59. 2595. 3.4 15.
31.642 3 WP_MOVED 0 649123. 5253077. 2595. 32
31.658 3 ATTITUDE 0.013907 -3.09025 0.158734
31.690 3 NAVIGATION 9 0 -2636.5 236811. 0. 236825.7 0 34 34 1 0 0
31.723 3 STATE_FILTER_STATUS 6 3 0
31.754 3 SHT_STATUS 0 0 0.1 -39.66
31.755 3 ATTITUDE 0.013894 -3.090015 0.15862
31.756 3 IMU_ACCEL 1 1.455078 -0.102539 -9.396484
31.787 3 LINK_REPORT 3 -1 32 0 25602 1041 3 994. 41. 7 35.09
31.802 3 GPS 3 64648652 548988784 0 307382 4 -9 2369 133068200 32 0
31.818 3 DATALINK_REPORT 2 7 0 52834 0 0
31.819 3 DESIRED 0.8 0.25 3.1 -61. 59. 2595. 3.5 15.
31.834 3 CIRCLE 0. 0. -60.
31.850 3 ATTITUDE 0.013882 -3.089746 0.158564
31.946 3 ATTITUDE 0.013862 -3.089541 0.158489
32.011 3 DESIRED -0.73 0.25 3.1 -61. 59. 2595. 3.5 15.
32.068 3 ESTIMATOR 2575.828125 -0.129525
32.069 3 GPS 3 64648654 548988783 0 307427 5 -10 2369 133068400 32 0
32.071 3 ATTITUDE 0.013802 -3.089312 0.158422
32.148 3 WP_MOVED 1 649123. 5253077. 2595. 32
32.149 3 ATTITUDE 0.013778 -3.089057 0.158343
32.180 3 ENERGY 0 11.34329 0. 0. 0. 0. 0.
32.181 3 IMU_GYRO 1 -0.023193 0.025146 -0.034912
32.212 3 DESIRED -0.8 0.25 3.1 -61. 59. 2595. 3.5 15.
32.244 3 SHT_STATUS 0 0 0.1 -39.66
32.260 3 ATTITUDE 0.013742 -3.088821 0.158216
32.292 3 GPS 3 64648652 548988786 0 307381 9 -10 2369 133068600 32 0
32.356 3 ATTITUDE 0.013724 -3.088597 0.158215
32.388 3 AIRSPEED 0. 0. 0. 0.
32.421 3 DESIRED 0.8 0.25 3.1 -61. 59. 2595. 3.5 15.
32.452 3 ATTITUDE 0.013695 -3.088361 0.158119
32.549 3 ESTIMATOR 2575.775391 -0.12931
32.565 3 GPS 3 64648653 548988786 0 307415 6 -7 2369 133068800 32 0
32.567 3 ATTITUDE 0.013757 -3.088135 0.15806
32.567 3 IMU_ACCEL 1 1.452148 -0.114258 -9.46582
32.613 3 DESIRED -0.55 0.25 3.1 -61. 59. 2595. 3.5 15.
32.645 3 WP_MOVED 2 649046.125 5253124. 2595. 32
32.660 3 ATTITUDE 0.013707 -3.087928 0.157979
