22.385 3 LINK_REPORT 3 -1 22 0 1930 81 0 960. 40. 1 51.31
22.394 3 ATTITUDE 0. 0. 0.
22.426 3 WP_MOVED 5 641729. 5474694.5 466. 32
22.490 3 ATTITUDE 0. 0. 0.
22.538 3 NAVIGATION 10 0 0. 0. 0. 0. 0 2 2 1 0 0
22.554 3 GPS 0 0 0 0 0 0 0 0 0 0 0
22.555 3 SVINFO 0 0 0 0 0 0 0
22.596 3 DESIRED -0.01 -0.02 1. 57. 37. 436. 5. 15.
22.597 3 IMU_ACCEL 1 0.494141 0.487305 -9.650391
22.597 3 IMU_GYRO 1 -0.022705 0.019775 -0.027588
22.597 3 ATTITUDE 0. 0. 0.
22.693 3 ATTITUDE 0. 0. 0.
22.773 3 DESIRED -0.01 -0.02 1. 57. 37. 436. 5. 15.
22.805 3 GPS 0 0 0 0 0 0 0 0 0 0 0
22.821 3 SVINFO 0 0 0 0 0 0 0
22.822 3 ATTITUDE 0. 0. 0.
22.822 3 ESTIMATOR 0. 0.
22.869 3 PPRZ_MODE 1 3 3 2 0 21
22.869 3 CALIBRATION -5. 0
22.901 3 ATTITUDE 0. 0. 0.
22.933 3 DL_VALUE 1 0.
22.933 3 WP_MOVED 6 641754.875 5474698.5 466. 32
22.964 3 PPRZ_MODE 0 3 3 2 0 17
22.981 3 DESIRED -0.02 -0.02 1. 57. 37. 436. 5. 15.
22.997 3 ATTITUDE 0. 0. 0.
23.061 3 GPS 0 0 0 0 0 0 0 0 0 0 0
23.067 3 SVINFO 0 0 0 0 0 0 0
23.075 3 LINK_REPORT 3 -1 23 0 2849 120 0 919. 39. 1 51.31
23.093 3 ATTITUDE 0. 0. 0.
23.125 3 ENERGY 0 12.165895 0. 0. 0. 0. 0.
23.199 3 DESIRED -0.02 -0.02 1. 57. 37. 436. 5. 15.
23.201 3 IMU_GYRO 1 -0.022705 0.020508 -0.027588
23.201 3 IMU_MAG 0 0. 0. 0.
23.201 3 CIRCLE 2.8 -28.299999 60.
23.202 3 ATTITUDE 0. 0. 0.
23.231 3 AIRSPEED 0. 0. 0. 0.
23.323 3 GPS 0 0 0 0 0 0 0 0 0 0 0
23.324 3 SVINFO 0 0 0 0 0 0 0
23.324 3 ATTITUDE 0. 0. 0.
23.325 3 ESTIMATOR 0. 0.
23.371 3 DESIRED -0.02 -0.02 1. 57. 37. 436. 5. 15.
23.390 3 IMU_ACCEL 1 0.453125 0.460938 -9.609375
23.403 3 ATTITUDE 0. 0. 0.
23.435 3 WP_MOVED 7 641788.1875 5474495. 446. 32
23.499 3 ATTITUDE 0. 0. 0.
23.532 3 NAVIGATION 10 0 0. 0. 0. 0. 0 3 3 1 0 0
23.563 3 GPS 0 0 0 0 0 0 0 0 0 0 0
23.564 3 SVINFO 0 0 0 0 0 0 0
23.579 3 DESIRED -0.02 -0.02 1. 57. 37. 436. 5. 15.
23.595 3 ATTITUDE 0. 0. 0.
23.691 3 ATTITUDE 0. 0. 0.
23.723 3 FBW_STATUS 0 45 0 12.165895 0.
23.788 3 DESIRED -0.02 -0.02 1. 57. 37. 436. 5. 15.
23.789 3 IMU_GYRO 1 -0.024414 0.020508 -0.027588
23.804 3 GPS 0 0 0 0 0 0 0 0 0 0 0
23.820 3 SVINFO 0 0 0 0 0 0 0
23.820 3 ATTITUDE 0. 0. 0.
23.820 3 ESTIMATOR 0. 0.
23.884 3 STATE_FILTER_STATUS 6 2 0
23.899 3 ATTITUDE 0. 0. 0.
23.915 3 PPRZ_MODE 1 3 3 2 0 21
23.931 3 COMMANDS 0,-60,-132
23.948 3 WP_MOVED 8 641844.1875 5474504.5 446. 32
23.980 3 DESIRED -0.01 -0.02 1. 57. 37. 436. 5. 15.
23.996 3 ATTITUDE 0. 0. 0.
24.060 3 GPS 0 0 0 0 0 0 0 0 0 0 0
24.061 3 SVINFO 0 0 0 0 0 0 0
24.076 3 LINK_REPORT 3 -1 24 0 3785 159 0 936. 39. 1 51.31
24.092 3 ATTITUDE 0. 0. 0.
24.172 3 DESIRED -0.01 -0.02 1. 57. 37. 436. 5. 15.
24.188 3 IMU_ACCEL 1 0.456055 0.472656 -9.602539
24.204 3 ATTITUDE 0. 0. 0.
24.220 3 ENERGY 0 12.178265 0. 0. 0. 0. 0.
24.236 3 CIRCLE 2.8 -28.299999 60.
24.252 3 AIRSPEED 0. 0. 0. 0.
24.316 3 GPS 0 0 0 0 0 0 0 0 0 0 0
24.317 3 SVINFO 0 0 0 0 0 0 0
24.318 3 ATTITUDE 0. 0. 0.
24.332 3 GPS_SOL 0 0 0 0
24.332 3 ESTIMATOR 0. 0.
24.348 3 FBW_STATUS 0 45 1 12.18445 0.
24.380 3 DESIRED -0.01 -0.02 1. 57. 37. 436. 5. 15.
24.381 3 IMU_GYRO 1 -0.023193 0.020996 -0.0271
24.395 3 ATTITUDE 0. 0. 0.
24.444 3 NAVIGATION_REF 641794 5474653 32 356.
24.445 3 DL_VALUE 2 1.
24.445 3 WP_MOVED 9 641814.5 5474703. 476. 32
24.476 3 IMU_MAG 0 0. 0. 0.
24.508 3 ATTITUDE 0. 0. 0.
24.509 3 DATALINK_REPORT 4 1 0 947 0 0
24.540 3 NAVIGATION 10 0 0. 0. 0. 0. 0 4 4 1 0 0
24.556 3 GPS 0 0 0 0 0 0 0 0 0 0 0
24.557 3 SVINFO 0 0 0 0 0 0 0
24.572 3 DESIRED -0.01 -0.02 1. 57. 37. 436. 5. 15.
24.604 3 ATTITUDE 0. 0. 0.
24.605 3 PPRZ_MODE 0 3 3 2 0 17
24.700 3 ATTITUDE 0. 0. 0.
24.781 3 DESIRED -0.01 -0.02 1. 57. 37. 436. 5. 15.
24.823 3 GPS 0 0 0 0 0 0 0 0 0 0 0
24.824 3 SVINFO 0 0 0 0 0 0 0
24.825 3 ATTITUDE 0. 0. 0.
24.825 3 ESTIMATOR 268.656067 184.182144
24.903 3 ATTITUDE 0. 0. 0.
24.919 3 WP_MOVED 10 641786.375 5474701. 476. 32
24.994 3 CALIBRATION -5. 0
24.995 3 DESIRED -0.01 -0.02 1. 57. 37. 436. 5. 15.
24.996 3 IMU_ACCEL 1 0.441406 0.467773 -9.619141
24.997 3 IMU_GYRO 1 -0.023926 0.020996 -0.027588
24.997 3 ATTITUDE 0. 0. 0.
25.059 3 GPS 0 0 0 0 0 0 0 0 0 0 0
25.060 3 SVINFO 0 0 0 0 0 0 0
25.077 3 LINK_REPORT 3 -1 25 0 4800 202 0 1015. 43. 1 51.31
25.090 3 ATTITUDE 0. 0. 0.
25.122 3 PPRZ_MODE 1 3 3 2 0 21
25.171 3 DESIRED -0.01 -0.02 1. 57. 37. 436. 5. 15.
25.203 3 ATTITUDE 0. 0. 0.
25.234 3 AIRSPEED 0. 0. 0. 0.
25.283 3 CIRCLE 2.8 -28.299999 60.
25.325 3 GPS 0 0 0 0 0 0 0 0 0 0 0
25.326 3 SVINFO 0 0 0 0 0 0 0
25.326 3 ATTITUDE 0. 0. 0.
25.341 3 ENERGY 0 12.178265 0. 0. 0. 0. 0.
25.342 3 ESTIMATOR 360.764038 196.194611
25.373 3 DESIRED -0.01 -0.02 1. 57. 37. 436. 5. 15.
25.404 3 ATTITUDE 0. 0. 0.
25.437 3 WP_MOVED 11 641807.5 5474574.5 436. 32
25.437 3 COMMANDS 0,-57,-235
25.501 3 ATTITUDE 0. 0. 0.
25.533 3 NAVIGATION 10 0 0. 0. 0. 0. 0 5 5 1 0 0
25.549 3 GPS 0 0 0 0 0 0 0 0 0 0 0
25.565 3 SVINFO 0 0 0 0 0 0 0
25.581 3 DESIRED -0.01 -0.02 1. 57. 37. 436. 5. 15.
25.582 3 IMU_GYRO 1 -0.023193 0.020996 -0.028076
25.597 3 ATTITUDE 0. 0. 0.
25.613 3 PONG 
25.677 3 PPRZ_MODE 0 3 3 2 0 17
25.693 3 ATTITUDE 0. 0. 0.
25.725 3 FBW_STATUS 0 45 0 12.178265 0.
25.799 3 DESIRED -0.01 -0.02 1. 57. 37. 436. 3.7 15.
25.803 3 IMU_ACCEL 1 0.46582 0.472656 -9.635742
25.803 3 IMU_MAG 0 0. 0. 0.
25.815 3 GPS 0 0 0 0 0 0 0 0 0 0 0
25.815 3 SVINFO 0 0 0 0 0 0 0
25.815 3 ATTITUDE 0. 0. 0.
25.831 3 ESTIMATOR 415.253876 155.882568
25.896 3 ATTITUDE 0. 0. 0.
25.926 3 DL_VALUE 3 1.
25.927 3 WP_MOVED 0 641794. 5474653. 436. 32
25.975 3 DESIRED -0.01 -0.02 1. 57. 37. 436. 2.5 15.
25.991 3 ATTITUDE 0. 0. 0.
26.039 3 LOGGER_STATUS 0 0 0 none
26.055 3 GPS 0 0 0 0 0 0 0 0 0 0 0
26.056 3 SVINFO 0 0 0 0 0 0 0
26.078 3 LINK_REPORT 3 -1 26 0 5757 243 0 957. 41. 2 50.21
26.087 3 STATE_FILTER_STATUS 6 3 0
26.103 3 ATTITUDE -0.049628 3.140418 0.047635
26.135 3 PPRZ_MODE 1 3 3 2 0 21
26.183 3 DESIRED -0.01 -0.01 1. 57. 37. 436. 1.9 15.
26.184 3 IMU_GYRO 1 -0.024414 0.020996 -0.0271
26.199 3 ATTITUDE -0.049676 3.140393 0.047647
26.231 3 AIRSPEED 0. 0. 0. 0.
26.323 3 GPS 0 0 0 0 0 0 0 0 0 0 0
26.324 3 SVINFO 0 0 0 0 0 0 0
26.324 3 ATTITUDE -0.049711 3.14034 0.047641
26.352 3 GPS_SOL 0 0 0 0
26.353 3 CIRCLE 2.8 -28.299999 60.
26.353 3 ESTIMATOR 425.634857 123.455109
26.354 3 FBW_STATUS 0 45 1 12.178265 0.
26.368 3 DESIRED -0.01 -0.01 1. 57. 37. 436. 1.7 15.
26.400 3 ATTITUDE -0.049713 3.140365 0.047647
26.416 3 ENERGY 0 12.178265 0. 0. 0. 0. 0.
26.432 3 WP_MOVED 1 641794. 5474653. 436. 32
26.432 3 ACTUATORS 1040,1453,1517
26.496 3 ATTITUDE -0.049719 3.140409 0.047627
26.529 3 NAVIGATION 10 0 0. 0. 0. 0. 0 6 6 1 0 0
26.561 3 GPS 0 0 0 0 0 0 0 0 0 0 0
26.561 3 SVINFO 0 0 0 0 0 0 0
26.577 3 DESIRED -0.01 -0.01 1. 57. 37. 436. 1.9 15.
26.578 3 IMU_ACCEL 1 0.453125 0.484375 -9.633789
26.592 3 ATTITUDE -0.049736 3.140464 0.047618
26.704 3 ATTITUDE -0.049735 3.140425 0.047609
26.720 3 PPRZ_MODE 0 3 3 2 0 17
26.785 3 DESIRED -0.01 -0.01 1. 57. 37. 436. 2.3 15.
26.786 3 IMU_GYRO 1 -0.022705 0.021484 -0.0271
26.832 3 GPS 0 0 0 0 0 0 0 0 0 0 0
26.833 3 SVINFO 0 0 0 0 0 0 0
26.833 3 ATTITUDE -0.04974 3.140446 0.047588
26.834 3 ESTIMATOR 423.39035 81.174118
26.906 3 ATTITUDE -0.049732 3.140448 0.047607
26.927 3 WP_MOVED 2 641796.8125 5474624.5 436. 32
26.975 3 DESIRED -0.01 -0.01 1. 57. 37. 436. 2.9 15.
27.007 3 ATTITUDE -0.049759 3.140446 0.047661
27.078 3 LINK_REPORT 3 -1 27 0 6654 281 0 897. 38. 2 50.21
27.085 3 GPS 0 0 0 0 0 0 0 0 0 0 0
27.086 3 SVINFO 0 0 0 0 0 0 0
27.086 3 ALIVE 232,7,41,108,38,9,24,222,170,213,28,18,18,110,225,26
27.087 3 CALIBRATION -5. 0
27.088 3 IMU_MAG 0 0. 0. 0.
27.101 3 ATTITUDE -0.049785 3.140459 0.04765
27.117 3 PPRZ_MODE 1 3 3 2 0 21
27.181 3 DESIRED -0.01 -0.01 1. 57. 37. 436. 3.5 15.
27.197 3 ATTITUDE -0.049808 3.140472 0.047669
27.229 3 AIRSPEED 0. 0. 0. 0.
27.323 3 GPS 0 0 0 0 0 0 0 0 0 0 0
27.324 3 SVINFO 0 0 0 0 0 0 0
27.324 3 ATTITUDE -0.049831 3.140437 0.047643
27.325 3 ESTIMATOR 416.307465 58.749371
27.399 3 DESIRED -0.01 -0.01 1. 57. 37. 436. 4.3 15.
27.399 3 IMU_ACCEL 1 0.43457 0.49707 -9.619141
27.399 3 IMU_GYRO 1 -0.023193 0.019287 -0.0271
27.399 3 CIRCLE 2.8 -28.299999 60.
27.399 3 ATTITUDE -0.04981 3.140419 0.047613
27.428 3 DL_VALUE 4 1.
27.428 3 WP_MOVED 3 641820. 5474501. 446. 32
27.493 3 ATTITUDE -0.049835 3.140387 0.047587
27.525 3 ENERGY 0 12.178265 0. 0. 0. 0. 0.
27.541 3 NAVIGATION 10 0 0. 0. 0. 0. 0 7 7 1 0 0
27.557 3 GPS 0 0 0 0 0 0 0 0 0 0 0
27.558 3 SVINFO 0 0 0 0 0 0 0
27.574 3 DESIRED -0.01 -0.01 1. 57. 37. 436. 5. 15.
27.589 3 ATTITUDE -0.049818 3.140393 0.04761
27.685 3 PPRZ_MODE 0 3 3 2 0 17
27.701 3 ATTITUDE -0.04987 3.14038 0.047628
27.733 3 FBW_STATUS 0 45 0 12.17208 0.
27.781 3 PPRZ_MODE 0 3 3 2 0 17
27.782 3 DESIRED -0.01 -0.01 1. 57. 37. 436. 5. 15.
27.823 3 GPS 0 0 0 0 0 0 0 0 0 0 0
27.825 3 SVINFO 0 0 0 0 0 0 0
27.825 3 ATTITUDE -0.049889 3.140411 0.04762
27.825 3 ESTIMATOR 402.324219 32.856857
27.903 3 ATTITUDE -0.049919 3.140414 0.04764
27.935 3 WP_MOVED 4 641757.8125 5474491. 446. 32
27.984 3 DESIRED -0.01 -0.01 1. 57. 37. 436. 5. 15.
27.984 3 IMU_GYRO 1 -0.023926 0.019775 -0.0271
27.999 3 ATTITUDE -0.049905 3.140393 0.047697
28.064 3 GPS 0 0 0 0 0 0 0 0 0 0 0
28.064 3 SVINFO 0 0 0 0 0 0 0
28.079 3 LINK_REPORT 3 -1 28 0 7693 325 0 1039. 44. 2 50.21
28.095 3 ATTITUDE -0.049927 3.140429 0.04767
28.176 3 DESIRED -0.01 -0.01 1. 57. 37. 436. 5. 15.
28.176 3 IMU_ACCEL 1 0.453125 0.494141 -9.655273
28.191 3 ATTITUDE -0.049937 3.140419 0.047675
28.223 3 AIRSPEED 0. 0. 0. 0.
28.255 3 PPRZ_MODE 1 3 3 2 0 21
28.287 3 STATE_FILTER_STATUS 6 3 0
28.304 3 GPS 0 0 0 0 0 0 0 0 0 0 0
28.319 3 SVINFO 0 0 0 0 0 0 0
28.320 3 ATTITUDE -0.047833 3.135714 0.048759
28.335 3 GPS_SOL 0 0 0 0
28.336 3 ESTIMATOR 392.593964 20.165773
28.336 3 FBW_STATUS 0 45 1 12.17208 0.
28.368 3 DESIRED -0.01 -0.01 1. 57. 37. 436. 5. 15.
28.384 3 IMU_MAG 0 0. 0. 0.
28.399 3 ATTITUDE -0.040177 3.125032 0.058399
28.431 3 CIRCLE 2.8 -28.299999 60.
28.432 3 WP_MOVED 5 641729. 5474694.5 466. 32
28.496 3 ATTITUDE -0.024051 3.118381 0.119536
28.528 3 NAVIGATION 10 0 0. 0. 0. 0. 0 8 8 1 0 0
28.560 3 GPS 0 0 0 0 0 0 0 0 0 0 0
28.561 3 SVINFO 0 0 0 0 0 0 0
28.576 3 DESIRED -0.01 -0.01 1. 57. 37. 436. 5. 15.
28.578 3 IMU_GYRO 1 -0.063232 0.475342 -0.2229
28.592 3 DEBUG 0,0,0,0,0,0,0,0,0,0,0,0,0,0,0,0,0,0,0
28.593 3 UBLOX_INFO 38400 0 0 0 0 7 0
28.608 3 ATTITUDE -0.024933 3.106513 0.168825
28.624 3 ENERGY 0 12.178265 0. 0. 0. 0. 0.
28.704 3 ATTITUDE -0.013741 3.089339 0.163931
28.768 3 DESIRED -0.01 -0.02 1. 57. 37. 436. 5. 15.
28.816 3 GPS 0 0 0 0 0 0 0 0 0 0 0
28.817 3 SVINFO 0 0 0 0 0 0 0
28.818 3 ATTITUDE 0.008601 3.073469 0.152814
28.831 3 ESTIMATOR 379.452301 6.983851
28.912 3 ATTITUDE 0.056447 3.057831 0.067122
28.928 3 COMMANDS 0,-1014,-333
28.943 3 DL_VALUE 5 0.
28.944 3 WP_MOVED 6 641754.875 5474698.5 466. 32
28.976 3 DESIRED -0.01 -0.01 1. 57. 37. 436. 5. 15.
28.992 3 IMU_ACCEL 1 -0.083008 -1.789062 -9.609375
29.008 3 ATTITUDE 0.12265 3.024165 -0.147234
29.056 3 GPS 0 0 0 0 0 0 0 0 0 0 0
29.057 3 SVINFO 0 0 0 0 0 0 0
29.080 3 LINK_REPORT 3 -1 29 0 8709 368 0 1016. 43. 2 50.21
29.104 3 ATTITUDE 0.202601 2.945827 -0.350066
29.194 3 CALIBRATION -5. 0
29.195 3 DESIRED -0.01 0.01 1. 57. 37. 436. 5. 15.
29.196 3 IMU_GYRO 1 0.526855 -1.557373 -0.453857
29.196 3 ATTITUDE 0.291228 2.857405 -0.48579
29.226 3 AIRSPEED 0. 0. 0. 0.
29.306 3 GPS 0 0 0 0 0 0 0 0 0 0 0
29.322 3 SVINFO 0 0 0 0 0 0 0
29.323 3 ATTITUDE 0.363074 2.812618 -0.549332
29.323 3 ESTIMATOR 372.205658 1.401567
29.370 3 DESIRED -0.01 0.02 1. 57. 37. 436. 5. 15.
29.401 3 ATTITUDE 0.390186 2.782958 -0.57376
29.434 3 WP_MOVED 7 641788.1875 5474495. 446. 32
29.482 3 CIRCLE 2.8 -28.299999 60.
29.498 3 ATTITUDE 0.318608 2.820219 -0.482948
29.531 3 NAVIGATION 10 0 0. 0. 0. 0. 0 9 9 1 0 0
29.563 3 GPS 0 0 0 0 0 0 0 0 0 0 0
29.564 3 SVINFO 0 0 0 0 0 0 0
29.579 3 DESIRED -0.01 0. 1. 57. 37. 436. 5. 15.
29.594 3 DATALINK_REPORT 4 2 0 965 0 0
29.610 3 ATTITUDE 0.170783 2.890258 -0.271406
29.675 3 IMU_MAG 0 0. 0. 0.
29.691 3 ATTITUDE 0.039413 2.919553 -0.002265
29.723 3 ENERGY 0 12.17208 0. 0. 0. 0. 0.
29.739 3 FBW_STATUS 0 45 1 12.17208 0.
29.797 3 DESIRED -0.01 -0.01 1. 57. 37. 436. 5. 15.
29.798 3 IMU_ACCEL 1 1.796875 1.145508 -8.568359
29.798 3 IMU_GYRO 1 -0.91626 1.934814 -0.010498
29.823 3 GPS 0 0 0 0 0 0 0 0 0 0 0
29.823 3 SVINFO 0 0 0 0 0 0 0
29.824 3 ATTITUDE -0.055308 2.918667 0.206731
29.824 3 ESTIMATOR 364.033356 -3.288894
29.920 3 ATTITUDE -0.085881 2.935955 0.282929
29.934 3 WP_MOVED 8 641844.1875 5474504.5 446. 32
29.982 3 DESIRED -0.01 -0.01 1. 57. 37. 436. 5. 15.
29.998 3 ATTITUDE -0.06541 2.962012 0.194518
30.063 3 GPS 0 0 0 0 0 0 0 0 0 0 0
30.064 3 SVINFO 0 0 0 0 0 0 0
30.080 3 LINK_REPORT 3 -1 30 0 9636 406 0 927. 38. 2 50.21
30.095 3 ATTITUDE -0.048979 2.960237 0.043518
30.175 3 DESIRED -0.01 -0.01 1. 57. 37. 436. 5. 15.
30.191 3 ATTITUDE -0.05333 2.949581 -0.242178
30.223 3 AIRSPEED 0. 0. 0. 0.
30.319 3 GPS 0 0 0 0 0 0 0 0 0 0 0
30.320 3 SVINFO 0 0 0 0 0 0 0
30.321 3 ATTITUDE -0.064979 2.938303 -0.465761
30.334 3 GPS_SOL 0 0 0 0
30.335 3 ESTIMATOR 360.36319 -4.595562
30.335 3 FBW_STATUS 0 45 1 12.178265 0.
30.383 3 DESIRED -0.01 -0.01 1. 57. 37. 436. 5. 15.
30.384 3 IMU_GYRO 1 -0.126465 -0.661865 -0.208496
30.408 3 ATTITUDE -0.07026 2.923543 -0.555774
30.430 3 DL_VALUE 6 1.
30.431 3 WP_MOVED 9 641814.5 5474703. 476. 32
30.431 3 COMMANDS 0,603,7790
30.479 3 STATE_FILTER_STATUS 6 3 0
30.495 3 ATTITUDE -0.071598 2.908246 -0.545556
30.527 3 CIRCLE 2.8 -28.299999 60.
30.543 3 NAVIGATION 10 0 0. 0. 0. 0. 0 10 10 1 0 0
30.559 3 GPS 0 0 0 0 0 0 0 0 0 0 0
30.560 3 SVINFO 0 0 0 0 0 0 0
30.575 3 DESIRED -0.01 -0.01 1. 57. 37. 436. 5. 15.
30.591 3 IMU_ACCEL 1 -4.051758 0.195312 -9.355469
30.607 3 ATTITUDE -0.076936 2.895715 -0.354978
30.623 3 PONG 
30.703 3 ATTITUDE -0.082653 2.877191 0.017232
30.783 3 DESIRED -0.01 -0.01 1. 57. 37. 436. 5. 15.
30.815 3 GPS 0 0 0 0 0 0 0 0 0 0 0
30.817 3 SVINFO 0 0 0 0 0 0 0
30.817 3 ATTITUDE -0.081514 2.87362 0.34465
30.831 3 ENERGY 0 12.178265 0. 0. 0. 0. 0.
30.832 3 ESTIMATOR 356.745422 -5.02066
30.910 3 ATTITUDE -0.054681 2.907514 0.408267
30.927 3 WP_MOVED 10 641786.375 5474701. 476. 32
30.975 3 DESIRED -0.01 -0.01 1. 57. 37. 436. 5. 15.
30.991 3 IMU_GYRO 1 0.103516 -2.655518 0.011963
30.992 3 IMU_MAG 0 0. 0. 0.
31.007 3 ATTITUDE -0.033814 2.926436 0.192972
31.055 3 GPS 0 0 0 0 0 0 0 0 0 0 0
31.056 3 SVINFO 0 0 0 0 0 0 0
31.082 3 LINK_REPORT 3 -1 31 0 10598 447 0 962. 41. 3 59.47
31.103 3 ATTITUDE -0.041727 2.923235 -0.179366
31.135 3 LOGGER_STATUS 0 0 0 none
31.168 3 DESIRED -0.01 -0.01 1. 57. 37. 436. 5. 15.
31.199 3 ATTITUDE -0.063197 2.91865 -0.429878
31.231 3 AIRSPEED 0. 0. 0. 0.
31.263 3 CALIBRATION -5. 0
31.323 3 GPS 0 0 0 0 0 0 0 0 0 0 0
31.324 3 SVINFO 0 0 0 0 0 0 0
31.325 3 ATTITUDE -0.077399 2.921782 -0.538008
31.325 3 ESTIMATOR 355.479034 -4.595609
31.372 3 DESIRED -0.01 -0.01 1. 57. 37. 436. 5. 15.
31.387 3 IMU_ACCEL 1 -6.168945 0.714844 -9.612305
31.410 3 ATTITUDE -0.06396 2.921114 -0.546213
31.435 3 WP_MOVED 11 641807.5 5474574.5 436. 32
31.435 3 ACTUATORS 1040,1778,1235
31.499 3 ATTITUDE 0.057117 2.933434 -0.40243
31.532 3 NAVIGATION 10 0 0. 0. 0. 0. 0 11 11 1 0 0
31.564 3 GPS 0 0 0 0 0 0 0 0 0 0 0
31.564 3 SVINFO 0 0 0 0 0 0 0
31.580 3 DESIRED -0.01 0. 1. 57. 37. 436. 5. 15.
31.595 3 IMU_GYRO 1 1.9375 0.409912 0.274658
31.596 3 CIRCLE 2.8 -28.299999 60.
31.596 3 ATTITUDE 0.236456 2.973806 -0.34877
31.692 3 ATTITUDE 0.382111 2.994269 -0.346079
31.724 3 FBW_STATUS 0 45 1 12.17208 0.
31.772 3 DESIRED -0.01 0.02 1. 57. 37. 436. 5. 15.
31.804 3 GPS 0 0 0 0 0 0 0 0 0 0 0
31.820 3 SVINFO 0 0 0 0 0 0 0
31.820 3 ATTITUDE 0.39888 3.000616 -0.335321
31.821 3 ESTIMATOR 354.59198 -3.59303
31.903 3 ATTITUDE 0.243945 3.00186 -0.266899
31.915 3 ENERGY 0 12.17208 0. 0. 0. 0. 0.
31.931 3 DL_VALUE 7 0.
31.947 3 WP_MOVED 0 641794. 5474653. 436. 32
31.980 3 DESIRED -0.01 -0.01 1. 57. 37. 436. 5. 15.
31.996 3 ATTITUDE 0.032975 3.009009 -0.14708
32.060 3 GPS 0 0 0 0 0 0 0 0 0 0 0
32.061 3 SVINFO 0 0 0 0 0 0 0
32.083 3 LINK_REPORT 3 -1 32 0 11511 485 0 913. 38. 3 59.47
32.092 3 ATTITUDE -0.106664 3.01487 -0.067629
32.156 3 ALIVE 232,7,41,108,38,9,24,222,170,213,28,18,18,110,225,26
32.198 3 DESIRED -0.01 -0. 1. 57. 37. 436. 5. 15.
32.199 3 IMU_ACCEL 1 -1.75293 1.100586 -12.387695
32.199 3 IMU_GYRO 1 -0.563477 -2.866211 -0.115967
32.200 3 ATTITUDE -0.174814 3.047719 -0.308739
32.230 3 AIRSPEED 0. 0. 0. 0.
32.278 3 IMU_MAG 0 0. 0. 0.
32.324 3 GPS 0 0 0 0 0 0 0 0 0 0 0
32.325 3 SVINFO 0 0 0 0 0 0 0
32.326 3 ATTITUDE -0.22938 3.066655 -0.541709
32.340 3 GPS_SOL 0 0 0 0
32.341 3 ESTIMATOR 354.517029 -2.829895
32.341 3 FBW_STATUS 0 45 1 12.178265 0.
32.372 3 DESIRED -0.01 0.01 1. 57. 37. 436. 5. 15.
32.412 3 ATTITUDE -0.231521 3.044479 -0.537587
32.420 3 WP_MOVED 1 641794. 5474653. 436. 32
32.500 3 ATTITUDE -0.191082 2.992641 -0.317782
32.532 3 NAVIGATION 10 0 0. 0. 0. 0. 0 12 12 1 0 0
32.564 3 GPS 0 0 0 0 0 0 0 0 0 0 0
32.565 3 SVINFO 0 0 0 0 0 0 0
32.580 3 DESIRED -0.01 -0. 1. 57. 37. 436. 5. 15.
32.596 3 ATTITUDE -0.150479 2.950333 0.032766
32.628 3 CIRCLE 2.8 -28.299999 60.
32.660 3 PPRZ_MODE 1 3 3 2 0 21
32.692 3 STATE_FILTER_STATUS 6 3 0
32.715 3 ATTITUDE -0.106713 2.945784 0.298277
32.789 3 DESIRED -0.01 -0.01 1. 57. 37. 436. 5. 15.
32.789 3 IMU_GYRO 1 0.403076 -0.797607 0.199707
32.805 3 GPS 0 0 0 0 0 0 0 0 0 0 0
32.820 3 SVINFO 0 0 0 0 0 0 0
32.821 3 ATTITUDE -0.056341 2.972507 0.273031
32.821 3 ESTIMATOR 354.788849 -1.781899
32.912 3 ATTITUDE -0.031773 2.976214 -0.012126
32.932 3 WP_MOVED 2 641796.8125 5474624.5 436. 32
32.980 3 DESIRED -0.01 -0.01 1. 57. 37. 436. 5. 15.
32.981 3 IMU_ACCEL 1 -3.075195 0.053711 -9.224609
32.996 3 ATTITUDE -0.044417 2.962488 -0.331223
33.029 3 ENERGY 0 12.17208 0. 0. 0. 0. 0.
33.061 3 GPS 0 0 0 0 0 0 0 0 0 0 0
33.061 3 SVINFO 0 0 0 0 0 0 0
33.083 3 LINK_REPORT 3 -1 33 0 12497 526 0 986. 41. 3 59.47
33.092 3 ATTITUDE -0.07487 2.958557 -0.492088
33.173 3 DESIRED -0.01 -0.01 1. 57. 37. 436. 5. 15.
33.189 3 ATTITUDE -0.096148 2.965664 -0.417486
33.237 3 AIRSPEED 0. 0. 0. 0.
33.253 3 AUTOPILOT_VERSION 60400 v6.4.0_stable
33.332 3 GPS 0 0 0 0 0 0 0 0 0 0 0
33.333 3 SVINFO 0 0 0 0 0 0 0
33.333 3 ATTITUDE -0.098426 2.952569 -0.130549
33.333 3 ESTIMATOR 355.12265 -1.204894
33.392 3 CALIBRATION -5. 0
33.393 3 DESIRED -0.01 -0.01 1. 57. 37. 436. 5. 15.
33.394 3 IMU_GYRO 1 0.078369 2.915283 0.09375
33.394 3 ATTITUDE -0.088129 2.938955 0.167117
33.441 3 NAVIGATION_REF 641794 5474653 32 356.
33.441 3 DL_VALUE 8 1.
33.442 3 WP_MOVED 3 641820. 5474501. 446. 32
33.489 3 ATTITUDE -0.060149 2.947828 0.272087
33.537 3 NAVIGATION 10 0 0. 0. 0. 0. 0 13 13 1 0 0
33.553 3 GPS 0 0 0 0 0 0 0 0 0 0 0
33.554 3 SVINFO 0 0 0 0 0 0 0
33.585 3 DESIRED -0.01 -0.01 1. 57. 37. 436. 5. 15.
33.586 3 IMU_MAG 0 0. 0. 0.
33.601 3 ATTITUDE -0.027688 2.959653 0.060732
33.681 3 CIRCLE 2.8 -28.299999 60.
33.697 3 ATTITUDE -0.023598 2.944 -0.272436
33.729 3 FBW_STATUS 0 44 1 12.165895 0.
33.777 3 DESIRED -0.01 -0.01 1. 57. 37. 436. 5. 15.
33.778 3 IMU_ACCEL 1 -5.029297 0.175781 -7.208984
33.823 3 GPS 0 0 0 0 0 0 0 0 0 0 0
33.824 3 SVINFO 0 0 0 0 0 0 0
33.824 3 ATTITUDE -0.029248 2.931371 -0.480929
33.825 3 ESTIMATOR 355.880402 -0.434724
33.907 3 ATTITUDE -0.043442 2.930752 -0.490079
33.935 3 COMMANDS 0,408,6151
33.935 3 WP_MOVED 4 641757.8125 5474491. 446. 32
33.984 3 DESIRED -0.01 -0.01 1. 57. 37. 436. 5. 15.
33.984 3 IMU_GYRO 1 -0.081787 2.003906 0.196045
33.999 3 ATTITUDE -0.0551 2.943672 -0.312008
34.063 3 GPS 0 0 0 0 0 0 0 0 0 0 0
34.064 3 SVINFO 0 0 0 0 0 0 0
34.084 3 LINK_REPORT 3 -1 34 0 13447 566 0 950. 40. 3 59.47
34.095 3 ATTITUDE -0.061297 2.949601 -0.089711
34.127 3 ENERGY 0 12.178265 0. 0. 0. 0. 0.
34.175 3 DESIRED -0.01 -0.01 1. 57. 37. 436. 5. 15.
34.191 3 ATTITUDE -0.054151 2.963222 0.028564
34.223 3 AIRSPEED 0. 0. 0. 0.
34.320 3 GPS 0 0 0 0 0 0 0 0 0 0 0
34.320 3 SVINFO 0 0 0 0 0 0 0
34.321 3 ATTITUDE -0.016239 2.994555 0.037648
34.335 3 GPS_SOL 0 0 0 0
34.336 3 ESTIMATOR 356.09314 -0.216631
34.336 3 FBW_STATUS 0 45 1 12.153525 0.
34.384 3 DESIRED -0.01 -0.02 1. 57. 37. 436. 5. 15.
34.407 3 ATTITUDE 0.022249 3.005379 0.017743
34.431 3 WP_MOVED 5 641729. 5474694.5 466. 32
34.495 3 ATTITUDE 0.052794 3.0102 0.012525
34.528 3 NAVIGATION 10 0 0. 0. 0. 0. 0 14 14 1 0 0
34.560 3 GPS 0 0 0 0 0 0 0 0 0 0 0
34.564 3 SVINFO 0 0 0 0 0 0 0
34.576 3 DESIRED -0.01 -0.01 1. 57. 37. 436. 5. 15.
34.591 3 IMU_ACCEL 1 -0.511719 -1.083984 -9.329102
34.592 3 IMU_GYRO 1 0.069336 0.057129 -0.200439
34.592 3 ATTITUDE 0.064055 2.993251 0.024346
34.687 3 DATALINK_REPORT 4 3 0 946 0 0
34.703 3 ATTITUDE 0.076155 2.980657 0.041468
34.719 3 CIRCLE 2.8 -28.299999 60.
34.784 3 DESIRED -0.01 -0.01 1. 57. 37. 436. 5. 15.
34.831 3 GPS 0 0 0 0 0 0 0 0 0 0 0
34.832 3 SVINFO 0 0 0 0 0 0 0
34.833 3 ATTITUDE 0.08274 2.969392 0.051523
34.833 3 ESTIMATOR 356.63327 0.134644
34.879 3 IMU_MAG 0 0. 0. 0.
34.894 3 STATE_FILTER_STATUS 6 3 0
34.910 3 ATTITUDE 0.08899 2.966725 0.065933
34.926 3 DL_VALUE 9 436.
34.927 3 WP_MOVED 6 641754.875 5474698.5 466. 32
34.974 3 DESIRED -0.01 -0.01 1. 57. 37. 436. 5. 15.
34.990 3 ATTITUDE 0.080271 2.978683 0.060922
35.055 3 GPS 0 0 0 0 0 0 0 0 0 0 0
35.056 3 SVINFO 0 0 0 0 0 0 0
35.084 3 LINK_REPORT 3 -1 35 0 14384 605 0 937. 39. 3 59.47
35.103 3 ATTITUDE 0.067358 2.99227 0.073195
35.183 3 DESIRED -0.01 -0.01 1. 57. 37. 436. 5. 15.
35.184 3 IMU_GYRO 1 -0.274902 0.253906 0.010742
35.199 3 ATTITUDE 0.045542 2.997404 0.096399
35.215 3 ENERGY 0 12.178265 0. 0. 0. 0. 0.
35.231 3 AIRSPEED 0. 0. 0. 0.
35.323 3 GPS 0 0 0 0 0 0 0 0 0 0 0
35.325 3 SVINFO 0 0 0 0 0 0 0
35.325 3 ATTITUDE 0.014415 2.999838 0.133207
35.325 3 ESTIMATOR 356.888397 0.246039
35.371 3 DESIRED -0.01 -0.02 1. 57. 37. 436. 5. 15.
35.387 3 IMU_ACCEL 1 1.366211 0.286133 -9.020508
35.421 3 ATTITUDE -0.015191 2.997288 0.157221
35.434 3 WP_MOVED 7 641788.1875 5474495. 446. 32
35.435 3 COMMANDS 0,25,-2070
35.466 3 CALIBRATION -5. 0
35.499 3 ATTITUDE -0.016019 2.992397 0.099183
35.532 3 NAVIGATION 10 0 0. 0. 0. 0. 0 15 15 1 0 0
35.563 3 GPS 0 0 0 0 0 0 0 0 0 0 0
35.564 3 SVINFO 0 0 0 0 0 0 0
35.579 3 DESIRED -0.01 -0.01 1. 57. 37. 436. 5. 15.
35.595 3 ATTITUDE -0.022745 2.98885 0.077685
35.611 3 PONG 
35.691 3 ATTITUDE -0.028151 2.99137 0.055755
35.723 3 FBW_STATUS 0 45 1 12.178265 0.
35.798 3 DESIRED -0.01 -0.01 1. 57. 37. 436. 5. 15.
35.799 3 IMU_GYRO 1 -0.037598 -0.064209 -0.069092
35.799 3 CIRCLE 2.8 -28.299999 60.
35.824 3 GPS 0 0 0 0 0 0 0 0 0 0 0
35.825 3 SVINFO 0 0 0 0 0 0 0
35.825 3 ATTITUDE -0.02979 2.987138 0.050185
35.826 3 ESTIMATOR 357.191895 0.331597
35.917 3 ATTITUDE -0.032453 2.989147 0.038728
35.935 3 WP_MOVED 8 641844.1875 5474504.5 446. 32
35.967 3 DESIRED -0.01 -0.01 1. 57. 37. 436. 5. 15.
35.999 3 ATTITUDE -0.033637 2.990006 0.033436
36.064 3 GPS 0 0 0 0 0 0 0 0 0 0 0
36.065 3 SVINFO 0 0 0 0 0 0 0
36.085 3 LINK_REPORT 3 -1 36 0 15294 643 0 910. 38. 4 46.55
36.095 3 ATTITUDE -0.03446 2.990679 0.031057
36.176 3 DESIRED -0.01 -0.01 1. 57. 37. 436. 5. 15.
36.205 3 IMU_ACCEL 1 0.467773 0.259766 -9.836914
36.206 3 IMU_MAG 0 0. 0. 0.
36.207 3 ATTITUDE -0.034318 2.992446 0.029737
36.221 3 LOGGER_STATUS 0 0 0 none
36.237 3 AIRSPEED 0. 0. 0. 0.
36.318 3 GPS 0 0 0 0 0 0 0 0 0 0 0
36.319 3 SVINFO 0 0 0 0 0 0 0
36.319 3 ATTITUDE -0.034898 2.99409 0.027929
36.348 3 ENERGY 0 12.178265 0. 0. 0. 0. 0.
36.349 3 GPS_SOL 0 0 0 0
36.349 3 ESTIMATOR 357.217896 0.270419
36.349 3 FBW_STATUS 0 45 1 12.178265 0.
36.380 3 DESIRED -0.01 -0.01 1. 57. 37. 436. 5. 15.
36.381 3 IMU_GYRO 1 0.030029 0.175293 -0.080811
36.395 3 ATTITUDE -0.030682 2.99059 0.039763
36.427 3 DL_VALUE 10 0.
36.427 3 WP_MOVED 9 641814.5 5474703. 476. 32
36.443 3 ACTUATORS 1040,1460,1530
36.492 3 ATTITUDE -0.018993 2.981925 0.09476
36.524 3 NAVIGATION 10 0 0. 0. 0. 0. 0 16 16 1 0 0
36.557 3 GPS 0 0 0 0 0 0 0 0 0 0 0
36.558 3 SVINFO 0 0 0 0 0 0 0
36.572 3 DESIRED -0.01 -0.02 1. 57. 37. 436. 5. 15.
36.588 3 ATTITUDE -0.012543 2.963156 0.152749
36.700 3 ATTITUDE -0.008591 2.947043 0.214712
36.780 3 DESIRED -0.01 -0.02 1. 57. 37. 436. 5. 15.
36.823 3 GPS 0 0 0 0 0 0 0 0 0 0 0
36.824 3 SVINFO 0 0 0 0 0 0 0
36.825 3 ATTITUDE 0.000594 2.966014 0.296773
36.825 3 CIRCLE 2.8 -28.299999 60.
36.839 3 ESTIMATOR 357.641693 0.407685
36.909 3 ATTITUDE 0.038465 3.02184 0.392378
36.934 3 WP_MOVED 10 641786.375 5474701. 476. 32
36.995 3 DESIRED -0.01 -0.01 1. 57. 37. 436. 5. 15.
36.996 3 IMU_ACCEL 1 4.469727 -2.933594 -9.508789
36.996 3 IMU_GYRO 1 0.239014 0.334229 0.354492
36.997 3 ATTITUDE 0.086406 3.071085 0.439423
37.059 3 GPS 0 0 0 0 0 0 0 0 0 0 0
37.060 3 SVINFO 0 0 0 0 0 0 0
37.086 3 LINK_REPORT 3 -1 37 0 16276 684 0 982. 41. 4 46.55
37.091 3 STATE_FILTER_STATUS 6 3 0
37.107 3 ATTITUDE 0.103298 3.083065 0.396823
37.171 3 DESIRED -0.01 -0.01 1. 57. 37. 436. 5. 15.
37.203 3 ATTITUDE 0.09282 3.061013 0.316961
37.235 3 AIRSPEED 0. 0. 0. 0.
37.251 3 ALIVE 232,7,41,108,38,9,24,222,170,213,28,18,18,110,225,26
37.315 3 GPS 0 0 0 0 0 0 0 0 0 0 0
37.316 3 SVINFO 0 0 0 0 0 0 0
37.317 3 ATTITUDE 0.063396 3.0044 0.239332
37.331 3 ESTIMATOR 357.699188 0.345078
37.380 3 DESIRED -0.01 -0.01 1. 57. 37. 436. 5. 15.
37.395 3 ATTITUDE 0.018742 2.919456 0.148267
37.427 3 ENERGY 0 12.17208 0. 0. 0. 0. 0.
37.427 3 WP_MOVED 11 641807.5 5474574.5 436. 32
37.475 3 IMU_MAG 0 0. 0. 0.
37.491 3 ATTITUDE -0.017741 2.82973 0.086655
37.540 3 NAVIGATION 10 0 0. 0. 0. 0. 0 17 17 1 0 0
37.556 3 GPS 0 0 0 0 0 0 0 0 0 0 0
37.571 3 SVINFO 0 0 0 0 0 0 0
37.572 3 PPRZ_MODE 1 3 3 2 0 21
37.597 3 CALIBRATION -5. 0
37.598 3 DESIRED -0.01 -0.01 1. 57. 37. 436. 5. 15.
37.598 3 IMU_GYRO 1 -0.112061 -0.502197 -0.836914
37.599 3 ATTITUDE -0.029674 2.752219 0.028177
37.693 3 ATTITUDE -0.017547 2.715812 -0.05624
37.725 3 FBW_STATUS 0 45 1 12.178265 0.
37.774 3 DESIRED -0.01 -0.02 1. 57. 37. 436. 5. 15.
37.789 3 IMU_ACCEL 1 -2.638672 -0.485352 -7.115234
37.806 3 GPS 0 0 0 0 0 0 0 0 0 0 0
37.806 3 SVINFO 0 0 0 0 0 0 0
37.821 3 ATTITUDE -0.003512 2.702987 -0.257474
37.822 3 ESTIMATOR 358.29068 0.547913
37.869 3 CIRCLE 2.8 -28.299999 60.
37.901 3 ATTITUDE 0.011689 2.706481 -0.423029
37.933 3 DL_VALUE 11 0.
37.933 3 WP_MOVED 0 641794. 5474653. 436. 32
37.982 3 DESIRED -0.01 -0.01 1. 57. 37. 436. 5. 15.
37.997 3 ATTITUDE 0.03956 2.744618 -0.49487
38.062 3 GPS 0 0 0 0 0 0 0 0 0 0 0
38.062 3 SVINFO 0 0 0 0 0 0 0
38.086 3 LINK_REPORT 3 -1 38 0 17227 724 0 951. 40. 4 46.55
38.093 3 ATTITUDE 0.074187 2.780221 -0.575522
38.174 3 DESIRED -0.01 -0.01 1. 57. 37. 436. 5. 15.
38.175 3 IMU_GYRO 1 0.233154 0.801514 0.261963
38.189 3 ATTITUDE 0.083717 2.817848 -0.540024
38.221 3 AIRSPEED 0. 0. 0. 0.
38.302 3 GPS 0 0 0 0 0 0 0 0 0 0 0
38.318 3 SVINFO 0 0 0 0 0 0 0
38.318 3 ATTITUDE 0.059118 2.873349 -0.260545
38.334 3 GPS_SOL 0 0 0 0
38.334 3 ESTIMATOR 358.532257 0.554401
38.334 3 FBW_STATUS 0 45 1 12.178265 0.
38.366 3 DESIRED -0.01 -0.01 1. 57. 37. 436. 5. 15.
38.398 3 ATTITUDE 0.043258 2.91077 0.134985
38.430 3 WP_MOVED 1 641794. 5474653. 436. 32
38.493 3 ATTITUDE 0.069494 2.957264 0.496887
38.526 3 ENERGY 0 12.17208 0. 0. 0. 0. 0.
38.542 3 NAVIGATION 10 0 0. 0. 0. 0. 0 18 18 1 0 0
38.558 3 GPS 0 0 0 0 0 0 0 0 0 0 0
38.559 3 SVINFO 0 0 0 0 0 0 0
38.574 3 DESIRED -0.01 -0.01 1. 57. 37. 436. 5. 15.
38.590 3 IMU_ACCEL 1 7.873047 -1.041016 -7.87207
38.606 3 ATTITUDE 0.113111 3.015799 0.69759
38.702 3 ATTITUDE 0.119876 3.029188 0.647351
38.794 3 DESIRED -0.01 -0.01 1. 57. 37. 436. 5. 15.
38.795 3 IMU_GYRO 1 -0.274414 -3.79248 0.034668
38.796 3 IMU_MAG 0 0. 0. 0.
38.823 3 GPS 0 0 0 0 0 0 0 0 0 0 0
38.824 3 SVINFO 0 0 0 0 0 0 0
38.824 3 ATTITUDE 0.08387 2.999958 0.31729
38.825 3 ESTIMATOR 358.958984 0.602135
38.903 3 ATTITUDE 0.060855 2.984667 -0.088927
38.934 3 COMMANDS 0,-462,2356
38.935 3 CIRCLE 2.8 -28.299999 60.
38.935 3 WP_MOVED 2 641796.8125 5474624.5 436. 32
38.983 3 DESIRED -0.01 -0.01 1. 57. 37. 436. 5. 15.
38.999 3 ATTITUDE 0.051932 2.996989 -0.303714
39.063 3 GPS 0 0 0 0 0 0 0 0 0 0 0
39.064 3 SVINFO 0 0 0 0 0 0 0
39.087 3 LINK_REPORT 3 -1 39 0 18156 762 0 929. 38. 4 46.55
39.095 3 ATTITUDE 0.147753 3.021808 -0.232539
39.175 3 DESIRED -0.01 0.01 1. 57. 37. 436. 5. 15.
39.191 3 ATTITUDE 0.350401 3.057082 -0.148508
39.223 3 AIRSPEED 0. 0. 0. 0.
39.287 3 STATE_FILTER_STATUS 6 3 0
39.304 3 GPS 0 0 0 0 0 0 0 0 0 0 0
39.319 3 SVINFO 0 0 0 0 0 0 0
39.320 3 ATTITUDE 0.574813 3.002713 -0.273195
39.320 3 ESTIMATOR 359.072815 0.524916
39.396 3 DESIRED -0.01 0.05 1. 57. 37. 436. 5. 15.
39.397 3 IMU_ACCEL 1 -3.285156 -4.828125 -5.400391
39.397 3 IMU_GYRO 1 1.391113 -1.442871 0.027832
39.397 3 ATTITUDE 0.760897 2.900446 -0.404726
39.427 3 DL_VALUE 12 0.
39.427 3 WP_MOVED 3 641820. 5474501. 446. 32
39.491 3 ATTITUDE 0.810536 2.912031 -0.417557
39.540 3 NAVIGATION 10 0 0. 0. 0. 0. 0 19 19 1 0 0
39.556 3 GPS 0 0 0 0 0 0 0 0 0 0 0
39.557 3 SVINFO 0 0 0 0 0 0 0
39.572 3 DESIRED -0.01 0.06 1. 57. 37. 436. 5. 15.
39.603 3 ATTITUDE 0.688271 3.031905 -0.341345
39.620 3 ENERGY 0 12.17208 0. 0. 0. 0. 0.
39.668 3 CALIBRATION -5. 0
39.700 3 ATTITUDE 0.483946 3.120122 -0.254193
39.732 3 FBW_STATUS 0 45 1 12.165895 0.
39.780 3 DESIRED -0.01 0.02 1. 57. 37. 436. 5. 15.
39.781 3 DATALINK_REPORT 4 4 0 940 0 0
39.824 3 GPS 0 0 0 0 0 0 0 0 0 0 0
39.825 3 SVINFO 0 0 0 0 0 0 0
39.826 3 ATTITUDE 0.267262 3.129903 -0.319445
39.826 3 ESTIMATOR 359.133759 0.397979
39.904 3 ATTITUDE 0.07783 -3.122283 -0.525102
39.936 3 WP_MOVED 4 641757.8125 5474491. 446. 32
39.994 3 DESIRED -0.01 -0.01 1. 57. 37. 436. 5. 15.
39.994 3 IMU_GYRO 1 -1.00293 -0.596924 0.544434
39.995 3 CIRCLE 2.8 -28.299999 60.
39.995 3 ATTITUDE -0.06986 -3.05325 -0.61519
40.058 3 GPS 0 0 0 0 0 0 0 0 0 0 0
40.059 3 SVINFO 0 0 0 0 0 0 0
40.074 3 IMU_MAG 0 0. 0. 0.
40.087 3 LINK_REPORT 3 -1 40 0 19108 802 0 952. 40. 4 46.55
40.090 3 ATTITUDE -0.124573 -3.04622 -0.380471
40.170 3 DESIRED -0.01 -0. 1. 57. 37. 436. 5. 15.
40.186 3 IMU_ACCEL 1 0.841797 1.361328 -9.914062
40.202 3 ATTITUDE -0.118643 -3.093842 0.047892
40.234 3 AIRSPEED 0. 0. 0. 0.
40.314 3 GPS 0 0 0 0 0 0 0 0 0 0 0
40.315 3 SVINFO 0 0 0 0 0 0 0
40.316 3 ATTITUDE -0.093122 -3.115837 0.205634
40.330 3 GPS_SOL 0 0 0 0
40.331 3 ESTIMATOR 359.040222 0.256801
40.346 3 FBW_STATUS 0 45 1 12.13497 0.
40.378 3 DESIRED -0.01 -0.01 1. 57. 37. 436. 5. 15.
40.394 3 ATTITUDE -0.085977 -3.105965 0.042073
40.425 3 WP_MOVED 5 641729. 5474694.5 466. 32
40.426 3 COMMANDS 0,891,161
40.490 3 ATTITUDE -0.131439 -3.079057 -0.16716
40.539 3 NAVIGATION 10 0 0. 0. 0. 0. 0 20 20 1 0 0
40.554 3 GPS 0 0 0 0 0 0 0 0 0 0 0
40.555 3 SVINFO 0 0 0 0 0 0 0
40.586 3 DESIRED -0.01 0. 1. 57. 37. 436. 5. 15.
40.587 3 IMU_GYRO 1 -0.846436 -0.811279 0.441895
40.602 3 ATTITUDE -0.225168 -3.019635 -0.262181
40.618 3 PONG 
40.698 3 ATTITUDE -0.290168 -2.98063 -0.241166
40.714 3 ENERGY 0 12.178265 0. 0. 0. 0. 0.
40.779 3 DESIRED -0.01 0.01 1. 57. 37. 436. 5. 15.
40.823 3 GPS 0 0 0 0 0 0 0 0 0 0 0
40.823 3 SVINFO 0 0 0 0 0 0 0
40.824 3 ATTITUDE -0.303232 -2.972887 -0.233768
40.824 3 ESTIMATOR 358.619354 -0.055175
40.902 3 ATTITUDE -0.310163 -2.964548 -0.22734
40.934 3 DL_VALUE 13 70.
40.934 3 WP_MOVED 6 641754.875 5474698.5 466. 32
40.982 3 DESIRED -0.01 0.01 1. 57. 37. 436. 5. 15.
40.983 3 IMU_ACCEL 1 -2.193359 2.271484 -9.274414
40.998 3 ATTITUDE -0.302854 -2.951705 -0.225259
41.030 3 CIRCLE 2.8 -28.299999 60.
41.062 3 GPS 0 0 0 0 0 0 0 0 0 0 0
41.063 3 SVINFO 0 0 0 0 0 0 0
41.088 3 LINK_REPORT 3 -1 41 0 20037 841 0 929. 39. 5 52.93
41.094 3 ATTITUDE -0.295534 -2.937215 -0.230463
41.175 3 DESIRED -0.01 0.01 1. 57. 37. 436. 5. 15.
41.183 3 IMU_GYRO 1 0.018311 0.003906 -0.125488
41.190 3 ATTITUDE -0.288919 -2.941495 -0.23822
41.223 3 AIRSPEED 0. 0. 0. 0.
41.329 3 GPS 0 0 0 0 0 0 0 0 0 0 0
41.330 3 SVINFO 0 0 0 0 0 0 0
41.330 3 ATTITUDE -0.287471 -2.955401 -0.238188
41.330 3 LOGGER_STATUS 0 0 0 none
41.331 3 ESTIMATOR 358.384949 -0.166013
41.377 3 DESIRED -0.01 0.01 1. 57. 37. 436. 5. 15.
41.393 3 IMU_MAG 0 0. 0. 0.
41.425 3 ATTITUDE -0.281017 -2.97431 -0.213386
41.426 3 WP_MOVED 7 641788.1875 5474495. 446. 32
41.440 3 ACTUATORS 1040,1524,1286
41.488 3 STATE_FILTER_STATUS 6 3 0
41.505 3 ATTITUDE -0.283118 -2.988574 -0.20724
41.537 3 NAVIGATION 10 0 0. 0. 0. 0. 0 21 21 1 0 0
41.553 3 GPS 0 0 0 0 0 0 0 0 0 0 0
41.554 3 SVINFO 0 0 0 0 0 0 0
41.569 3 DESIRED -0.01 0.01 1. 57. 37. 436. 5. 15.
41.601 3 ATTITUDE -0.28966 -2.988467 -0.228651
41.697 3 ATTITUDE -0.294937 -2.974882 -0.248735
41.729 3 FBW_STATUS 0 45 1 12.178265 0.
41.777 3 CALIBRATION -5. 0
41.793 3 DESIRED -0.01 0.01 1. 57. 37. 436. 5. 15.
41.794 3 IMU_ACCEL 1 -2.243164 2.319336 -8.847656
41.822 3 IMU_GYRO 1 0.0625 0.003418 0.114502
41.822 3 GPS 0 0 0 0 0 0 0 0 0 0 0
41.823 3 SVINFO 0 0 0 0 0 0 0
41.824 3 ATTITUDE -0.291817 -2.959221 -0.250547
41.838 3 ENERGY 0 12.165895 0. 0. 0. 0. 0.
41.838 3 ESTIMATOR 357.975311 -0.321533
41.902 3 ATTITUDE -0.291192 -2.953397 -0.235789
41.933 3 WP_MOVED 8 641844.1875 5474504.5 446. 32
41.965 3 DESIRED -0.01 0.01 1. 57. 37. 436. 5. 15.
41.998 3 ATTITUDE -0.290535 -2.961076 -0.230353
42.062 3 GPS 0 0 0 0 0 0 0 0 0 0 0
42.063 3 SVINFO 0 0 0 0 0 0 0
42.078 3 CIRCLE 2.8 -28.299999 60.
42.089 3 LINK_REPORT 3 -1 42 0 20991 881 0 954. 40. 5 52.93
42.094 3 ATTITUDE -0.291345 -2.972758 -0.229999
42.174 3 DESIRED -0.01 0.01 1. 57. 37. 436. 5. 15.
42.190 3 ATTITUDE -0.296952 -2.974953 -0.235056
42.222 3 AIRSPEED 0. 0. 0. 0.
42.318 3 GPS 0 0 0 0 0 0 0 0 0 0 0
42.319 3 SVINFO 0 0 0 0 0 0 0
42.320 3 ATTITUDE -0.30069 -2.961257 -0.232367
42.334 3 ALIVE 232,7,41,108,38,9,24,222,170,213,28,18,18,110,225,26
42.350 3 GPS_SOL 0 0 0 0
42.351 3 ESTIMATOR 357.854492 -0.317877
42.351 3 FBW_STATUS 0 45 1 12.178265 0.
42.382 3 DESIRED -0.01 0.01 1. 57. 37. 436. 5. 15.
42.383 3 IMU_GYRO 1 0.095459 0.206543 0.182129
42.398 3 ATTITUDE -0.294347 -2.945949 -0.212286
42.430 3 NAVIGATION_REF 641794 5474653 32 356.
42.430 3 DL_VALUE 14 0.
42.446 3 WP_MOVED 9 641814.5 5474703. 476. 32
42.462 3 PPRZ_MODE 1 3 3 2 0 21
42.494 3 ATTITUDE -0.292591 -2.937208 -0.204671
42.527 3 NAVIGATION 10 0 0. 0. 0. 0. 0 22 22 1 0 0
42.559 3 GPS 0 0 0 0 0 0 0 0 0 0 0
42.559 3 SVINFO 0 0 0 0 0 0 0
42.575 3 DESIRED -0.01 0.01 1. 57. 37. 436. 5. 15.
42.590 3 IMU_ACCEL 1 -2.166992 2.868164 -8.948242
42.591 3 ATTITUDE -0.29347 -2.945156 -0.200654
42.670 3 IMU_MAG 0 0. 0. 0.
42.702 3 ATTITUDE -0.288594 -2.96436 -0.193855
42.767 3 DESIRED -0.01 0.01 1. 57. 37. 436. 5. 15.
42.825 3 GPS 0 0 0 0 0 0 0 0 0 0 0
42.826 3 SVINFO 0 0 0 0 0 0 0
42.827 3 ATTITUDE -0.276756 -2.984973 -0.189916
42.827 3 ESTIMATOR 357.400574 -0.460305
42.889 3 ATTITUDE -0.264006 -3.009263 -0.174109
42.923 3 ENERGY 0 12.178265 0. 0. 0. 0. 0.
42.937 3 WP_MOVED 10 641786.375 5474701. 476. 32
42.985 3 DESIRED -0.01 0.01 1. 57. 37. 436. 5. 15.
42.986 3 IMU_GYRO 1 0.021973 0.672852 -0.187256
43.001 3 ATTITUDE -0.255586 -3.040164 -0.123204
43.050 3 GPS 0 0 0 0 0 0 0 0 0 0 0
43.066 3 SVINFO 0 0 0 0 0 0 0
43.090 3 LINK_REPORT 3 -1 43 0 21958 921 0 967. 40. 5 52.93
43.098 3 ATTITUDE -0.235917 -3.078954 -0.049424
43.130 3 CIRCLE 2.8 -28.299999 60.
43.178 3 DESIRED -0.01 0. 1. 57. 37. 436. 5. 15.
43.194 3 ATTITUDE -0.203872 -3.1174 0.031485
43.226 3 AIRSPEED 0. 0. 0. 0.
43.306 3 GPS 0 0 0 0 0 0 0 0 0 0 0
43.307 3 SVINFO 0 0 0 0 0 0 0
43.322 3 ATTITUDE -0.179218 3.134648 0.115436
43.322 3 ESTIMATOR 357.21933 -0.457975
43.370 3 DESIRED -0.01 0. 1. 57. 37. 436. 5. 15.
43.386 3 IMU_ACCEL 1 3.066406 1.165039 -9.84668
43.402 3 ATTITUDE -0.174572 3.127879 0.219973
43.433 3 WP_MOVED 11 641807.5 5474574.5 436. 32
43.498 3 ATTITUDE -0.187998 -3.139443 0.303867
43.530 3 NAVIGATION 10 0 0. 0. 0. 0. 0 23 23 1 0 0
43.562 3 GPS 0 0 0 0 0 0 0 0 0 0 0
43.563 3 SVINFO 0 0 0 0 0 0 0
43.578 3 DESIRED -0.01 0. 1. 57. 37. 436. 5. 15.
43.579 3 IMU_GYRO 1 0.077881 1.05957 0.226807
43.594 3 ATTITUDE -0.184159 -3.136897 0.399917
43.690 3 STATE_FILTER_STATUS 6 3 0
43.710 3 ATTITUDE -0.094885 -3.112497 0.578243
43.722 3 FBW_STATUS 0 45 1 12.153525 0.
43.770 3 DESIRED -0.01 -0.01 1. 57. 37. 436. 5. 15.
43.818 3 GPS 0 0 0 0 0 0 0 0 0 0 0
43.819 3 SVINFO 0 0 0 0 0 0 0
43.820 3 ATTITUDE -0.022541 -3.116385 0.661218
43.820 3 ESTIMATOR 357.033356 -0.411794
43.866 3 CALIBRATION -5. 0
43.898 3 ATTITUDE 0.01019 3.128974 0.647812
43.930 3 COMMANDS 0,-496,-8866
43.930 3 DL_VALUE 15 70.
43.945 3 WP_MOVED 0 641794. 5474653. 436. 32
43.978 3 DESIRED -0.01 -0.01 1. 57. 37. 436. 5. 15.
43.994 3 IMU_MAG 0 0. 0. 0.
44.010 3 ATTITUDE 0.044441 3.100333 0.497193
44.026 3 ENERGY 0 12.178265 0. 0. 0. 0. 0.
44.058 3 GPS 0 0 0 0 0 0 0 0 0 0 0
44.059 3 SVINFO 0 0 0 0 0 0 0
44.090 3 LINK_REPORT 3 -1 44 0 22885 960 0 927. 39. 5 52.93
44.090 3 ATTITUDE 0.066031 3.069782 0.265211
44.197 3 DESIRED -0.01 -0.01 1. 57. 37. 436. 5. 15.
44.198 3 IMU_ACCEL 1 1.34668 0.032227 -9.798828
44.199 3 IMU_GYRO 1 0.194824 -1.367432 -0.080322
44.199 3 CIRCLE 2.8 -28.299999 60.
44.199 3 ATTITUDE 0.083506 3.050008 0.105062
44.228 3 AIRSPEED 0. 0. 0. 0.
44.309 3 GPS 0 0 0 0 0 0 0 0 0 0 0
44.324 3 SVINFO 0 0 0 0 0 0 0
44.325 3 ATTITUDE 0.137474 3.047219 0.027411
44.326 3 GPS_SOL 0 0 0 0
44.340 3 ESTIMATOR 356.984558 -0.347674
44.341 3 FBW_STATUS 0 45 1 12.165895 0.
44.356 3 AUTOPILOT_VERSION 60400 v6.4.0_stable
44.373 3 DESIRED -0.01 0. 1. 57. 37. 436. 5. 15.
44.404 3 ATTITUDE 0.224611 3.030316 -0.082271
44.436 3 WP_MOVED 1 641794. 5474653. 436. 32
44.500 3 ATTITUDE 0.33175 3.00321 -0.185814
44.533 3 NAVIGATION 10 0 0. 0. 0. 0. 0 24 24 1 0 0
44.549 3 GPS 0 0 0 0 0 0 0 0 0 0 0
44.564 3 SVINFO 0 0 0 0 0 0 0
44.581 3 DESIRED -0.01 0.02 1. 57. 37. 436. 5. 15.
44.596 3 ATTITUDE 0.452504 2.975169 -0.254487
44.693 3 ATTITUDE 0.533765 2.955799 -0.257229
44.773 3 DESIRED -0.01 0.04 1. 57. 37. 436. 5. 15.
44.789 3 IMU_GYRO 1 -0.025879 -0.053711 -0.039307
44.805 3 GPS 0 0 0 0 0 0 0 0 0 0 0
44.806 3 SVINFO 0 0 0 0 0 0 0
44.821 3 ATTITUDE 0.546542 2.948211 -0.260233
44.821 3 ESTIMATOR 357.059204 -0.195475
44.869 3 DATALINK_REPORT 4 5 0 949 0 0
44.901 3 ATTITUDE 0.476124 2.959158 -0.252677
44.932 3 WP_MOVED 2 641796.8125 5474624.5 436. 32
44.980 3 DESIRED -0.01 0.02 1. 57. 37. 436. 5. 15.
44.981 3 IMU_ACCEL 1 -1.302734 -2.869141 -9.49707
44.997 3 ATTITUDE 0.351224 3.031268 -0.088217
45.061 3 GPS 0 0 0 0 0 0 0 0 0 0 0
45.062 3 SVINFO 0 0 0 0 0 0 0
45.091 3 LINK_REPORT 3 -1 45 0 23811 998 0 926. 38. 5 52.93
45.093 3 ATTITUDE 0.261937 3.078471 0.144359
45.125 3 ENERGY 0 12.17208 0. 0. 0. 0. 0.
45.173 3 DESIRED -0.01 0. 1. 57. 37. 436. 5. 15.
45.205 3 ATTITUDE 0.192343 3.041991 0.127635
45.237 3 CIRCLE 2.8 -28.299999 60.
45.237 3 AIRSPEED 0. 0. 0. 0.
45.285 3 IMU_MAG 0 0. 0. 0.
45.317 3 GPS 0 0 0 0 0 0 0 0 0 0 0
45.318 3 SVINFO 0 0 0 0 0 0 0
45.319 3 ATTITUDE 0.139867 2.988919 -0.082738
45.319 3 ESTIMATOR 357.009949 -0.176881
45.381 3 DESIRED -0.01 -0.01 1. 57. 37. 436. 5. 15.
45.382 3 IMU_GYRO 1 -0.518799 -1.396729 -0.016357
45.397 3 ATTITUDE 0.094174 2.967063 -0.244485
45.429 3 DL_VALUE 16 0.
45.429 3 WP_MOVED 3 641820. 5474501. 446. 32
45.445 3 COMMANDS 0,-493,3676
45.492 3 ATTITUDE 0.039582 2.968355 -0.327033
45.525 3 NAVIGATION 10 0 0. 0. 0. 0. 0 25 25 1 0 0
45.557 3 GPS 0 0 0 0 0 0 0 0 0 0 0
45.558 3 SVINFO 0 0 0 0 0 0 0
45.573 3 DESIRED -0.01 -0.02 1. 57. 37. 436. 5. 15.
45.605 3 ATTITUDE -0.015414 2.978293 -0.427764
45.622 3 PONG 
45.701 3 ATTITUDE -0.055597 2.99208 -0.530894
45.733 3 FBW_STATUS 0 45 1 12.178265 0.
45.782 3 DESIRED -0.01 -0.01 1. 57. 37. 436. 5. 15.
45.782 3 IMU_ACCEL 1 -5.367188 1.008789 -8.285156
45.827 3 GPS 0 0 0 0 0 0 0 0 0 0 0
45.827 3 SVINFO 0 0 0 0 0 0 0
45.828 3 ATTITUDE -0.086893 2.999937 -0.568192
45.828 3 ESTIMATOR 357.124664 -0.06479
45.890 3 STATE_FILTER_STATUS 6 3 0
45.906 3 ATTITUDE -0.096942 2.995691 -0.589731
45.927 3 WP_MOVED 4 641757.8125 5474491. 446. 32
45.970 3 CALIBRATION -5. 0
45.986 3 DESIRED -0.01 -0.01 1. 57. 37. 436. 5. 15.
45.986 3 IMU_GYRO 1 -0.012695 1.598633 -0.159424
46.002 3 ATTITUDE -0.08497 2.968359 -0.466941
46.051 3 GPS 0 0 0 0 0 0 0 0 0 0 0
46.067 3 SVINFO 0 0 0 0 0 0 0
46.092 3 LINK_REPORT 3 -1 46 0 24767 1039 0 956. 41. 6 55.76
46.099 3 ATTITUDE -0.059842 2.93872 -0.183831
46.179 3 DESIRED -0.01 -0.01 1. 57. 37. 436. 5. 15.
46.195 3 ATTITUDE -0.028721 2.923865 0.200219
46.227 3 ENERGY 0 12.165895 0. 0. 0. 0. 0.
46.243 3 AIRSPEED 0. 0. 0. 0.
46.275 3 CIRCLE 2.8 -28.299999 60.
46.322 3 GPS 0 0 0 0 0 0 0 0 0 0 0
46.323 3 SVINFO 0 0 0 0 0 0 0
46.323 3 ATTITUDE 0.022072 2.952564 0.544727
46.338 3 GPS_SOL 0 0 0 0
46.338 3 ESTIMATOR 357.025299 -0.109097
46.339 3 FBW_STATUS 0 45 1 12.17208 0.
46.370 3 DESIRED -0.01 -0.01 1. 57. 37. 436. 5. 15.
46.402 3 LOGGER_STATUS 0 0 0 none
46.402 3 ATTITUDE 0.113152 3.021817 0.73489
46.433 3 WP_MOVED 5 641729. 5474694.5 466. 32
46.433 3 ACTUATORS 1040,1187,1936
46.498 3 ATTITUDE 0.194046 3.066263 0.793572
46.530 3 NAVIGATION 10 0 0. 0. 0. 0. 0 26 26 1 0 0
46.562 3 GPS 0 0 0 0 0 0 0 0 0 0 0
46.563 3 SVINFO 0 0 0 0 0 0 0
46.578 3 DESIRED -0.01 0. 1. 57. 37. 436. 5. 15.
46.608 3 IMU_ACCEL 1 7.624023 -1.530273 -8.764648
46.609 3 IMU_GYRO 1 0.155518 -1.459473 -0.080811
46.609 3 IMU_MAG 0 0. 0. 0.
46.610 3 ATTITUDE 0.195137 3.033155 0.682214
46.688 3 ATTITUDE 0.159767 2.968956 0.419888
46.768 3 DESIRED -0.01 -0. 1. 57. 37. 436. 5. 15.
46.816 3 GPS 0 0 0 0 0 0 0 0 0 0 0
46.824 3 SVINFO 0 0 0 0 0 0 0
46.825 3 ATTITUDE 0.126382 2.914561 0.097493
46.832 3 ESTIMATOR 356.871277 -0.164741
46.896 3 ATTITUDE 0.083349 2.891336 -0.204705
46.927 3 DL_VALUE 17 2.
46.927 3 WP_MOVED 6 641754.875 5474698.5 466. 32
46.976 3 DESIRED -0.01 -0.01 1. 57. 37. 436. 5. 15.
46.992 3 ATTITUDE 0.014865 2.906461 -0.402698
47.056 3 GPS 0 0 0 0 0 0 0 0 0 0 0
47.057 3 SVINFO 0 0 0 0 0 0 0
47.092 3 LINK_REPORT 3 -1 47 0 25707 1078 0 940. 39. 6 55.76
47.104 3 ATTITUDE -0.108281 2.962239 -0.488787
47.184 3 DESIRED -0.01 0.01 1. 57. 37. 436. 5. 15.
47.185 3 IMU_GYRO 1 -1.55835 0.359375 0.700439
47.200 3 ATTITUDE -0.288316 3.033162 -0.456849
47.232 3 AIRSPEED 0. 0. 0. 0.
47.312 3 GPS 0 0 0 0 0 0 0 0 0 0 0
47.343 3 SVINFO 0 0 0 0 0 0 0
47.344 3 ATTITUDE -0.432651 3.044145 -0.283745
47.344 3 ENERGY 0 12.17208 0. 0. 0. 0. 0.
47.345 3 CIRCLE 2.8 -28.299999 60.
47.345 3 ESTIMATOR 356.743896 -0.195759
47.375 3 PPRZ_MODE 1 3 3 2 0 21
47.391 3 DESIRED -0.01 0.03 1. 57. 37. 436. 5. 15.
47.392 3 IMU_ACCEL 1 -2.142578 5.368164 -8.328125
47.393 3 ATTITUDE -0.480808 2.989329 -0.066444
47.423 3 ALIVE 232,7,41,108,38,9,24,222,170,213,28,18,18,110,225,26
47.423 3 WP_MOVED 7 641788.1875 5474495. 446. 32
47.487 3 ATTITUDE -0.416041 3.013819 -0.040172
47.536 3 NAVIGATION 10 0 0. 0. 0. 0. 0 27 27 1 0 0
47.551 3 GPS 0 0 0 0 0 0 0 0 0 0 0
47.552 3 SVINFO 0 0 0 0 0 0 0
47.568 3 DESIRED -0.01 0.02 1. 57. 37. 436. 5. 15.
47.599 3 ATTITUDE -0.300855 3.069874 -0.226442
47.695 3 ATTITUDE -0.220881 3.084006 -0.46974
47.727 3 FBW_STATUS 0 45 1 12.17208 0.
47.776 3 DESIRED -0.01 0. 1. 57. 37. 436. 5. 15.
47.777 3 IMU_GYRO 1 0.465332 -2.025391 -0.433105
47.821 3 GPS 0 0 0 0 0 0 0 0 0 0 0
47.822 3 SVINFO 0 0 0 0 0 0 0
47.823 3 ATTITUDE -0.168788 3.083956 -0.68663
47.823 3 ESTIMATOR 356.535645 -0.238967
47.869 3 IMU_MAG 0 0. 0. 0.
47.901 3 ATTITUDE -0.110286 3.052152 -0.700996
47.932 3 WP_MOVED 8 641844.1875 5474504.5 446. 32
47.980 3 DESIRED -0.01 -0.01 1. 57. 37. 436. 5. 15.
47.997 3 ATTITUDE -0.047652 3.009755 -0.50946
48.061 3 GPS 0 0 0 0 0 0 0 0 0 0 0
48.062 3 SVINFO 0 0 0 0 0 0 0
48.062 3 CALIBRATION -5. 0
48.077 3 STATE_FILTER_STATUS 6 3 0
48.093 3 ATTITUDE -0.008368 2.995828 -0.160658
48.093 3 LINK_REPORT 3 -1 48 0 26686 1119 0 979. 41. 6 55.76
48.173 3 DESIRED -0.01 -0.02 1. 57. 37. 436. 5. 15.
48.189 3 IMU_ACCEL 1 2.532227 -0.160156 -7.138672
48.205 3 ATTITUDE 0.016664 3.009096 0.254075
48.221 3 AIRSPEED 0. 0. 0. 0.
48.317 3 GPS 0 0 0 0 0 0 0 0 0 0 0
48.318 3 SVINFO 0 0 0 0 0 0 0
48.319 3 ATTITUDE 0.069624 3.048124 0.614085
48.333 3 GPS_SOL 0 0 0 0
48.334 3 ESTIMATOR 356.617706 -0.138088
48.334 3 FBW_STATUS 0 45 1 12.17208 0.
48.393 3 DESIRED -0.01 -0. 1. 57. 37. 436. 5. 15.
48.394 3 IMU_GYRO 1 0.549316 2.253906 0.11499
48.395 3 CIRCLE 2.8 -28.299999 60.
48.395 3 ATTITUDE 0.16657 3.10702 0.852699
48.424 3 ENERGY 0 12.178265 0. 0. 0. 0. 0.
48.440 3 DL_VALUE 18 0.
48.440 3 WP_MOVED 9 641814.5 5474703. 476. 32
48.505 3 ATTITUDE 0.200363 3.100494 0.881352
48.537 3 NAVIGATION 10 0 0. 0. 0. 0. 0 28 28 1 0 0
48.553 3 GPS 0 0 0 0 0 0 0 0 0 0 0
48.554 3 SVINFO 0 0 0 0 0 0 0
48.569 3 DESIRED -0.01 0. 1. 57. 37. 436. 5. 15.
48.601 3 ATTITUDE 0.150683 3.032508 0.688898
48.697 3 ATTITUDE 0.08823 2.984474 0.386715
48.777 3 DESIRED -0.01 -0.01 1. 57. 37. 436. 5. 15.
48.809 3 GPS 0 0 0 0 0 0 0 0 0 0 0
48.825 3 SVINFO 0 0 0 0 0 0 0
48.826 3 ATTITUDE 0.023189 2.973412 0.085748
48.826 3 ESTIMATOR 356.58905 -0.109531
48.889 3 ATTITUDE -0.044026 2.987406 -0.121118
48.932 3 COMMANDS 0,762,2016
48.937 3 WP_MOVED 10 641786.375 5474701. 476. 32
48.995 3 DESIRED -0.01 -0.01 1. 57. 37. 436. 5. 15.
48.995 3 IMU_ACCEL 1 -0.47168 0.322266 -2.569336
48.995 3 IMU_GYRO 1 -0.516602 -0.623535 0.054443
48.995 3 ATTITUDE -0.097685 3.003047 -0.200049
49.059 3 GPS 0 0 0 0 0 0 0 0 0 0 0
49.060 3 SVINFO 0 0 0 0 0 0 0
49.091 3 ATTITUDE -0.135606 3.017454 -0.19713
49.093 3 LINK_REPORT 3 -1 49 0 27628 1158 0 942. 39. 6 55.76
49.172 3 DESIRED -0.01 -0. 1. 57. 37. 436. 5. 15.
49.187 3 IMU_MAG 0 0. 0. 0.
49.203 3 ATTITUDE -0.134062 3.023487 -0.093863
49.219 3 AIRSPEED 0. 0. 0. 0.
49.316 3 GPS 0 0 0 0 0 0 0 0 0 0 0
49.316 3 SVINFO 0 0 0 0 0 0 0
49.317 3 ATTITUDE -0.096933 3.038814 0.138169
49.331 3 ESTIMATOR 356.620819 -0.069028
49.380 3 DESIRED -0.01 -0.01 1. 57. 37. 436. 5. 15.
49.395 3 ATTITUDE -0.032693 3.067461 0.39052
49.427 3 CIRCLE 2.8 -28.299999 60.
49.427 3 WP_MOVED 11 641807.5 5474574.5 436. 32
49.491 3 ATTITUDE 0.040181 3.095675 0.537883
49.524 3 ENERGY 0 12.15971 0. 0. 0. 0. 0.
49.540 3 NAVIGATION 10 0 0. 0. 0. 0. 0 29 29 1 0 0
49.556 3 GPS 0 0 0 0 0 0 0 0 0 0 0
49.556 3 SVINFO 0 0 0 0 0 0 0
49.572 3 DESIRED -0.01 -0.01 1. 57. 37. 436. 5. 15.
49.587 3 IMU_GYRO 1 0.390137 0.122559 0.022949
49.603 3 ATTITUDE 0.092158 3.106257 0.566884
49.700 3 ATTITUDE 0.084999 3.099273 0.445788
49.732 3 FBW_STATUS 0 45 1 12.14734 0.
49.780 3 DESIRED -0.01 -0.01 1. 57. 37. 436. 5. 15.
49.781 3 IMU_ACCEL 1 4.591797 -0.392578 -11.595703
49.824 3 GPS 0 0 0 0 0 0 0 0 0 0 0
49.825 3 SVINFO 0 0 0 0 0 0 0
49.825 3 ATTITUDE 0.035503 3.087577 0.185886
49.825 3 ESTIMATOR 356.45929 -0.141904
49.887 3 ATTITUDE -0.028911 3.091297 -0.134648
49.935 3 DL_VALUE 19 0.
49.936 3 WP_MOVED 0 641794. 5474653. 436. 32
49.952 3 DATALINK_REPORT 4 6 0 936 0 0
49.983 3 DESIRED -0.01 -0.01 1. 57. 37. 436. 5. 15.
49.999 3 ATTITUDE -0.09675 3.110516 -0.387592
50.064 3 GPS 0 0 0 0 0 0 0 0 0 0 0
50.065 3 SVINFO 0 0 0 0 0 0 0
50.093 3 LINK_REPORT 3 -1 50 0 28514 1194 0 886. 36. 6 55.76
50.096 3 ATTITUDE -0.149925 3.130328 -0.520391
50.176 3 CALIBRATION -5. 0
50.192 3 DESIRED -0.01 -0. 1. 57. 37. 436. 5. 15.
50.193 3 IMU_GYRO 1 -0.101562 0.34668 -0.081299
50.194 3 ATTITUDE -0.159275 3.12291 -0.508563
50.224 3 AIRSPEED 0. 0. 0. 0.
50.288 3 STATE_FILTER_STATUS 6 3 0
50.320 3 GPS 0 0 0 0 0 0 0 0 0 0 0
50.322 3 SVINFO 0 0 0 0 0 0 0
50.322 3 ATTITUDE -0.125549 3.091908 -0.352106
50.336 3 GPS_SOL 0 0 0 0
50.337 3 ESTIMATOR 356.297302 -0.199837
50.337 3 FBW_STATUS 0 45 1 12.178265 0.
50.368 3 DESIRED -0.01 -0.01 1. 57. 37. 436. 5. 15.
50.400 3 ATTITUDE -0.07466 3.063051 -0.086977
50.432 3 WP_MOVED 1 641794. 5474653. 436. 32
50.432 3 COMMANDS 0,203,-198
50.480 3 IMU_MAG 0 0. 0. 0.
50.481 3 CIRCLE 2.8 -28.299999 60.
50.496 3 ATTITUDE -0.022223 3.050977 0.213306
50.529 3 NAVIGATION 10 0 0. 0. 0. 0. 0 30 30 1 0 0
50.560 3 GPS 0 0 0 0 0 0 0 0 0 0 0
50.561 3 SVINFO 0 0 0 0 0 0 0
50.576 3 DESIRED -0.01 -0.02 1. 57. 37. 436. 5. 15.
50.592 3 IMU_ACCEL 1 4.553711 -0.704102 -12.697266
50.608 3 ATTITUDE 0.034081 3.052551 0.449141
50.624 3 PONG 
50.625 3 ENERGY 0 12.17208 0. 0. 0. 0. 0.
50.704 3 ATTITUDE 0.073396 3.053363 0.548207
50.784 3 DESIRED -0.01 -0.01 1. 57. 37. 436. 5. 15.
50.785 3 IMU_GYRO 1 -0.05249 -1.059326 -0.13501
50.827 3 GPS 0 0 0 0 0 0 0 0 0 0 0
50.827 3 SVINFO 0 0 0 0 0 0 0
50.828 3 ATTITUDE 0.067317 3.035519 0.465364
50.828 3 ESTIMATOR 356.162567 -0.213777
50.906 3 ATTITUDE 0.040164 3.00969 0.232392
50.932 3 WP_MOVED 2 641796.8125 5474624.5 436. 32
50.970 3 DESIRED -0.01 -0.01 1. 57. 37. 436. 5. 15.
51.002 3 ATTITUDE 0.01475 2.989449 -0.058157
51.067 3 GPS 0 0 0 0 0 0 0 0 0 0 0
51.068 3 SVINFO 0 0 0 0 0 0 0
51.094 3 LINK_REPORT 3 -1 51 0 29476 1235 0 962. 41. 7 56.95
51.099 3 ATTITUDE -0.002935 2.978038 -0.297362
51.179 3 DESIRED -0.01 -0.02 1. 57. 37. 436. 5. 15.
51.195 3 ATTITUDE -0.019935 2.970354 -0.369871
51.226 3 AIRSPEED 0. 0. 0. 0.
51.307 3 GPS 0 0 0 0 0 0 0 0 0 0 0
51.308 3 SVINFO 0 0 0 0 0 0 0
51.323 3 ATTITUDE -0.026349 2.96966 -0.302235
51.323 3 ESTIMATOR 356.090942 -0.207594
51.398 3 DESIRED -0.01 -0.01 1. 57. 37. 436. 5. 15.
51.399 3 IMU_ACCEL 1 -2.818359 0.314453 -9.422852
51.399 3 IMU_GYRO 1 -0.071777 0.212891 -0.01416
51.399 3 ATTITUDE -0.031079 2.970651 -0.269071
51.445 3 NAVIGATION_REF 641794 5474653 32 356.
51.445 3 DL_VALUE 20 0.
51.446 3 WP_MOVED 3 641820. 5474501. 446. 32
51.446 3 ACTUATORS 1040,1632,1346
51.511 3 LOGGER_STATUS 1 0 0 PPRZ\pprzlog_0153.LOG,FLIGHT_RECORDER\fr_0161.LOG
51.511 3 ATTITUDE -0.044653 2.972923 -0.300365
51.542 3 CIRCLE 2.8 -28.299999 60.
51.543 3 NAVIGATION 10 0 0. 0. 0. 0. 0 31 31 1 0 0
51.558 3 GPS 0 0 0 0 0 0 0 0 0 0 0
51.559 3 SVINFO 0 0 0 0 0 0 0
51.574 3 DESIRED -0.01 -0.01 1. 57. 37. 436. 5. 15.
51.590 3 ATTITUDE -0.071688 2.985831 -0.29612
51.702 3 ATTITUDE -0.08589 3.01961 -0.225303
51.718 3 ENERGY 0 12.178265 0. 0. 0. 0. 0.
51.734 3 FBW_STATUS 0 45 1 12.178265 0.
51.782 3 DESIRED -0.01 -0.01 1. 57. 37. 436. 5. 15.
51.783 3 IMU_MAG 0 0. 0. 0.
51.827 3 GPS 0 0 0 0 0 0 0 0 0 0 0
51.828 3 SVINFO 0 0 0 0 0 0 0
51.828 3 ATTITUDE -0.118894 3.059435 -0.193226
51.829 3 ESTIMATOR 356.198883 -0.067089
51.891 3 ATTITUDE -0.15565 3.106051 -0.169753
51.935 3 WP_MOVED 4 641757.8125 5474491. 446. 32
51.987 3 DESIRED -0.01 -0. 1. 57. 37. 436. 5. 15.
51.987 3 IMU_GYRO 1 0.181641 0.637207 0.327393
52.003 3 ATTITUDE -0.147093 3.136113 -0.112574
52.051 3 GPS 0 0 0 0 0 0 0 0 0 0 0
52.067 3 SVINFO 0 0 0 0 0 0 0
52.095 3 LINK_REPORT 3 -1 52 0 30484 1275 0 1008. 40. 7 56.95
52.099 3 ATTITUDE -0.10464 -3.117221 -0.019095
52.180 3 DESIRED -0.01 -0.01 1. 57. 37. 436. 5. 15.
52.180 3 IMU_ACCEL 1 1.069336 0.489258 -10.212891
52.195 3 ATTITUDE -0.064686 -3.074705 0.106417
52.227 3 AIRSPEED 0. 0. 0. 0.
52.275 3 PPRZ_MODE 1 3 3 2 0 21
52.276 3 CALIBRATION -5. 0
52.308 3 GPS 0 0 0 0 0 0 0 0 0 0 0
52.308 3 SVINFO 0 0 0 0 0 0 0
52.323 3 ATTITUDE -0.029481 -3.043205 0.206653
52.339 3 GPS_SOL 0 0 0 0
52.340 3 ESTIMATOR 356.360535 0.036989
52.340 3 FBW_STATUS 0 45 1 12.178265 0.
52.371 3 DESIRED -0.01 -0.02 1. 57. 37. 436. 5. 15.
52.403 3 ATTITUDE 0.012894 -3.039932 0.226327
52.442 3 WP_MOVED 5 641729. 5474694.5 466. 32
52.483 3 STATE_FILTER_STATUS 6 3 0
52.499 3 ATTITUDE 0.045088 -3.084448 0.232031
52.516 3 ALIVE 232,7,41,108,38,9,24,222,170,213,28,18,18,110,225,26
52.551 3 NAVIGATION 10 0 0. 0. 0. 0. 0 32 32 1 0 0
52.563 3 GPS 0 0 0 0 0 0 0 0 0 0 0
52.564 3 SVINFO 0 0 0 0 0 0 0
52.580 3 DESIRED -0.01 -0.01 1. 57. 37. 436. 5. 15.
52.595 3 IMU_GYRO 1 0.240234 -0.056396 -0.608643
52.596 3 CIRCLE 2.8 -28.299999 60.
52.596 3 ATTITUDE 0.057747 3.137506 0.228603
52.691 3 ATTITUDE 0.066628 3.077746 0.175965
52.772 3 DESIRED -0.01 -0.01 1. 57. 37. 436. 5. 15.
52.804 3 GPS 0 0 0 0 0 0 0 0 0 0 0
52.820 3 SVINFO 0 0 0 0 0 0 0
52.820 3 ATTITUDE 0.068534 3.037075 0.156868
52.836 3 ENERGY 0 12.178265 0. 0. 0. 0. 0.
52.836 3 ESTIMATOR 356.391846 0.048652
52.899 3 ATTITUDE 0.06519 3.026484 0.194171
52.939 3 DL_VALUE 21 0.
52.940 3 WP_MOVED 6 641754.875 5474698.5 466. 32
52.979 3 DESIRED -0.01 -0.01 1. 57. 37. 436. 5. 15.
52.980 3 IMU_ACCEL 1 2.707031 -0.763672 -8.210938
52.995 3 ATTITUDE 0.074572 3.039089 0.191033
53.060 3 GPS 0 0 0 0 0 0 0 0 0 0 0
53.061 3 SVINFO 0 0 0 0 0 0 0
53.076 3 IMU_MAG 0 0. 0. 0.
53.092 3 ATTITUDE 0.067039 3.058392 0.150999
53.096 3 LINK_REPORT 3 -1 53 0 31495 1318 0 1011. 43. 7 56.95
53.188 3 DESIRED -0.01 -0.01 1. 57. 37. 436. 5. 15.
53.189 3 IMU_GYRO 1 -0.371826 -0.112061 0.277344
53.204 3 ATTITUDE 0.041026 3.087532 0.132805
53.236 3 AIRSPEED 0. 0. 0. 0.
53.328 3 GPS 0 0 0 0 0 0 0 0 0 0 0
53.329 3 SVINFO 0 0 0 0 0 0 0
53.330 3 ATTITUDE 0.018626 3.11372 0.142964
53.330 3 ESTIMATOR 356.11145 -0.124315
53.376 3 DESIRED -0.01 -0.02 1. 57. 37. 436. 5. 15.
53.392 3 ATTITUDE 0.009465 3.131355 0.186233
53.424 3 WP_MOVED 7 641788.1875 5474495. 446. 32
53.504 3 ATTITUDE -0.003947 3.14008 0.228658
53.536 3 NAVIGATION 10 0 0. 0. 0. 0. 0 33 33 1 0 0
53.552 3 GPS 0 0 0 0 0 0 0 0 0 0 0
53.553 3 SVINFO 0 0 0 0 0 0 0
53.568 3 DESIRED -0.01 -0.02 1. 57. 37. 436. 5. 15.
53.600 3 ATTITUDE -0.013175 3.138146 0.198338
53.632 3 CIRCLE 2.8 -28.299999 60.
53.696 3 ATTITUDE -0.02187 3.12875 0.112293
53.728 3 FBW_STATUS 0 45 1 12.178265 0.
53.792 3 DESIRED -0.01 -0.01 1. 57. 37. 436. 5. 15.
53.793 3 IMU_ACCEL 1 -0.217773 -0.270508 -10.385742
53.794 3 IMU_GYRO 1 -0.028564 -0.244629 -0.012207
53.808 3 GPS 0 0 0 0 0 0 0 0 0 0 0
53.809 3 SVINFO 0 0 0 0 0 0 0
53.824 3 ATTITUDE -0.032511 3.128214 0.062733
53.825 3 ESTIMATOR 355.527893 -0.396394
53.904 3 ATTITUDE -0.02857 3.116386 0.066139
53.920 3 ENERGY 0 12.178265 0. 0. 0. 0. 0.
53.940 3 COMMANDS 0,191,-1042
53.941 3 WP_MOVED 8 641844.1875 5474504.5 446. 32
53.984 3 DESIRED -0.01 -0.01 1. 57. 37. 436. 5. 15.
54.000 3 ATTITUDE -0.029474 3.107011 0.057216
54.065 3 GPS 0 0 0 0 0 0 0 0 0 0 0
54.065 3 SVINFO 0 0 0 0 0 0 0
54.096 3 LINK_REPORT 3 -1 54 0 32364 1353 0 869. 35. 7 56.95
54.097 3 ATTITUDE -0.029568 3.10499 0.053848
54.177 3 DESIRED -0.01 -0.01 1. 57. 37. 436. 5. 15.
54.193 3 ATTITUDE -0.029861 3.105798 0.053963
54.225 3 AIRSPEED 0. 0. 0. 0.
54.305 3 GPS 0 0 0 0 0 0 0 0 0 0 0
54.321 3 SVINFO 0 0 0 0 0 0 0
54.322 3 ATTITUDE -0.02999 3.106096 0.053592
54.337 3 GPS_SOL 0 0 0 0
54.337 3 ESTIMATOR 355.296082 -0.440511
54.338 3 FBW_STATUS 0 45 1 12.178265 0.
54.395 3 CALIBRATION -5. 0
54.396 3 DESIRED -0.01 -0.01 1. 57. 37. 436. 5. 15.
54.397 3 IMU_GYRO 1 -0.023193 0.020508 -0.024414
54.397 3 IMU_MAG 0 0. 0. 0.
54.398 3 ATTITUDE -0.030075 3.106288 0.053271
54.442 3 DL_VALUE 22 0.
54.442 3 WP_MOVED 9 641814.5 5474703. 476. 32
54.507 3 ATTITUDE -0.030144 3.106475 0.052971
54.539 3 NAVIGATION 10 0 0. 0. 0. 0. 0 34 34 1 0 0
54.555 3 GPS 0 0 0 0 0 0 0 0 0 0 0
54.556 3 SVINFO 0 0 0 0 0 0 0
54.587 3 DESIRED -0.01 -0.01 1. 57. 37. 436. 5. 15.
54.588 3 IMU_ACCEL 1 0.391602 0.345703 -9.624023
54.603 3 ATTITUDE -0.030184 3.106703 0.052715
54.683 3 CIRCLE 2.8 -28.299999 60.
54.699 3 STATE_FILTER_STATUS 6 3 0
54.715 3 ATTITUDE -0.030224 3.106918 0.052437
54.779 3 DESIRED -0.01 -0.01 1. 57. 37. 436. 5. 15.
54.824 3 GPS 0 0 0 0 0 0 0 0 0 0 0
54.826 3 SVINFO 0 0 0 0 0 0 0
54.826 3 ATTITUDE -0.030311 3.107178 0.052138
54.826 3 ESTIMATOR 355.176178 -0.360364
54.920 3 ATTITUDE -0.030381 3.107388 0.051821
54.939 3 WP_MOVED 10 641786.375 5474701. 476. 32
54.984 3 DESIRED -0.01 -0.01 1. 57. 37. 436. 5. 15.
54.984 3 IMU_GYRO 1 -0.022705 0.019287 -0.025391
54.999 3 ATTITUDE -0.030425 3.10757 0.051528
55.016 3 ENERGY 0 12.178265 0. 0. 0. 0. 0.
55.074 3 DATALINK_REPORT 4 7 0 60592 0 0
55.082 3 GPS 0 0 0 0 0 0 0 0 0 0 0
55.083 3 SVINFO 0 0 0 0 0 0 0
55.090 3 ATTITUDE -0.030503 3.107766 0.05123
55.097 3 LINK_REPORT 3 -1 55 0 33355 1395 0 991. 42. 7 56.95
55.170 3 DESIRED -0.01 -0.01 1. 57. 37. 436. 5. 15.
55.202 3 ATTITUDE -0.03055 3.107954 0.050916
55.234 3 AIRSPEED 0. 0. 0. 0.
55.314 3 GPS 0 0 0 0 0 0 0 0 0 0 0
55.316 3 SVINFO 0 0 0 0 0 0 0
55.316 3 ATTITUDE -0.030651 3.108133 0.050673
55.330 3 ESTIMATOR 355.262909 -0.228664
55.378 3 DESIRED -0.01 -0.01 1. 57. 37. 436. 5. 15.
55.379 3 IMU_ACCEL 1 0.396484 0.352539 -9.640625
55.394 3 ATTITUDE -0.030699 3.108347 0.050395
55.434 3 WP_MOVED 11 641807.5 5474574.5 436. 32
55.442 3 COMMANDS 0,212,-896
55.442 3 AUTOPILOT_VERSION 60400 v6.4.0_stable
55.506 3 ATTITUDE -0.030746 3.108574 0.050109
55.539 3 NAVIGATION 10 0 0. 0. 0. 0. 0 35 35 1 0 0
55.555 3 GPS 0 0 0 0 0 0 0 0 0 0 0
55.555 3 SVINFO 0 0 0 0 0 0 0
55.587 3 DESIRED -0.01 -0.01 1. 57. 37. 436. 5. 15.
55.588 3 IMU_GYRO 1 -0.023193 0.018799 -0.025391
55.603 3 ATTITUDE -0.030768 3.108781 0.049827
55.618 3 PONG 
55.682 3 IMU_MAG 0 0. 0. 0.
55.698 3 ATTITUDE -0.030827 3.108986 0.049567
55.730 3 FBW_STATUS 0 45 1 12.17208 0.
55.731 3 CIRCLE 2.8 -28.299999 60.
55.779 3 DESIRED -0.01 -0.01 1. 57. 37. 436. 5. 15.
55.824 3 GPS 0 0 0 0 0 0 0 0 0 0 0
55.824 3 SVINFO 0 0 0 0 0 0 0
55.825 3 ATTITUDE -0.030945 3.109216 0.049326
55.825 3 ESTIMATOR 355.221283 -0.164508
55.903 3 ATTITUDE -0.030982 3.109412 0.049071
55.944 3 DL_VALUE 23 0.
55.945 3 WP_MOVED 0 641794. 5474653. 436. 32
55.983 3 DESIRED -0.01 -0.01 1. 57. 37. 436. 5. 15.
55.999 3 ATTITUDE -0.031058 3.109613 0.048826
56.064 3 GPS 0 0 0 0 0 0 0 0 0 0 0
56.064 3 SVINFO 0 0 0 0 0 0 0
56.098 3 LINK_REPORT 3 -1 56 0 34238 1432 0 883. 37. 8 50.63
56.112 3 ATTITUDE -0.0311 3.109834 0.048551
56.128 3 ENERGY 0 12.14734 0. 0. 0. 0. 0.
56.205 3 DESIRED -0.01 -0.01 1. 57. 37. 436. 5. 15.
56.206 3 IMU_ACCEL 1 0.396484 0.365234 -9.638672
56.206 3 IMU_GYRO 1 -0.023193 0.020508 -0.024902
56.206 3 ATTITUDE -0.031171 3.110049 0.048314
56.237 3 AIRSPEED 0. 0. 0. 0.
56.317 3 GPS 0 0 0 0 0 0 0 0 0 0 0
56.318 3 SVINFO 0 0 0 0 0 0 0
56.318 3 ATTITUDE -0.031236 3.110275 0.048049
56.333 3 GPS_SOL 0 0 0 0
56.333 3 ESTIMATOR 355.184265 -0.149657
56.334 3 FBW_STATUS 0 45 1 12.14734 0.
56.381 3 DESIRED -0.01 -0.01 1. 57. 37. 436. 5. 15.
56.397 3 ATTITUDE -0.031279 3.110497 0.047828
56.436 3 WP_MOVED 1 641794. 5474653. 436. 32
56.436 3 ACTUATORS 1040,1459,1525
56.460 3 CALIBRATION -5. 0
56.493 3 ATTITUDE -0.031323 3.110723 0.047587
56.541 3 NAVIGATION 10 0 0. 0. 0. 0. 0 36 36 1 0 0
56.557 3 GPS 0 0 0 0 0 0 0 0 0 0 0
56.558 3 SVINFO 0 0 0 0 0 0 0
56.613 3 DESIRED -0.01 -0.01 1. 57. 37. 436. 5. 15.
56.615 3 LOGGER_STATUS 1 0 40960 PPRZ\pprzlog_0153.LOG,FLIGHT_RECORDER\fr_0161.LOG
56.616 3 ATTITUDE -0.031547 3.110947 0.047164
56.693 3 ATTITUDE -0.032266 3.111862 0.045794
56.799 3 DESIRED -0.01 -0.01 1. 57. 37. 436. 5. 15.
56.802 3 IMU_GYRO 1 -0.025391 0.015137 -0.037598
56.802 3 CIRCLE 2.8 -28.299999 60.
56.825 3 GPS 0 0 0 0 0 0 0 0 0 0 0
56.827 3 SVINFO 0 0 0 0 0 0 0
56.827 3 ATTITUDE -0.032042 3.110281 0.045303
56.827 3 ESTIMATOR 355.057281 -0.165888
56.889 3 STATE_FILTER_STATUS 6 3 0
56.905 3 ATTITUDE -0.032432 3.111468 0.045733
56.921 3 WP_MOVED 2 641796.8125 5474624.5 436. 32
56.996 3 DESIRED -0.01 -0.01 1. 57. 37. 436. 5. 15.
56.997 3 IMU_ACCEL 1 0.240234 0.635742 -9.55957
56.997 3 IMU_MAG 0 0. 0. 0.
56.997 3 ATTITUDE -0.032731 3.112151 0.045012
57.061 3 GPS 0 0 0 0 0 0 0 0 0 0 0
57.061 3 SVINFO 0 0 0 0 0 0 0
57.092 3 ATTITUDE -0.031732 3.111598 0.04558
57.098 3 LINK_REPORT 3 -1 57 0 35297 1475 0 1059. 43. 8 50.63
58.100 3 LINK_REPORT 3 -1 58 0 35297 1475 0 0. 0. 8 50.63
59.101 3 LINK_REPORT 3 -1 59 1 35297 1475 0 0. 0. 8 50.63
60.103 3 LINK_REPORT 3 -1 60 2 35297 1475 0 0. 0. 8 50.63
61.103 3 LINK_REPORT 3 -1 61 3 35297 1475 0 0. 0. 9 -4950.44
62.105 3 LINK_REPORT 3 -1 62 4 35297 1475 0 0. 0. 9 -4950.44
63.106 3 LINK_REPORT 3 -1 63 5 35297 1475 0 0. 0. 9 -4950.44
64.107 3 LINK_REPORT 3 -1 64 6 35297 1475 0 0. 0. 9 -4950.44
65.108 3 LINK_REPORT 3 -1 65 7 35297 1475 0 0. 0. 9 -4950.44
66.109 3 LINK_REPORT 3 -1 66 8 35297 1475 0 0. 0. 9 -9951.44
