5.181 3 LINK_REPORT 3 -1 5 0 4782 200 0 946. 39. 0 0.
5.194 3 ATTITUDE 0. 0. 0.
5.226 3 ENERGY 0 11.39277 0. 0. 0. 0. 0.
5.242 3 NAVIGATION 9 0 0. 0. 0. 0. 0 7 7 1 0 0
5.258 3 GPS 0 0 0 0 0 0 0 0 0 0 0
5.258 3 SVINFO 0 0 0 0 0 0 0
5.274 3 DESIRED 0.36 0.35 0.8 60. 60. 2595. 5. 15.
5.306 3 ATTITUDE 0. 0. 0.
5.402 3 ATTITUDE 0. 0. 0.
5.434 3 FBW_STATUS 2 0 1 11.398955 0.
5.483 3 PPRZ_MODE 2 3 3 2 0 4
5.483 3 DESIRED 0.36 0.35 0.8 60. 60. 2595. 5. 15.
5.526 3 GPS 0 0 0 0 0 0 0 0 0 0 0
5.527 3 SVINFO 0 0 0 0 0 0 0
5.528 3 ATTITUDE 0. 0. 0.
5.528 3 ESTIMATOR 0. 0.
5.541 3 PONG 
5.606 3 ATTITUDE 0. 0. 0.
5.638 3 WP_MOVED 1 649123. 5253077. 2595. 32
5.686 3 DESIRED 0.36 0.35 0.8 60. 60. 2595. 5. 15.
5.692 3 IMU_GYRO 1 -0.0271 0.024658 -0.033447
5.702 3 ATTITUDE 0. 0. 0.
5.765 3 GPS 0 0 0 0 0 0 0 0 0 0 0
5.766 3 SVINFO 0 0 0 0 0 0 0
5.798 3 ATTITUDE 0. 0. 0.
5.878 3 DESIRED 0.36 0.35 0.8 60. 60. 2595. 5. 15.
5.879 3 IMU_ACCEL 1 1.330078 -0.138672 -9.506836
5.894 3 ATTITUDE 0. 0. 0.
5.926 3 AIRSPEED 0. 0. 0. 0.
5.990 3 STATE_FILTER_STATUS 6 5 0
5.999 3 LINK_REPORT 3 -1 6 0 5724 240 0 942. 40. 1 45.99
6.006 3 GPS 0 0 0 0 0 0 0 0 0 0 0
6.022 3 SVINFO 0 0 0 0 0 0 0
6.023 3 ATTITUDE 0. 0. 0.
6.038 3 GPS_SOL 0 0 0 0
6.039 3 ESTIMATOR 0. 0.
6.039 3 FBW_STATUS 2 0 1 11.386585 0.
6.070 3 DESIRED 0.36 0.35 0.8 60. 60. 2595. 5. 15.
6.086 3 IMU_MAG 0 0. 0. 0.
6.102 3 ATTITUDE 0. 0. 0.
6.134 3 CIRCLE 0. 0. -60.
6.135 3 WP_MOVED 2 649046.125 5253124. 2595. 32
6.198 3 ATTITUDE 0. 0. 0.
6.230 3 NAVIGATION 9 0 0. 0. 0. 0. 0 8 8 1 0 0
6.263 3 GPS 0 0 0 0 0 0 0 0 0 0 0
6.264 3 SVINFO 0 0 0 0 0 0 0
6.279 3 DESIRED 0.36 0.35 0.8 60. 60. 2595. 5. 15.
6.294 3 IMU_GYRO 1 -0.025879 0.023682 -0.033447
6.295 3 ATTITUDE 0. 0. 0.
6.327 3 DEBUG 0,0,0,0,0,0,0,0,0,0,0,0,0,0,0,0,0,0,0
6.342 3 UBLOX_INFO 38400 0 0 0 0 7 0
6.343 3 ENERGY 0 11.386585 0. 0. 0. 0. 0.
6.406 3 ATTITUDE 0. 0. 0.
6.471 3 DESIRED 0.36 0.35 0.8 60. 60. 2595. 5. 15.
6.519 3 GPS 0 0 0 0 0 0 0 0 0 0 0
6.519 3 SVINFO 0 0 0 0 0 0 0
6.520 3 ATTITUDE 0. 0. 0.
6.534 3 ESTIMATOR 0. 0.
6.598 3 ATTITUDE 0. 0. 0.
6.630 3 COMMANDS 0,3193,4886
6.631 3 DL_VALUE 5 1.
6.646 3 WP_MOVED 0 649123. 5253077. 2595. 32
6.679 3 DESIRED 0.36 0.35 0.8 60. 60. 2595. 5. 15.
6.679 3 IMU_ACCEL 1 1.318359 -0.160156 -9.487305
6.694 3 ATTITUDE 0. 0. 0.
6.759 3 GPS 0 0 0 0 0 0 0 0 0 0 0
6.760 3 SVINFO 0 0 0 0 0 0 0
6.807 3 ATTITUDE 0. 0. 0.
6.897 3 CALIBRATION 0.1 0
6.898 3 DESIRED 0.36 0.35 0.8 60. 60. 2595. 5. 15.
6.899 3 IMU_GYRO 1 -0.026367 0.02417 -0.032959
6.899 3 ATTITUDE 0. 0. 0.
6.929 3 AIRSPEED 0. 0. 0. 0.
7.000 3 LINK_REPORT 3 -1 7 0 6727 282 0 1003. 42. 1 45.99
7.024 3 GPS 0 0 0 0 0 0 0 0 0 0 0
7.030 3 SVINFO 0 0 0 0 0 0 0
7.030 3 ATTITUDE 0. 0. 0.
7.030 3 ESTIMATOR 0. 0.
7.072 3 DESIRED 0.36 0.35 0.8 60. 60. 2595. 5. 15.
7.104 3 ATTITUDE 0. 0. 0.
7.136 3 WP_MOVED 1 649123. 5253077. 2595. 32
7.184 3 CIRCLE 0. 0. -60.
7.199 3 ATTITUDE 0. 0. 0.
7.232 3 NAVIGATION 9 0 0. 0. 0. 0. 0 9 9 1 0 0
7.264 3 GPS 0 0 0 0 0 0 0 0 0 0 0
7.265 3 SVINFO 0 0 0 0 0 0 0
7.280 3 DESIRED 0.36 0.35 0.8 60. 60. 2595. 5. 15.
7.312 3 DATALINK_REPORT 2 1 0 943 0 0
7.313 3 ATTITUDE 0. 0. 0.
7.376 3 IMU_MAG 0 0. 0. 0.
7.392 3 ATTITUDE 0. 0. 0.
7.424 3 ENERGY 0 11.398955 0. 0. 0. 0. 0.
7.440 3 FBW_STATUS 2 0 1 11.398955 0.
7.498 3 DESIRED 0.36 0.35 0.8 60. 60. 2595. 5. 15.
7.499 3 IMU_ACCEL 1 1.308594 -0.169922 -9.495117
7.500 3 IMU_GYRO 1 -0.026367 0.02417 -0.033447
7.524 3 GPS 0 0 0 0 0 0 0 0 0 0 0
7.525 3 SVINFO 0 0 0 0 0 0 0
7.526 3 ATTITUDE 0. 0. 0.
7.526 3 ESTIMATOR 0. 0.
7.605 3 ATTITUDE 0. 0. 0.
7.636 3 WP_MOVED 2 649046.125 5253124. 2595. 32
7.688 3 DESIRED 0.36 0.35 0.8 60. 60. 2595. 5. 15.
7.700 3 ATTITUDE 0. 0. 0.
7.764 3 GPS 0 0 0 0 0 0 0 0 0 0 0
7.765 3 SVINFO 0 0 0 0 0 0 0
7.796 3 ATTITUDE 0. 0. 0.
7.877 3 DESIRED 0.36 0.35 0.8 60. 60. 2595. 5. 15.
7.892 3 ATTITUDE 0. 0. 0.
7.924 3 AIRSPEED 0. 0. 0. 0.
8.001 3 LINK_REPORT 3 -1 8 0 7620 318 0 893. 36. 1 45.99
8.021 3 GPS 0 0 0 0 0 0 0 0 0 0 0
8.022 3 SVINFO 0 0 0 0 0 0 0
8.022 3 ATTITUDE 0. 0. 0.
8.037 3 GPS_SOL 0 0 0 0
8.037 3 ESTIMATOR 0. 0.
8.037 3 FBW_STATUS 2 0 1 11.386585 0.
8.085 3 DESIRED 0.36 0.35 0.8 60. 60. 2595. 5. 15.
8.086 3 IMU_GYRO 1 -0.0271 0.023682 -0.033936
8.101 3 ATTITUDE 0. 0. 0.
8.132 3 DL_VALUE 6 0.
8.133 3 WP_MOVED 0 649123. 5253077. 2595. 32
8.149 3 COMMANDS 0,3193,4886
8.181 3 STATE_FILTER_STATUS 6 5 0
8.196 3 ATTITUDE 0. 0. 0.
8.228 3 CIRCLE 0. 0. -60.
8.245 3 NAVIGATION 9 0 0. 0. 0. 0. 0 10 10 1 0 0
8.261 3 GPS 0 0 0 0 0 0 0 0 0 0 0
8.261 3 SVINFO 0 0 0 0 0 0 0
8.277 3 DESIRED 0.36 0.35 0.8 60. 60. 2595. 5. 15.
8.293 3 IMU_ACCEL 1 1.310547 -0.155273 -9.523438
8.293 3 ATTITUDE 0. 0. 0.
8.405 3 ATTITUDE 0. 0. 0.
8.469 3 DESIRED 0.36 0.35 0.8 60. 60. 2595. 5. 15.
8.517 3 GPS 0 0 0 0 0 0 0 0 0 0 0
8.518 3 SVINFO 0 0 0 0 0 0 0
8.518 3 ATTITUDE 0. 0. 0.
8.533 3 ENERGY 0 11.39277 0. 0. 0. 0. 0.
8.534 3 ESTIMATOR 0. 0.
8.597 3 ATTITUDE 0. 0. 0.
8.628 3 WP_MOVED 1 649123. 5253077. 2595. 32
8.706 3 DESIRED 0.36 0.35 0.8 60. 60. 2595. 5. 15.
8.707 3 IMU_GYRO 1 -0.025391 0.022949 -0.032959
8.708 3 IMU_MAG 0 0. 0. 0.
8.708 3 ATTITUDE 0. 0. 0.
8.754 3 GPS 0 0 0 0 0 0 0 0 0 0 0
8.755 3 SVINFO 0 0 0 0 0 0 0
8.802 3 ATTITUDE 0. 0. 0.
8.834 3 LOGGER_STATUS 0 0 0 none
8.882 3 DESIRED 0.36 0.35 0.8 60. 60. 2595. 5. 15.
8.898 3 ATTITUDE 0. 0. 0.
8.930 3 AIRSPEED 0. 0. 0. 0.
8.962 3 CALIBRATION 0.1 0
9.002 3 LINK_REPORT 3 -1 9 0 8606 360 0 986. 42. 1 45.99
9.010 3 GPS 0 0 0 0 0 0 0 0 0 0 0
9.011 3 SVINFO 0 0 0 0 0 0 0
9.026 3 ATTITUDE 0. 0. 0.
9.027 3 ESTIMATOR 0. 0.
9.090 3 DESIRED 0.36 0.35 0.8 60. 60. 2595. 5. 15.
9.091 3 IMU_ACCEL 1 1.328125 -0.174805 -9.49707
9.106 3 ATTITUDE 0. 0. 0.
9.138 3 WP_MOVED 2 649046.125 5253124. 2595. 32
9.139 3 ACTUATORS 1040,1566,1185
9.202 3 ATTITUDE 0. 0. 0.
9.234 3 NAVIGATION 9 0 0. 0. 0. 0. 0 11 11 1 0 0
9.266 3 GPS 0 0 0 0 0 0 0 0 0 0 0
9.267 3 SVINFO 0 0 0 0 0 0 0
9.283 3 DESIRED 0.36 0.35 0.8 60. 60. 2595. 5. 15.
9.298 3 IMU_GYRO 1 -0.025879 0.023682 -0.033447
9.299 3 CIRCLE 0. 0. -60.
9.300 3 ATTITUDE 0. 0. 0.
9.394 3 ATTITUDE 0. 0. 0.
9.426 3 FBW_STATUS 2 0 1 11.39277 0.
9.475 3 DESIRED 0.36 0.35 0.8 60. 60. 2595. 5. 15.
9.507 3 GPS 0 0 0 0 0 0 0 0 0 0 0
9.523 3 SVINFO 0 0 0 0 0 0 0
9.523 3 ATTITUDE 0. 0. 0.
9.524 3 ESTIMATOR 0. 0.
9.602 3 ATTITUDE 0. 0. 0.
9.618 3 ENERGY 0 11.39277 0. 0. 0. 0. 0.
9.634 3 DL_VALUE 7 0.
9.634 3 WP_MOVED 0 649123. 5253077. 2595. 32
9.683 3 DESIRED 0.36 0.35 0.8 60. 60. 2595. 5. 15.
9.698 3 ATTITUDE 0. 0. 0.
9.763 3 GPS 0 0 0 0 0 0 0 0 0 0 0
9.764 3 SVINFO 0 0 0 0 0 0 0
9.795 3 ATTITUDE 0. 0. 0.
9.859 3 ALIVE 84,40,203,148,163,75,145,8,131,16,68,252,130,76,54,118
9.905 3 DESIRED 0.36 0.35 0.8 60. 60. 2595. 5. 15.
9.906 3 IMU_ACCEL 1 1.325195 -0.196289 -9.523438
9.906 3 IMU_GYRO 1 -0.025391 0.023682 -0.033936
9.906 3 ATTITUDE 0. 0. 0.
9.937 3 AIRSPEED 0. 0. 0. 0.
9.985 3 IMU_MAG 0 0. 0. 0.
10.002 3 LINK_REPORT 3 -1 10 0 9575 400 0 969. 40. 1 45.99
10.027 3 GPS 0 0 0 0 0 0 0 0 0 0 0
10.028 3 SVINFO 0 0 0 0 0 0 0
10.028 3 ATTITUDE 0. 0. 0.
10.043 3 GPS_SOL 0 0 0 0
10.043 3 ESTIMATOR 0. 0.
10.044 3 FBW_STATUS 2 0 1 11.39277 0.
10.075 3 DESIRED 0.36 0.35 0.8 60. 60. 2595. 5. 15.
10.107 3 ATTITUDE 0. 0. 0.
10.123 3 WP_MOVED 1 649123. 5253077. 2595. 32
10.202 3 ATTITUDE 0. 0. 0.
10.235 3 NAVIGATION 9 0 0. 0. 0. 0. 0 12 12 1 0 0
10.267 3 GPS 0 0 0 0 0 0 0 0 0 0 0
10.268 3 SVINFO 0 0 0 0 0 0 0
10.283 3 DESIRED 0.36 0.35 0.8 60. 60. 2595. 5. 15.
10.299 3 ATTITUDE 0. 0. 0.
10.331 3 CIRCLE 0. 0. -60.
10.363 3 PPRZ_MODE 2 3 3 2 0 4
10.379 3 STATE_FILTER_STATUS 6 5 0
10.411 3 ATTITUDE 0. 0. 0.
10.475 3 DESIRED 0.36 0.35 0.8 60. 60. 2595. 5. 15.
10.491 3 IMU_GYRO 1 -0.026367 0.022949 -0.033447
10.507 3 GPS 0 0 0 0 0 0 0 0 0 0 0
10.523 3 SVINFO 0 0 0 0 0 0 0
10.524 3 ATTITUDE 0. 0. 0.
10.539 3 ESTIMATOR 0. 0.
10.539 3 PONG 
10.603 3 ATTITUDE 0. 0. 0.
10.635 3 WP_MOVED 2 649046.125 5253124. 2595. 32
10.684 3 DESIRED 0.36 0.35 0.8 60. 60. 2595. 5. 15.
10.685 3 IMU_ACCEL 1 1.330078 -0.176758 -9.538086
10.698 3 ATTITUDE 0. 0. 0.
10.731 3 ENERGY 0 11.374215 0. 0. 0. 0. 0.
10.763 3 GPS 0 0 0 0 0 0 0 0 0 0 0
10.764 3 SVINFO 0 0 0 0 0 0 0
10.795 3 ATTITUDE 0. 0. 0.
10.876 3 DESIRED 0.36 0.35 0.8 60. 60. 2595. 5. 15.
10.907 3 ATTITUDE 0. 0. 0.
10.923 3 AIRSPEED 0. 0. 0. 0.
10.955 3 AUTOPILOT_VERSION 60400 v6.4.0_stable
11.003 3 LINK_REPORT 3 -1 11 0 10507 439 0 932. 39. 2 42.76
11.035 3 GPS 0 0 0 0 0 0 0 0 0 0 0
11.036 3 SVINFO 0 0 0 0 0 0 0
11.036 3 ATTITUDE 0. 0. 0.
11.037 3 ESTIMATOR 0. 0.
11.095 3 CALIBRATION 0.1 0
11.096 3 DESIRED 0.36 0.35 0.8 60. 60. 2595. 5. 15.
11.097 3 IMU_GYRO 1 -0.025391 0.022949 -0.031738
11.097 3 ATTITUDE 0. 0. 0.
11.143 3 NAVIGATION_REF 649123 5253077 32 2575.
11.144 3 DL_VALUE 8 2.
11.144 3 WP_MOVED 0 649123. 5253077. 2595. 32
11.207 3 ATTITUDE 0. 0. 0.
11.240 3 NAVIGATION 9 0 0. 0. 0. 0. 0 13 13 1 0 0
11.256 3 GPS 0 0 0 0 0 0 0 0 0 0 0
11.257 3 SVINFO 0 0 0 0 0 0 0
11.288 3 DESIRED 0.36 0.35 0.8 60. 60. 2595. 5. 15.
11.289 3 IMU_MAG 0 0. 0. 0.
11.304 3 ATTITUDE 0. 0. 0.
11.384 3 CIRCLE 0. 0. -60.
11.399 3 ATTITUDE 0. 0. 0.
11.432 3 FBW_STATUS 2 0 1 11.39277 0.
11.480 3 DESIRED 0.36 0.35 0.8 60. 60. 2595. 5. 15.
11.481 3 IMU_ACCEL 1 1.320312 -0.157227 -9.485352
11.526 3 GPS 0 0 0 0 0 0 0 0 0 0 0
11.527 3 SVINFO 0 0 0 0 0 0 0
11.528 3 ATTITUDE 0. 0. 0.
11.528 3 ESTIMATOR 0. 0.
11.606 3 ATTITUDE 0. 0. 0.
11.639 3 COMMANDS 0,3193,4886
11.639 3 WP_MOVED 1 649123. 5253077. 2595. 32
11.685 3 DESIRED 0.36 0.35 0.8 60. 60. 2595. 5. 15.
11.686 3 IMU_GYRO 1 -0.025391 0.022949 -0.031738
11.701 3 ATTITUDE 0. 0. 0.
11.766 3 GPS 0 0 0 0 0 0 0 0 0 0 0
11.767 3 SVINFO 0 0 0 0 0 0 0
11.798 3 ATTITUDE 0. 0. 0.
11.830 3 ENERGY 0 11.398955 0. 0. 0. 0. 0.
11.878 3 DESIRED 0.36 0.35 0.8 60. 60. 2595. 5. 15.
11.894 3 ATTITUDE 0. 0. 0.
11.926 3 AIRSPEED 0. 0. 0. 0.
12.003 3 LINK_REPORT 3 -1 12 0 11464 479 0 957. 40. 2 42.76
12.006 3 GPS 0 0 0 0 0 0 0 0 0 0 0
12.022 3 SVINFO 0 0 0 0 0 0 0
12.023 3 ATTITUDE 0. 0. 0.
12.038 3 GPS_SOL 0 0 0 0
12.039 3 ESTIMATOR 0. 0.
12.039 3 FBW_STATUS 2 0 1 11.398955 0.
12.070 3 DESIRED 0.36 0.35 0.8 60. 60. 2595. 5. 15.
12.102 3 ATTITUDE 0. 0. 0.
12.134 3 WP_MOVED 2 649046.125 5253124. 2595. 32
12.197 3 ATTITUDE 0. 0. 0.
12.230 3 NAVIGATION 9 0 0. 0. 0. 0. 0 14 14 1 0 0
12.262 3 GPS 0 0 0 0 0 0 0 0 0 0 0
12.263 3 SVINFO 0 0 0 0 0 0 0
12.278 3 DESIRED 0.36 0.35 0.8 60. 60. 2595. 5. 15.
12.294 3 IMU_ACCEL 1 1.34668 -0.155273 -9.540039
12.295 3 IMU_GYRO 1 -0.025879 0.02417 -0.032959
12.296 3 ATTITUDE 0. 0. 0.
12.391 3 DATALINK_REPORT 2 2 0 946 0 0
12.406 3 ATTITUDE 0. 0. 0.
12.422 3 CIRCLE 0. 0. -60.
12.471 3 DESIRED 0.36 0.35 0.8 60. 60. 2595. 5. 15.
12.519 3 GPS 0 0 0 0 0 0 0 0 0 0 0
12.520 3 SVINFO 0 0 0 0 0 0 0
12.521 3 ATTITUDE 0. 0. 0.
12.534 3 ESTIMATOR 0. 0.
12.582 3 IMU_MAG 0 0. 0. 0.
12.598 3 STATE_FILTER_STATUS 6 5 0
12.599 3 ATTITUDE 0. 0. 0.
12.630 3 DL_VALUE 9 0.
12.631 3 WP_MOVED 0 649123. 5253077. 2595. 32
12.678 3 DESIRED 0.36 -0.35 0.8 60. 60. 2595. 5. 15.
12.697 3 ATTITUDE 0. 0. 0.
12.758 3 GPS 0 0 0 0 0 0 0 0 0 0 0
12.759 3 SVINFO 0 0 0 0 0 0 0
12.806 3 ATTITUDE 0. 0. 0.
12.887 3 DESIRED 0.36 -0.35 0.8 60. 60. 2595. 5. 15.
12.888 3 IMU_GYRO 1 -0.025879 0.024658 -0.033936
12.902 3 ATTITUDE 0. 0. 0.
12.919 3 ENERGY 0 11.39277 0. 0. 0. 0. 0.
12.935 3 AIRSPEED 0. 0. 0. 0.
13.004 3 LINK_REPORT 3 -1 13 0 12422 519 0 958. 40. 2 42.76
13.025 3 GPS 0 0 0 0 0 0 0 0 0 0 0
13.026 3 SVINFO 0 0 0 0 0 0 0
13.026 3 ATTITUDE 0. 0. 0.
13.027 3 ESTIMATOR 1306.934814 997.600464
13.089 3 DESIRED 0.36 -0.35 0.8 60. 60. 2595. 5. 15.
13.090 3 IMU_ACCEL 1 1.313477 -0.169922 -9.508789
13.105 3 ATTITUDE 0. 0. 0.
13.137 3 WP_MOVED 1 649123. 5253077. 2595. 32
13.138 3 COMMANDS 0,3193,-4886
13.169 3 CALIBRATION -16.5 0
13.200 3 ATTITUDE 0. 0. 0.
13.232 3 NAVIGATION 9 0 0. 0. 0. 0. 0 15 15 1 0 0
13.265 3 GPS 0 0 0 0 0 0 0 0 0 0 0
13.266 3 SVINFO 0 0 0 0 0 0 0
13.281 3 DESIRED 0.36 -0.35 0.8 60. 60. 2595. 5. 15.
13.297 3 ATTITUDE 0. 0. 0.
13.393 3 ATTITUDE 0. 0. 0.
13.425 3 FBW_STATUS 2 0 1 11.361845 0.
13.499 3 DESIRED 0.36 -0.35 0.8 60. 60. 2595. 5. 15.
13.500 3 IMU_GYRO 1 -0.025879 0.024658 -0.032227
13.501 3 CIRCLE 0. 0. -60.
13.525 3 GPS 0 0 0 0 0 0 0 0 0 0 0
13.526 3 SVINFO 0 0 0 0 0 0 0
13.527 3 ATTITUDE 0. 0. 0.
13.527 3 ESTIMATOR 2282.723389 1252.004517
13.605 3 ATTITUDE 0. 0. 0.
13.637 3 WP_MOVED 2 649046.125 5253124. 2595. 32
13.685 3 DESIRED 0.36 -0.35 0.8 60. 60. 2595. 5. 15.
13.701 3 ATTITUDE 0. 0. 0.
13.765 3 GPS 0 0 0 0 0 0 0 0 0 0 0
13.766 3 SVINFO 0 0 0 0 0 0 0
13.797 3 ATTITUDE 0. 0. 0.
13.907 3 DESIRED 0.36 -0.35 0.8 60. 60. 2595. 5. 15.
13.908 3 IMU_ACCEL 1 1.275391 -0.165039 -9.506836
13.908 3 IMU_MAG 0 0. 0. 0.
13.909 3 ATTITUDE 0. 0. 0.
13.922 3 LOGGER_STATUS 0 0 0 none
13.938 3 AIRSPEED 0. 0. 0. 0.
14.005 3 LINK_REPORT 3 -1 14 0 13331 557 0 909. 38. 2 42.76
14.019 3 GPS 0 0 0 0 0 0 0 0 0 0 0
14.019 3 SVINFO 0 0 0 0 0 0 0
14.020 3 ATTITUDE 0. 0. 0.
14.050 3 ENERGY 0 11.386585 0. 0. 0. 0. 0.
14.051 3 GPS_SOL 0 0 0 0
14.051 3 ESTIMATOR 2784.477051 1088.979248
14.052 3 FBW_STATUS 2 0 1 11.386585 0.
14.082 3 DESIRED 0.36 -0.35 0.8 60. 60. 2595. 4.5 15.
14.083 3 IMU_GYRO 1 -0.025391 0.023682 -0.032959
14.097 3 ATTITUDE 0. 0. 0.
14.129 3 DL_VALUE 10 1.
14.146 3 WP_MOVED 0 649123. 5253077. 2595. 32
14.146 3 ACTUATORS 1040,1185,1566
14.199 3 ATTITUDE 0. 0. 0.
14.241 3 NAVIGATION 9 0 0. 0. 0. 0. 0 16 16 1 0 0
14.257 3 GPS 0 0 0 0 0 0 0 0 0 0 0
14.258 3 SVINFO 0 0 0 0 0 0 0
14.273 3 DESIRED 0.36 -0.35 0.8 60. 60. 2595. 4. 15.
14.305 3 ATTITUDE 0. 0. 0.
14.402 3 ATTITUDE 0. 0. 0.
14.482 3 DESIRED 0.36 -0.35 0.8 60. 60. 2595. 3.5 15.
14.524 3 GPS 0 0 0 0 0 0 0 0 0 0 0
14.525 3 SVINFO 0 0 0 0 0 0 0
14.526 3 ATTITUDE 0. 0. 0.
14.540 3 CIRCLE 0. 0. -60.
14.540 3 ESTIMATOR 2869.748535 770.274963
14.604 3 ATTITUDE 0. 0. 0.
14.636 3 WP_MOVED 1 649123. 5253077. 2595. 32
14.699 3 DESIRED 0.36 -0.35 0.8 60. 60. 2595. 3. 15.
14.700 3 IMU_ACCEL 1 1.287109 -0.181641 -9.579102
14.704 3 IMU_GYRO 1 -0.025879 0.023682 -0.033447
14.705 3 ATTITUDE 0. 0. 0.
14.759 3 GPS 0 0 0 0 0 0 0 0 0 0 0
14.767 3 SVINFO 0 0 0 0 0 0 0
14.792 3 STATE_FILTER_STATUS 6 5 0
14.808 3 ATTITUDE 0. 0. 0.
14.872 3 DESIRED 0.36 -0.35 0.8 60. 60. 2595. 2.5 15.
14.904 3 ATTITUDE 0. 0. 0.
14.936 3 AIRSPEED 0. 0. 0. 0.
14.952 3 ALIVE 84,40,203,148,163,75,145,8,131,16,68,252,130,76,54,118
15.006 3 LINK_REPORT 3 -1 15 0 14289 597 0 958. 40. 2 42.76
15.027 3 GPS 0 0 0 0 0 0 0 0 0 0 0
15.028 3 SVINFO 0 0 0 0 0 0 0
15.028 3 ATTITUDE 0. 0. 0.
15.029 3 ESTIMATOR 2869.748535 770.274963
15.075 3 DESIRED 0.36 -0.35 0.8 60. 60. 2595. 2. 15.
15.107 3 ATTITUDE 0. 0. 0.
15.123 3 ENERGY 0 11.39277 0. 0. 0. 0. 0.
15.139 3 WP_MOVED 2 649046.125 5253124. 2595. 32
15.187 3 IMU_MAG 0 0. 0. 0.
15.202 3 ATTITUDE 0. 0. 0.
15.235 3 NAVIGATION 9 0 0. 0. 0. 0. 0 17 17 1 0 0
15.251 3 GPS 0 0 0 0 0 0 0 0 0 0 0
15.267 3 SVINFO 0 0 0 0 0 0 0
15.296 3 PPRZ_MODE 2 3 3 2 0 4
15.297 3 CALIBRATION -8.1 0
15.297 3 DESIRED 0.36 -0.35 0.8 60. 60. 2595. 1.5 15.
15.298 3 IMU_GYRO 1 -0.026367 0.023682 -0.032959
15.298 3 ATTITUDE 0. 0. 0.
15.392 3 ATTITUDE 0. 0. 0.
15.424 3 FBW_STATUS 2 0 1 11.39277 0.
15.489 3 DESIRED 0.36 -0.35 0.8 60. 60. 2595. 1. 15.
15.489 3 IMU_ACCEL 1 1.28418 -0.178711 -9.513672
15.520 3 GPS 0 0 0 0 0 0 0 0 0 0 0
15.522 3 SVINFO 0 0 0 0 0 0 0
15.522 3 ATTITUDE 0. 0. 0.
15.536 3 ESTIMATOR 2919.615967 342.959259
15.537 3 PONG 
15.584 3 CIRCLE 0. 0. -60.
15.600 3 ATTITUDE 0. 0. 0.
15.632 3 DL_VALUE 11 2595.
15.633 3 WP_MOVED 0 649123. 5253077. 2595. 32
15.681 3 DESIRED 0.36 -0.35 0.8 60. 60. 2595. 0.5 15.
15.703 3 ATTITUDE 0. 0. 0.
15.760 3 GPS 0 0 0 0 0 0 0 0 0 0 0
15.761 3 SVINFO 0 0 0 0 0 0 0
15.792 3 ATTITUDE 0. 0. 0.
15.889 3 DESIRED 0.36 -0.35 0.8 60. 60. 2595. 0. 15.
15.890 3 IMU_GYRO 1 -0.025391 0.022949 -0.033447
15.905 3 ATTITUDE 0. 0. 0.
15.937 3 AIRSPEED 0. 0. 0. 0.
16.006 3 LINK_REPORT 3 -1 16 0 15232 637 0 943. 40. 3 39.15
16.027 3 GPS 0 0 0 0 0 0 0 0 0 0 0
16.028 3 SVINFO 0 0 0 0 0 0 0
16.029 3 ATTITUDE 0. 0. 0.
16.043 3 GPS_SOL 0 0 0 0
16.043 3 ESTIMATOR 2919.615967 342.959259
16.044 3 FBW_STATUS 2 0 1 11.398955 0.
16.075 3 DESIRED 0.36 -0.35 0.8 60. 60. 2595. -0.5 15.
16.107 3 ATTITUDE 0. 0. 0.
16.139 3 WP_MOVED 1 649123. 5253077. 2595. 32
16.204 3 ATTITUDE 0. 0. 0.
16.219 3 ENERGY 0 11.398955 0. 0. 0. 0. 0.
16.235 3 NAVIGATION 9 0 0. 0. 0. 0. 0 18 18 1 0 0
16.267 3 GPS 0 0 0 0 0 0 0 0 0 0 0
16.268 3 SVINFO 0 0 0 0 0 0 0
16.283 3 DESIRED 0.36 -0.35 0.8 60. 60. 2595. -1. 15.
16.284 3 IMU_ACCEL 1 1.310547 -0.155273 -9.506836
16.299 3 ATTITUDE 0. 0. 0.
16.395 3 ATTITUDE 0. 0. 0.
16.501 3 DESIRED 0.36 -0.35 0.8 60. 60. 2595. -1.5 15.
16.501 3 IMU_GYRO 1 -0.025879 0.022949 -0.033447
16.502 3 IMU_MAG 0 0. 0. 0.
16.517 3 GPS 0 0 0 0 0 0 0 0 0 0 0
16.518 3 SVINFO 0 0 0 0 0 0 0
16.518 3 ATTITUDE 0. 0. 0.
16.533 3 ESTIMATOR 2919.615967 342.959259
16.597 3 ATTITUDE 0. 0. 0.
16.645 3 COMMANDS 0,3193,-4886
16.646 3 CIRCLE 0. 0. -60.
16.646 3 WP_MOVED 2 649046.125 5253124. 2595. 32
16.678 3 DESIRED 0.36 -0.35 0.8 60. 60. 2595. -2. 15.
16.693 3 ATTITUDE 0. 0. 0.
16.757 3 GPS 0 0 0 0 0 0 0 0 0 0 0
16.758 3 SVINFO 0 0 0 0 0 0 0
16.805 3 ATTITUDE 0. 0. 0.
16.886 3 DESIRED 0.36 -0.35 0.8 60. 60. 2595. -2.5 15.
16.901 3 ATTITUDE 0. 0. 0.
16.933 3 AIRSPEED 0. 0. 0. 0.
16.981 3 STATE_FILTER_STATUS 6 5 0
17.008 3 LINK_REPORT 3 -1 17 0 16152 675 0 920. 38. 3 39.15
17.024 3 GPS 0 0 0 0 0 0 0 0 0 0 0
17.024 3 SVINFO 0 0 0 0 0 0 0
17.025 3 ATTITUDE 0. 0. 0.
17.025 3 ESTIMATOR 2859.938232 90.253723
17.098 3 DESIRED 0.36 -0.35 0.8 60. 60. 2595. -3. 15.
17.099 3 IMU_ACCEL 1 1.308594 -0.155273 -9.513672
17.099 3 IMU_GYRO 1 -0.026367 0.02417 -0.032227
17.099 3 ATTITUDE 0. 0. 0.
17.129 3 DL_VALUE 12 0.
17.130 3 WP_MOVED 0 649123. 5253077. 2595. 32
17.193 3 ATTITUDE 0. 0. 0.
17.242 3 NAVIGATION 9 0 0. 0. 0. 0. 0 19 19 1 0 0
17.258 3 GPS 0 0 0 0 0 0 0 0 0 0 0
17.259 3 SVINFO 0 0 0 0 0 0 0
17.274 3 DESIRED 0.36 0.35 0.8 60. 60. 2595. -3.5 15.
17.305 3 ATTITUDE 0. 0. 0.
17.322 3 ENERGY 0 11.3804 0. 0. 0. 0. 0.
17.369 3 CALIBRATION 0.4 0
17.401 3 ATTITUDE 0. 0. 0.
17.434 3 FBW_STATUS 2 0 1 11.39277 0.
17.482 3 DESIRED 0.36 0.35 0.8 60. 60. 2595. -4. 15.
17.497 3 DATALINK_REPORT 2 3 0 940 0 0
17.526 3 GPS 0 0 0 0 0 0 0 0 0 0 0
17.527 3 SVINFO 0 0 0 0 0 0 0
17.528 3 ATTITUDE 0. 0. 0.
17.528 3 ESTIMATOR 2725.583984 -24.802864
17.606 3 ATTITUDE 0. 0. 0.
17.638 3 WP_MOVED 1 649123. 5253077. 2595. 32
17.704 3 DESIRED 0.36 0.35 0.8 60. 60. 2595. -4.5 15.
17.706 3 IMU_GYRO 1 -0.025879 0.022949 -0.033447
17.706 3 CIRCLE 0. 0. -60.
17.707 3 ATTITUDE 0. 0. 0.
17.760 3 GPS 0 0 0 0 0 0 0 0 0 0 0
17.761 3 SVINFO 0 0 0 0 0 0 0
17.776 3 IMU_MAG 0 0. 0. 0.
17.792 3 ATTITUDE 0. 0. 0.
17.889 3 DESIRED 0.36 0.35 0.8 60. 60. 2595. -5. 15.
17.890 3 IMU_ACCEL 1 1.330078 -0.155273 -9.547852
17.904 3 ATTITUDE 0. 0. 0.
17.936 3 AIRSPEED 0. 0. 0. 0.
18.008 3 LINK_REPORT 3 -1 18 0 17113 715 0 961. 40. 3 39.15
18.026 3 GPS 0 0 0 0 0 0 0 0 0 0 0
18.028 3 SVINFO 0 0 0 0 0 0 0
18.028 3 ATTITUDE 0. 0. 0.
18.042 3 GPS_SOL 0 0 0 0
18.043 3 ESTIMATOR 2725.583984 -24.802864
18.043 3 FBW_STATUS 2 0 1 11.39277 0.
18.074 3 DESIRED 0.36 0.35 0.8 60. 60. 2595. -5. 15.
18.106 3 ATTITUDE 0. 0. 0.
18.138 3 WP_MOVED 2 649046.125 5253124. 2595. 32
18.139 3 COMMANDS 0,3193,4886
18.207 3 ATTITUDE 0. 0. 0.
18.234 3 NAVIGATION 9 0 0. 0. 0. 0. 0 20 20 1 0 0
18.250 3 GPS 0 0 0 0 0 0 0 0 0 0 0
18.266 3 SVINFO 0 0 0 0 0 0 0
18.282 3 DESIRED 0.36 0.35 0.8 60. 60. 2595. -5. 15.
18.287 3 IMU_GYRO 1 -0.025879 0.02417 -0.033936
18.298 3 ATTITUDE 0. 0. 0.
18.394 3 ATTITUDE 0. 0. 0.
18.427 3 ENERGY 0 11.39277 0. 0. 0. 0. 0.
18.475 3 DESIRED 0.36 0.35 0.8 60. 60. 2595. -5. 15.
18.506 3 GPS 0 0 0 0 0 0 0 0 0 0 0
18.522 3 SVINFO 0 0 0 0 0 0 0
18.523 3 ATTITUDE 0. 0. 0.
18.523 3 ESTIMATOR 2725.583984 -24.802864
18.602 3 ATTITUDE 0. 0. 0.
18.634 3 DL_VALUE 13 0.
18.634 3 WP_MOVED 0 649123. 5253077. 2595. 32
18.683 3 DESIRED 0.36 0.35 0.8 60. 60. 2595. -5. 15.
18.683 3 IMU_ACCEL 1 1.313477 -0.160156 -9.482422
18.704 3 ATTITUDE 0. 0. 0.
18.730 3 CIRCLE 0. 0. -60.
18.763 3 GPS 0 0 0 0 0 0 0 0 0 0 0
18.763 3 SVINFO 0 0 0 0 0 0 0
18.794 3 ATTITUDE 0. 0. 0.
18.875 3 DESIRED 0.36 0.35 0.8 60. 60. 2595. -5. 15.
18.891 3 IMU_GYRO 1 -0.026367 0.023682 -0.032959
18.891 3 ATTITUDE 0. 0. 0.
18.938 3 AIRSPEED 0. 0. 0. 0.
19.009 3 LINK_REPORT 3 -1 19 0 18034 753 0 921. 38. 3 39.15
19.029 3 GPS 0 0 0 0 0 0 0 0 0 0 0
19.030 3 SVINFO 0 0 0 0 0 0 0
19.030 3 ATTITUDE 0. 0. 0.
19.030 3 LOGGER_STATUS 0 0 0 none
19.031 3 ESTIMATOR 2725.583984 -24.802864
19.077 3 DESIRED 0.36 0.35 0.8 60. 60. 2595. -5. 15.
19.093 3 IMU_MAG 0 0. 0. 0.
19.109 3 ATTITUDE 0. 0. 0.
19.141 3 WP_MOVED 1 649123. 5253077. 2595. 32
19.141 3 ACTUATORS 1040,1566,1185
19.189 3 STATE_FILTER_STATUS 6 5 0
19.209 3 ATTITUDE 0. 0. 0.
19.236 3 NAVIGATION 9 0 0. 0. 0. 0. 0 21 21 1 0 0
19.252 3 GPS 0 0 0 0 0 0 0 0 0 0 0
19.253 3 SVINFO 0 0 0 0 0 0 0
19.285 3 DESIRED 0.36 0.35 0.8 60. 60. 2595. -4.9 15.
19.301 3 ATTITUDE 0. 0. 0.
19.397 3 ATTITUDE 0. 0. 0.
19.429 3 FBW_STATUS 2 0 1 11.398955 0.
19.477 3 CALIBRATION 1.1 0
19.493 3 DESIRED 0.36 0.35 0.8 60. 60. 2595. -4.4 15.
19.494 3 IMU_ACCEL 1 1.310547 -0.133789 -9.569336
19.509 3 IMU_GYRO 1 -0.025879 0.02417 -0.032959
19.510 3 GPS 0 0 0 0 0 0 0 0 0 0 0
19.539 3 SVINFO 0 0 0 0 0 0 0
19.540 3 ATTITUDE 0. 0. 0.
19.541 3 ENERGY 0 11.39277 0. 0. 0. 0. 0.
19.541 3 ESTIMATOR 2619.174316 -72.308495
19.603 3 ATTITUDE 0. 0. 0.
19.635 3 WP_MOVED 2 649046.125 5253124. 2595. 32
19.683 3 DESIRED 0.36 0.35 0.8 60. 60. 2595. -4.4 15.
19.706 3 ATTITUDE 0. 0. 0.
19.763 3 GPS 0 0 0 0 0 0 0 0 0 0 0
19.764 3 SVINFO 0 0 0 0 0 0 0
19.779 3 CIRCLE 0. 0. -60.
19.795 3 ATTITUDE 0. 0. 0.
19.876 3 DESIRED 0.36 0.35 0.8 60. 60. 2595. -4.4 15.
19.907 3 ATTITUDE 0. 0. 0.
19.939 3 AIRSPEED 0. 0. 0. 0.
20.010 3 LINK_REPORT 3 -1 20 0 18967 792 0 933. 39. 3 39.15
20.019 3 GPS 0 0 0 0 0 0 0 0 0 0 0
20.020 3 SVINFO 0 0 0 0 0 0 0
20.020 3 ATTITUDE 0. 0. 0.
20.035 3 ALIVE 84,40,203,148,163,75,145,8,131,16,68,252,130,76,54,118
20.051 3 GPS_SOL 0 0 0 0
20.051 3 ESTIMATOR 2574.709717 -72.517708
20.052 3 FBW_STATUS 2 0 1 11.398955 0.
20.083 3 DESIRED 0.36 0.35 0.8 60. 60. 2595. -3.9 15.
20.084 3 IMU_GYRO 1 -0.025879 0.02417 -0.033447
20.099 3 ATTITUDE 0. 0. 0.
20.131 3 NAVIGATION_REF 649123 5253077 32 2575.
20.132 3 DL_VALUE 14 0.
20.147 3 WP_MOVED 0 649123. 5253077. 2595. 32
20.163 3 PPRZ_MODE 2 3 3 2 0 4
20.195 3 ATTITUDE 0. 0. 0.
20.227 3 NAVIGATION 9 0 0. 0. 0. 0. 0 22 22 1 0 0
20.259 3 GPS 0 0 0 0 0 0 0 0 0 0 0
20.260 3 SVINFO 0 0 0 0 0 0 0
20.277 3 DESIRED 0.36 0.35 0.8 60. 60. 2595. -3.4 15.
20.291 3 IMU_ACCEL 1 1.313477 -0.143555 -9.526367
20.292 3 ATTITUDE 0. 0. 0.
20.371 3 IMU_MAG 0 0. 0. 0.
20.404 3 ATTITUDE 0. 0. 0.
20.484 3 DESIRED 0.36 0.35 0.8 60. 60. 2595. -2.9 15.
20.526 3 GPS 0 0 0 0 0 0 0 0 0 0 0
20.527 3 SVINFO 0 0 0 0 0 0 0
20.527 3 ATTITUDE 0. 0. 0.
20.528 3 ESTIMATOR 2574.709717 -72.517708
20.541 3 PONG 
20.605 3 ATTITUDE 0. 0. 0.
20.622 3 ENERGY 0 11.39277 0. 0. 0. 0. 0.
20.638 3 WP_MOVED 1 649123. 5253077. 2595. 32
20.686 3 DESIRED 0.36 0.35 0.8 60. 60. 2595. -2.4 15.
20.686 3 IMU_GYRO 1 -0.026367 0.02417 -0.033447
20.706 3 ATTITUDE 0. 0. 0.
20.766 3 GPS 0 0 0 0 0 0 0 0 0 0 0
20.767 3 SVINFO 0 0 0 0 0 0 0
20.798 3 ATTITUDE 0. 0. 0.
20.830 3 CIRCLE 0. 0. -60.
20.878 3 DESIRED 0.36 0.35 0.8 60. 60. 2595. -1.9 15.
20.894 3 ATTITUDE 0. 0. 0.
20.926 3 AIRSPEED 0. 0. 0. 0.
21.006 3 GPS 0 0 0 0 0 0 0 0 0 0 0
21.011 3 LINK_REPORT 3 -1 21 0 19997 835 0 1030. 43. 4 43.28
21.022 3 SVINFO 0 0 0 0 0 0 0
21.023 3 ATTITUDE 0. 0. 0.
21.024 3 ESTIMATOR 2549.229492 -45.193924
21.086 3 DESIRED 0.36 0.35 0.8 60. 60. 2595. -1.4 15.
21.088 3 IMU_ACCEL 1 1.301758 -0.183594 -9.552734
21.102 3 ATTITUDE 0. 0. 0.
21.134 3 WP_MOVED 2 649046.125 5253124. 2595. 32
21.198 3 ATTITUDE 0. 0. 0.
21.230 3 NAVIGATION 9 0 0. 0. 0. 0. 0 23 23 1 0 0
21.262 3 GPS 0 0 0 0 0 0 0 0 0 0 0
21.262 3 SVINFO 0 0 0 0 0 0 0
21.278 3 DESIRED 0.36 0.35 0.8 60. 60. 2595. -0.9 15.
21.294 3 IMU_GYRO 1 -0.025879 0.023682 -0.032227
21.294 3 ATTITUDE 0. 0. 0.
21.390 3 STATE_FILTER_STATUS 6 5 0
21.406 3 ATTITUDE 0. 0. 0.
21.422 3 FBW_STATUS 2 0 1 11.386585 0.
21.470 3 DESIRED 0.36 0.35 0.8 60. 60. 2595. -0.4 15.
21.519 3 GPS 0 0 0 0 0 0 0 0 0 0 0
21.520 3 SVINFO 0 0 0 0 0 0 0
21.520 3 ATTITUDE 0. 0. 0.
21.534 3 ESTIMATOR 2549.229492 -45.193924
21.566 3 CALIBRATION 0.8 0
21.598 3 ATTITUDE 0. 0. 0.
21.630 3 COMMANDS 0,3193,4886
21.631 3 DL_VALUE 15 70.
21.646 3 WP_MOVED 0 649123. 5253077. 2595. 32
21.678 3 DESIRED 0.36 0.14 0.8 60. 60. 2595. 0.1 15.
21.694 3 IMU_MAG 0 0. 0. 0.
21.710 3 ATTITUDE 0. 0. 0.
21.726 3 ENERGY 0 11.39277 0. 0. 0. 0. 0.
21.758 3 GPS 0 0 0 0 0 0 0 0 0 0 0
21.759 3 SVINFO 0 0 0 0 0 0 0
21.790 3 ATTITUDE 0. 0. 0.
21.899 3 DESIRED 0.36 0.35 0.8 60. 60. 2595. 0.6 15.
21.899 3 IMU_ACCEL 1 1.310547 -0.191406 -9.538086
21.900 3 IMU_GYRO 1 -0.025879 0.024658 -0.033447
21.909 3 CIRCLE 0. 0. -60.
21.910 3 ATTITUDE 0. 0. 0.
21.931 3 AIRSPEED 0. 0. 0. 0.
22.011 3 LINK_REPORT 3 -1 22 0 20931 875 0 934. 40. 4 43.28
22.026 3 GPS 0 0 0 0 0 0 0 0 0 0 0
22.027 3 SVINFO 0 0 0 0 0 0 0
22.034 3 ATTITUDE 0. 0. 0.
22.056 3 GPS_SOL 0 0 0 0
22.057 3 ESTIMATOR 2552.081543 -24.255606
22.057 3 FBW_STATUS 2 0 1 11.39277 0.
22.058 3 AUTOPILOT_VERSION 60400 v6.4.0_stable
22.073 3 DESIRED 0.36 0.35 0.8 60. 60. 2595. 1.1 15.
22.105 3 ATTITUDE 0. 0. 0.
22.137 3 WP_MOVED 1 649123. 5253077. 2595. 32
22.207 3 ATTITUDE 0. 0. 0.
22.233 3 NAVIGATION 9 0 0. 0. 0. 0. 0 24 24 1 0 0
22.265 3 GPS 0 0 0 0 0 0 0 0 0 0 0
22.266 3 SVINFO 0 0 0 0 0 0 0
22.281 3 DESIRED 0.36 0.35 0.8 60. 60. 2595. 1.6 15.
22.297 3 ATTITUDE 0. 0. 0.
22.393 3 ATTITUDE 0. 0. 0.
22.473 3 DESIRED 0.36 0.35 0.8 60. 60. 2595. 2.1 15.
22.489 3 IMU_GYRO 1 -0.025879 0.02417 -0.032959
22.521 3 GPS 0 0 0 0 0 0 0 0 0 0 0
22.522 3 SVINFO 0 0 0 0 0 0 0
22.523 3 ATTITUDE 0. 0. 0.
22.524 3 ESTIMATOR 2552.081543 -24.255606
22.569 3 DATALINK_REPORT 2 4 0 949 0 0
22.601 3 ATTITUDE 0. 0. 0.
22.633 3 WP_MOVED 2 649046.125 5253124. 2595. 32
22.681 3 DESIRED 0.36 0.35 0.8 60. 60. 2595. 2.6 15.
22.682 3 IMU_ACCEL 1 1.333008 -0.150391 -9.511719
22.697 3 ATTITUDE 0. 0. 0.
22.761 3 GPS 0 0 0 0 0 0 0 0 0 0 0
22.762 3 SVINFO 0 0 0 0 0 0 0
22.793 3 ATTITUDE 0. 0. 0.
22.825 3 ENERGY 0 11.39277 0. 0. 0. 0. 0.
22.873 3 DESIRED 0.36 0.35 0.8 60. 60. 2595. 3.1 15.
22.905 3 ATTITUDE 0. 0. 0.
22.937 3 CIRCLE 0. 0. -60.
22.938 3 AIRSPEED 0. 0. 0. 0.
22.985 3 IMU_MAG 0 0. 0. 0.
23.012 3 LINK_REPORT 3 -1 23 0 21869 913 0 938. 38. 4 43.28
23.017 3 GPS 0 0 0 0 0 0 0 0 0 0 0
23.018 3 SVINFO 0 0 0 0 0 0 0
23.019 3 ATTITUDE 0. 0. 0.
23.033 3 ESTIMATOR 2559.076904 -6.254821
23.081 3 DESIRED 0.36 0.35 0.8 60. 60. 2595. 3.6 15.
23.082 3 IMU_GYRO 1 -0.024902 0.016113 -0.033447
23.097 3 ATTITUDE 0. 0. 0.
23.129 3 DL_VALUE 16 0.
23.146 3 WP_MOVED 0 649123. 5253077. 2595. 32
23.146 3 COMMANDS 0,3193,4886
23.193 3 ATTITUDE 0. 0. 0.
23.242 3 NAVIGATION 9 0 0. 0. 0. 0. 0 25 25 1 0 0
23.258 3 GPS 0 0 0 0 0 0 0 0 0 0 0
23.258 3 SVINFO 0 0 0 0 0 0 0
23.274 3 DESIRED 0.36 0.32 0.8 60. 60. 2595. 4.1 15.
23.305 3 ATTITUDE 0. 0. 0.
23.401 3 ATTITUDE 0. 0. 0.
23.434 3 FBW_STATUS 2 0 1 11.386585 0.
23.482 3 DESIRED 0.36 0.35 0.8 60. 60. 2595. 4.6 15.
23.483 3 IMU_ACCEL 1 1.313477 -0.160156 -9.561523
23.524 3 GPS 0 0 0 0 0 0 0 0 0 0 0
23.525 3 SVINFO 0 0 0 0 0 0 0
23.525 3 ATTITUDE 0. 0. 0.
23.525 3 ESTIMATOR 2566.06958 -0.656788
23.588 3 STATE_FILTER_STATUS 6 5 0
23.604 3 ATTITUDE 0. 0. 0.
23.636 3 WP_MOVED 1 649123. 5253077. 2595. 32
23.695 3 CALIBRATION 0.1 0
23.696 3 DESIRED 0.36 0.35 0.8 60. 60. 2595. 5. 15.
23.697 3 IMU_GYRO 1 -0.026367 0.024658 -0.032959
23.697 3 ATTITUDE 0. 0. 0.
23.764 3 GPS 0 0 0 0 0 0 0 0 0 0 0
23.765 3 SVINFO 0 0 0 0 0 0 0
23.792 3 ATTITUDE 0. 0. 0.
23.872 3 DESIRED 0.36 0.35 0.8 60. 60. 2595. 5. 15.
23.904 3 ATTITUDE 0. 0. 0.
23.920 3 ENERGY 0 11.39277 0. 0. 0. 0. 0.
23.936 3 AIRSPEED 0. 0. 0. 0.
23.984 3 CIRCLE 0. 0. -60.
24.012 3 LINK_REPORT 3 -1 24 0 22796 952 0 927. 39. 4 43.28
24.016 3 GPS 0 0 0 0 0 0 0 0 0 0 0
24.019 3 SVINFO 0 0 0 0 0 0 0
24.019 3 ATTITUDE 0. 0. 0.
24.032 3 GPS_SOL 0 0 0 0
24.032 3 ESTIMATOR 2566.06958 -0.656788
24.048 3 FBW_STATUS 2 0 1 11.386585 0.
24.080 3 DESIRED 0.36 0.35 0.8 60. 60. 2595. 5. 15.
24.096 3 LOGGER_STATUS 0 0 0 none
24.112 3 ATTITUDE 0. 0. 0.
24.128 3 WP_MOVED 2 649046.125 5253124. 2595. 32
24.144 3 ACTUATORS 1040,1566,1185
24.192 3 ATTITUDE 0. 0. 0.
24.240 3 NAVIGATION 9 0 0. 0. 0. 0. 0 26 26 1 0 0
24.256 3 GPS 0 0 0 0 0 0 0 0 0 0 0
24.257 3 SVINFO 0 0 0 0 0 0 0
24.298 3 DESIRED 0.36 0.23 0.8 60. 60. 2595. 4.9 15.
24.299 3 IMU_ACCEL 1 1.328125 -0.217773 -9.518555
24.299 3 IMU_GYRO 1 -0.025391 0.023682 -0.033447
24.300 3 IMU_MAG 0 0. 0. 0.
24.300 3 ATTITUDE 0. 0. 0.
24.394 3 ATTITUDE 0. 0. 0.
24.475 3 DESIRED 0.36 0.19 0.8 60. 60. 2595. 4.4 15.
24.506 3 GPS 0 0 0 0 0 0 0 0 0 0 0
24.522 3 SVINFO 0 0 0 0 0 0 0
24.523 3 ATTITUDE 0. 0. 0.
24.523 3 ESTIMATOR 2571.364014 2.905258
24.602 3 ATTITUDE 0. 0. 0.
24.634 3 DL_VALUE 17 70.
24.635 3 WP_MOVED 0 649123. 5253077. 2595. 32
24.683 3 DESIRED 0.36 0.18 0.8 60. 60. 2595. 4.3 15.
24.698 3 ATTITUDE 0. 0. 0.
24.762 3 GPS 0 0 0 0 0 0 0 0 0 0 0
24.763 3 SVINFO 0 0 0 0 0 0 0
24.794 3 ATTITUDE 0. 0. 0.
24.875 3 DESIRED 0.36 0.18 0.8 60. 60. 2595. 4.3 15.
24.891 3 IMU_GYRO 1 -0.026367 0.023682 -0.032959
24.907 3 ATTITUDE 0. 0. 0.
24.939 3 AIRSPEED 0. 0. 0. 0.
25.014 3 LINK_REPORT 3 -1 25 0 23704 990 0 908. 38. 4 43.28
25.018 3 GPS 0 0 0 0 0 0 0 0 0 0 0
25.019 3 SVINFO 0 0 0 0 0 0 0
25.020 3 ATTITUDE 0. 0. 0.
25.050 3 ENERGY 0 11.39277 0. 0. 0. 0. 0.
25.051 3 CIRCLE 0. 0. -60.
25.051 3 ESTIMATOR 2571.364014 2.905258
25.096 3 PPRZ_MODE 2 3 3 2 0 4
25.097 3 DESIRED 0.36 0.18 0.8 60. 60. 2595. 4.3 15.
25.098 3 IMU_ACCEL 1 1.291992 -0.169922 -9.535156
25.098 3 ATTITUDE 0. 0. 0.
25.128 3 ALIVE 84,40,203,148,163,75,145,8,131,16,68,252,130,76,54,118
25.144 3 WP_MOVED 1 649123. 5253077. 2595. 32
25.192 3 ATTITUDE 0. 0. 0.
25.239 3 NAVIGATION 9 0 0. 0. 0. 0. 0 27 27 1 0 0
25.256 3 GPS 0 0 0 0 0 0 0 0 0 0 0
25.257 3 SVINFO 0 0 0 0 0 0 0
25.272 3 DESIRED 0.36 0.18 0.8 60. 60. 2595. 4.3 15.
25.304 3 ATTITUDE 0. 0. 0.
25.400 3 ATTITUDE 0. 0. 0.
25.431 3 FBW_STATUS 2 0 1 11.39277 0.
25.480 3 DESIRED 0.36 0.18 0.8 60. 60. 2595. 4.3 15.
25.489 3 IMU_GYRO 1 -0.026367 0.02417 -0.032959
25.525 3 GPS 0 0 0 0 0 0 0 0 0 0 0
25.526 3 SVINFO 0 0 0 0 0 0 0
25.527 3 ATTITUDE 0. 0. 0.
25.527 3 ESTIMATOR 2571.364014 2.905258
25.541 3 PONG 
25.573 3 IMU_MAG 0 0. 0. 0.
25.605 3 ATTITUDE 0. 0. 0.
25.637 3 WP_MOVED 2 649046.125 5253124. 2595. 32
25.669 3 DESIRED 0.36 0.18 0.8 60. 60. 2595. 4.3 15.
25.701 3 ATTITUDE 0. 0. 0.
25.766 3 GPS 0 0 0 0 0 0 0 0 0 0 0
25.766 3 SVINFO 0 0 0 0 0 0 0
25.767 3 CALIBRATION 0. 0
25.781 3 STATE_FILTER_STATUS 6 5 0
25.797 3 ATTITUDE 0. 0. 0.
25.877 3 DESIRED 0.36 0.18 0.8 60. 60. 2595. 4.3 15.
25.878 3 IMU_ACCEL 1 1.313477 -0.174805 -9.540039
25.893 3 ATTITUDE 0. 0. 0.
25.925 3 AIRSPEED 0. 0. 0. 0.
26.006 3 GPS 0 0 0 0 0 0 0 0 0 0 0
26.014 3 LINK_REPORT 3 -1 26 0 24706 1032 0 1002. 42. 5 41.9
26.021 3 SVINFO 0 0 0 0 0 0 0
26.022 3 ATTITUDE 0. 0. 0.
26.037 3 GPS_SOL 0 0 0 0
26.038 3 ESTIMATOR 2574.517822 3.048982
26.038 3 FBW_STATUS 2 0 1 11.398955 0.
26.096 3 DESIRED 0.36 0.14 0.8 60. 60. 2595. 3.8 15.
26.097 3 IMU_GYRO 1 -0.026367 0.02417 -0.033447
26.097 3 CIRCLE 0. 0. -60.
26.098 3 ATTITUDE 0. 0. 0.
26.128 3 ENERGY 0 11.398955 0. 0. 0. 0. 0.
26.143 3 DL_VALUE 18 0.
26.144 3 WP_MOVED 0 649123. 5253077. 2595. 32
26.191 3 ATTITUDE 0. 0. 0.
26.239 3 NAVIGATION 9 0 0. 0. 0. 0. 0 28 28 1 0 0
26.255 3 GPS 0 0 0 0 0 0 0 0 0 0 0
26.256 3 SVINFO 0 0 0 0 0 0 0
26.272 3 DESIRED 0.36 0.14 0.8 60. 60. 2595. 3.7 15.
26.303 3 ATTITUDE 0. 0. 0.
26.399 3 ATTITUDE 0. 0. 0.
26.480 3 DESIRED 0.36 0.13 0.8 60. 60. 2595. 3.5 15.
26.525 3 GPS 0 0 0 0 0 0 0 0 0 0 0
26.526 3 SVINFO 0 0 0 0 0 0 0
26.526 3 ATTITUDE 0. 0. 0.
26.527 3 ESTIMATOR 2575.758789 2.920134
26.605 3 ATTITUDE 0. 0. 0.
26.637 3 COMMANDS 0,3193,1758
26.637 3 WP_MOVED 1 649123. 5253077. 2595. 32
26.697 3 DESIRED 0.36 0.13 0.8 60. 60. 2595. 3.5 15.
26.698 3 IMU_ACCEL 1 1.313477 -0.157227 -9.518555
26.698 3 IMU_GYRO 1 -0.025879 0.021484 -0.032227
26.699 3 ATTITUDE 0. 0. 0.
26.761 3 GPS 0 0 0 0 0 0 0 0 0 0 0
26.762 3 SVINFO 0 0 0 0 0 0 0
26.793 3 ATTITUDE 0. 0. 0.
26.873 3 DESIRED 0.36 0.13 0.8 60. 60. 2595. 3.5 15.
26.888 3 IMU_MAG 0 0. 0. 0.
26.905 3 ATTITUDE 0. 0. 0.
26.937 3 AIRSPEED 0. 0. 0. 0.
27.015 3 LINK_REPORT 3 -1 27 0 25613 1070 0 907. 38. 5 41.9
27.017 3 GPS 0 0 0 0 0 0 0 0 0 0 0
27.019 3 SVINFO 0 0 0 0 0 0 0
27.019 3 ATTITUDE 0. 0. 0.
27.033 3 ESTIMATOR 2575.758789 2.920134
27.081 3 DESIRED 0.36 0.13 0.8 60. 60. 2595. 3.5 15.
27.097 3 ATTITUDE 0. 0. 0.
27.129 3 CIRCLE 0. 0. -60.
27.145 3 WP_MOVED 2 649046.125 5253124. 2595. 32
27.193 3 ATTITUDE 0. 0. 0.
27.224 3 ENERGY 0 11.39277 0. 0. 0. 0. 0.
27.241 3 NAVIGATION 9 0 0. 0. 0. 0. 0 29 29 1 0 0
27.257 3 GPS 0 0 0 0 0 0 0 0 0 0 0
27.258 3 SVINFO 0 0 0 0 0 0 0
27.273 3 DESIRED 0.36 0.13 0.8 60. 60. 2595. 3.5 15.
27.289 3 IMU_GYRO 1 -0.025879 0.02417 -0.032959
27.305 3 ATTITUDE 0. 0. 0.
27.401 3 ATTITUDE 0. 0. 0.
27.433 3 FBW_STATUS 2 0 1 11.39277 0.
27.482 3 DESIRED 0.36 0.23 0.8 60. 60. 2595. 3.5 15.
27.483 3 IMU_ACCEL 1 1.323242 -0.174805 -9.561523
27.524 3 GPS 0 0 0 0 0 0 0 0 0 0 0
27.527 3 SVINFO 0 0 0 0 0 0 0
27.528 3 ATTITUDE 0. 0. 0.
27.528 3 ESTIMATOR 2576.488525 1.628823
27.604 3 ATTITUDE 0. 0. 0.
27.636 3 DL_VALUE 19 2.
27.637 3 WP_MOVED 0 649123. 5253077. 2595. 32
27.652 3 DATALINK_REPORT 2 5 0 936 0 0
27.684 3 DESIRED 0.36 0.17 0.8 60. 60. 2595. 3.3 15.
27.700 3 ATTITUDE 0. 0. 0.
27.764 3 GPS 0 0 0 0 0 0 0 0 0 0 0
27.765 3 SVINFO 0 0 0 0 0 0 0
27.796 3 ATTITUDE 0. 0. 0.
27.877 3 CALIBRATION 0. 0
27.893 3 DESIRED 0.36 0.17 0.8 60. 60. 2595. 3.3 15.
27.894 3 IMU_GYRO 1 -0.026367 0.02417 -0.033447
27.894 3 ATTITUDE 0. 0. 0.
27.924 3 AIRSPEED 0. 0. 0. 0.
27.988 3 STATE_FILTER_STATUS 6 5 0
28.015 3 LINK_REPORT 3 -1 28 0 26544 1109 0 931. 39. 5 41.9
28.021 3 GPS 0 0 0 0 0 0 0 0 0 0 0
28.022 3 SVINFO 0 0 0 0 0 0 0
28.022 3 ATTITUDE 0. 0. 0.
28.036 3 GPS_SOL 0 0 0 0
28.037 3 ESTIMATOR 2576.488525 1.628823
28.038 3 FBW_STATUS 2 0 1 11.39277 0.
28.085 3 DESIRED 0.36 0.17 0.8 60. 60. 2595. 3.3 15.
28.100 3 ATTITUDE 0. 0. 0.
28.133 3 WP_MOVED 1 649123. 5253077. 2595. 32
28.134 3 COMMANDS 0,3193,2353
28.181 3 IMU_MAG 0 0. 0. 0.
28.197 3 CIRCLE 0. 0. -60.
28.197 3 ATTITUDE 0. 0. 0.
28.229 3 NAVIGATION 9 0 0. 0. 0. 0. 0 30 30 1 0 0
28.261 3 GPS 0 0 0 0 0 0 0 0 0 0 0
28.263 3 SVINFO 0 0 0 0 0 0 0
28.277 3 DESIRED 0.36 0.21 0.8 60. 60. 2595. 3.3 15.
28.278 3 IMU_ACCEL 1 1.330078 -0.169922 -9.523438
28.292 3 ATTITUDE 0. 0. 0.
28.325 3 ENERGY 0 11.39277 0. 0. 0. 0. 0.
28.405 3 ATTITUDE 0. 0. 0.
28.485 3 DESIRED 0.36 0.22 0.8 60. 60. 2595. 3.4 15.
28.486 3 IMU_GYRO 1 -0.026367 0.02417 -0.033936
28.527 3 GPS 0 0 0 0 0 0 0 0 0 0 0
28.528 3 SVINFO 0 0 0 0 0 0 0
28.529 3 ATTITUDE 0. 0. 0.
28.529 3 ESTIMATOR 2575.976318 0.579006
28.591 3 ATTITUDE 0. 0. 0.
28.639 3 WP_MOVED 2 649046.125 5253124. 2595. 32
28.671 3 DESIRED 0.36 0.22 0.8 60. 60. 2595. 3.4 15.
28.703 3 ATTITUDE 0. 0. 0.
28.767 3 GPS 0 0 0 0 0 0 0 0 0 0 0
28.767 3 SVINFO 0 0 0 0 0 0 0
28.799 3 ATTITUDE 0. 0. 0.
28.880 3 DESIRED 0.36 0.24 0.8 60. 60. 2595. 3.5 15.
28.895 3 ATTITUDE 0. 0. 0.
28.927 3 AIRSPEED 0. 0. 0. 0.
29.008 3 GPS 0 0 0 0 0 0 0 0 0 0 0
29.016 3 LINK_REPORT 3 -1 29 0 27487 1147 0 943. 38. 5 41.9
29.023 3 SVINFO 0 0 0 0 0 0 0
29.024 3 ATTITUDE 0. 0. 0.
29.024 3 ESTIMATOR 2575.483398 0.123338
29.099 3 DESIRED 0.36 0.24 0.8 60. 60. 2595. 3.5 15.
29.100 3 IMU_ACCEL 1 1.306641 -0.143555 -9.561523
29.106 3 IMU_GYRO 1 -0.025879 0.022949 -0.032959
29.106 3 ATTITUDE 0. 0. 0.
29.156 3 NAVIGATION_REF 649123 5253077 32 2575.
29.157 3 DL_VALUE 20 0.
29.158 3 WP_MOVED 0 649123. 5253077. 2595. 32
29.158 3 ACTUATORS 1040,1507,1244
29.220 3 LOGGER_STATUS 1 0 8192 PPRZ\pprzlog_0148.LOG,FLIGHT_RECORDER\fr_0155.LOG
29.221 3 ATTITUDE 0. 0. 0.
29.232 3 CIRCLE 0. 0. -60.
29.248 3 NAVIGATION 9 0 0. 0. 0. 0. 0 31 31 1 0 0
29.264 3 GPS 0 0 0 0 0 0 0 0 0 0 0
29.265 3 SVINFO 0 0 0 0 0 0 0
29.280 3 DESIRED 0.36 0.24 0.8 60. 60. 2595. 3.5 15.
29.296 3 ATTITUDE 0. 0. 0.
29.392 3 ATTITUDE 0. 0. 0.
29.425 3 ENERGY 0 11.398955 0. 0. 0. 0. 0.
29.440 3 FBW_STATUS 2 0 1 11.398955 0.
29.473 3 DESIRED 0.36 0.24 0.8 60. 60. 2595. 3.5 15.
29.489 3 IMU_MAG 0 0. 0. 0.
29.536 3 GPS 0 0 0 0 0 0 0 0 0 0 0
29.537 3 SVINFO 0 0 0 0 0 0 0
29.537 3 ATTITUDE 0. 0. 0.
29.538 3 ESTIMATOR 2575.483398 0.123338
29.600 3 ATTITUDE 0. 0. 0.
29.632 3 WP_MOVED 1 649123. 5253077. 2595. 32
29.681 3 DESIRED 0.36 0.24 0.8 60. 60. 2595. 3.5 15.
29.682 3 IMU_GYRO 1 -0.025879 0.02417 -0.033447
29.696 3 ATTITUDE 0. 0. 0.
29.760 3 GPS 0 0 0 0 0 0 0 0 0 0 0
29.761 3 SVINFO 0 0 0 0 0 0 0
29.792 3 ATTITUDE 0. 0. 0.
29.888 3 DESIRED 0.36 0.24 0.8 60. 60. 2595. 3.5 15.
29.889 3 IMU_ACCEL 1 1.31543 -0.160156 -9.495117
29.904 3 ATTITUDE 0. 0. 0.
29.936 3 AIRSPEED 0. 0. 0. 0.
29.968 3 PPRZ_MODE 2 3 3 2 0 4
29.969 3 CALIBRATION 0.1 0
30.016 3 LINK_REPORT 3 -1 30 0 28508 1189 0 1021. 42. 5 41.9
30.026 3 GPS 0 0 0 0 0 0 0 0 0 0 0
30.027 3 SVINFO 0 0 0 0 0 0 0
30.028 3 ATTITUDE 0. 0. 0.
30.042 3 GPS_SOL 0 0 0 0
30.042 3 ESTIMATOR 2575.483398 0.123338
30.043 3 FBW_STATUS 2 0 1 11.398955 0.
30.074 3 DESIRED 0.36 0.24 0.8 60. 60. 2595. 3.5 15.
30.106 3 ATTITUDE 0. 0. 0.
30.138 3 WP_MOVED 2 649046.125 5253124. 2595. 32
30.186 3 STATE_FILTER_STATUS 6 5 0
30.202 3 ATTITUDE 0. 0. 0.
30.219 3 ALIVE 84,40,203,148,163,75,145,8,131,16,68,252,130,76,54,118
30.250 3 NAVIGATION 9 0 0. 0. 0. 0. 0 32 32 1 0 0
30.266 3 GPS 0 0 0 0 0 0 0 0 0 0 0
30.267 3 SVINFO 0 0 0 0 0 0 0
30.297 3 DESIRED 0.36 0.24 0.8 60. 60. 2595. 3.5 15.
30.298 3 IMU_GYRO 1 -0.024902 0.02417 -0.032959
30.299 3 CIRCLE 0. 0. -60.
30.299 3 ATTITUDE 0. 0. 0.
30.393 3 ATTITUDE 0. 0. 0.
30.473 3 DESIRED 0.36 0.24 0.8 60. 60. 2595. 3.5 15.
30.521 3 GPS 0 0 0 0 0 0 0 0 0 0 0
30.522 3 SVINFO 0 0 0 0 0 0 0
30.523 3 ATTITUDE 0. 0. 0.
30.537 3 ENERGY 0 11.398955 0. 0. 0. 0. 0.
30.538 3 ESTIMATOR 2575.587891 0.112298
30.553 3 PONG 
30.601 3 ATTITUDE 0. 0. 0.
30.633 3 DL_VALUE 21 0.
30.634 3 WP_MOVED 0 649123. 5253077. 2595. 32
30.682 3 DESIRED 0.36 0.24 0.8 60. 60. 2595. 3.5 15.
30.682 3 IMU_ACCEL 1 1.308594 -0.162109 -9.518555
30.697 3 ATTITUDE 0. 0. 0.
30.761 3 GPS 0 0 0 0 0 0 0 0 0 0 0
30.762 3 SVINFO 0 0 0 0 0 0 0
30.777 3 IMU_MAG 0 0. 0. 0.
30.809 3 ATTITUDE 0. 0. 0.
30.890 3 DESIRED 0.36 0.24 0.8 60. 60. 2595. 3.5 15.
30.891 3 IMU_GYRO 1 -0.025391 0.023682 -0.032959
30.905 3 ATTITUDE 0. 0. 0.
30.937 3 AIRSPEED 0. 0. 0. 0.
31.017 3 LINK_REPORT 3 -1 31 0 29480 1230 0 972. 41. 6 52.89
31.028 3 GPS 0 0 0 0 0 0 0 0 0 0 0
31.029 3 SVINFO 0 0 0 0 0 0 0
31.031 3 ATTITUDE 0. 0. 0.
31.031 3 ESTIMATOR 2575.587891 0.112298
31.076 3 DESIRED 0.36 0.24 0.8 60. 60. 2595. 3.5 15.
31.091 3 ATTITUDE 0. 0. 0.
31.124 3 WP_MOVED 1 649123. 5253077. 2595. 32
31.203 3 ATTITUDE 0. 0. 0.
31.236 3 NAVIGATION 9 0 0. 0. 0. 0. 0 33 33 1 0 0
31.252 3 GPS 0 0 0 0 0 0 0 0 0 0 0
31.267 3 SVINFO 0 0 0 0 0 0 0
31.284 3 DESIRED 0.36 0.24 0.8 60. 60. 2595. 3.5 15.
31.299 3 ATTITUDE 0. 0. 0.
31.332 3 CIRCLE 0. 0. -60.
31.396 3 ATTITUDE 0. 0. 0.
31.428 3 FBW_STATUS 2 0 1 11.40514 0.
31.492 3 DESIRED 0.36 0.24 0.8 60. 60. 2595. 3.5 15.
31.494 3 IMU_ACCEL 1 1.310547 -0.171875 -9.576172
31.494 3 IMU_GYRO 1 -0.026367 0.022949 -0.033936
31.508 3 GPS 0 0 0 0 0 0 0 0 0 0 0
31.509 3 SVINFO 0 0 0 0 0 0 0
31.524 3 ATTITUDE 0. 0. 0.
31.525 3 ESTIMATOR 2575.587891 0.112298
31.604 3 ATTITUDE 0. 0. 0.
31.620 3 ENERGY 0 11.39277 0. 0. 0. 0. 0.
31.636 3 COMMANDS 0,3193,3361
31.637 3 WP_MOVED 2 649046.125 5253124. 2595. 32
31.684 3 DESIRED 0.36 0.24 0.8 60. 60. 2595. 3.5 15.
31.700 3 ATTITUDE 0. 0. 0.
31.764 3 GPS 0 0 0 0 0 0 0 0 0 0 0
31.765 3 SVINFO 0 0 0 0 0 0 0
31.796 3 ATTITUDE 0. 0. 0.
31.876 3 DESIRED 0.36 0.24 0.8 60. 60. 2595. 3.5 15.
31.908 3 ATTITUDE 0. 0. 0.
31.924 3 AIRSPEED 0. 0. 0. 0.
32.018 3 LINK_REPORT 3 -1 32 0 30348 1265 0 868. 35. 6 52.89
32.020 3 GPS 0 0 0 0 0 0 0 0 0 0 0
32.022 3 SVINFO 0 0 0 0 0 0 0
32.022 3 ATTITUDE 0. 0. 0.
32.036 3 GPS_SOL 0 0 0 0
32.037 3 ESTIMATOR 2575.587891 0.112298
32.037 3 FBW_STATUS 2 0 1 11.398955 0.
32.099 3 CALIBRATION 0.1 0
32.101 3 DESIRED 0.36 0.24 0.8 60. 60. 2595. 3.5 15.
32.107 3 IMU_GYRO 1 -0.025879 0.023682 -0.032959
32.108 3 IMU_MAG 0 0. 0. 0.
32.108 3 ATTITUDE 0. 0. 0.
32.131 3 DL_VALUE 22 0.
32.132 3 WP_MOVED 0 649123. 5253077. 2595. 32
32.195 3 ATTITUDE 0. 0. 0.
32.227 3 NAVIGATION 9 0 0. 0. 0. 0. 0 34 34 1 0 0
32.259 3 GPS 0 0 0 0 0 0 0 0 0 0 0
32.260 3 SVINFO 0 0 0 0 0 0 0
32.275 3 DESIRED 0.36 0.26 0.8 60. 60. 2595. 3.5 15.
32.291 3 IMU_ACCEL 1 1.339844 -0.165039 -9.530273
32.307 3 ATTITUDE 0. 0. 0.
32.371 3 CIRCLE 0. 0. -60.
32.387 3 STATE_FILTER_STATUS 6 5 0
32.419 3 ATTITUDE 0. 0. 0.
32.484 3 DESIRED 0.36 0.25 0.8 60. 60. 2595. 3.5 15.
32.526 3 GPS 0 0 0 0 0 0 0 0 0 0 0
32.527 3 SVINFO 0 0 0 0 0 0 0
32.533 3 ATTITUDE 0. 0. 0.
32.533 3 ESTIMATOR 2575.356934 -0.085709
32.605 3 ATTITUDE 0. 0. 0.
32.637 3 WP_MOVED 1 649123. 5253077. 2595. 32
32.686 3 DESIRED 0.36 0.25 0.8 60. 60. 2595. 3.5 15.
32.687 3 IMU_GYRO 1 -0.026367 0.023682 -0.032227
32.706 3 ATTITUDE 0. 0. 0.
32.724 3 ENERGY 0 11.398955 0. 0. 0. 0. 0.
32.775 3 DATALINK_REPORT 2 6 0 54783 0 0
32.776 3 GPS 0 0 0 0 0 0 0 0 0 0 0
32.777 3 SVINFO 0 0 0 0 0 0 0
32.791 3 ATTITUDE 0. 0. 0.
32.872 3 DESIRED 0.36 0.25 0.8 60. 60. 2595. 3.5 15.
32.903 3 ATTITUDE 0. 0. 0.
32.936 3 AIRSPEED 0. 0. 0. 0.
33.018 3 LINK_REPORT 3 -1 33 0 31319 1306 0 971. 41. 6 52.89
33.026 3 GPS 0 0 0 0 0 0 0 0 0 0 0
33.027 3 SVINFO 0 0 0 0 0 0 0
33.028 3 ATTITUDE 0. 0. 0.
33.028 3 ESTIMATOR 2575.356934 -0.085709
33.090 3 DESIRED 0.36 0.25 0.8 60. 60. 2595. 3.5 15.
33.091 3 IMU_ACCEL 1 1.313477 -0.155273 -9.540039
33.106 3 ATTITUDE 0. 0. 0.
33.138 3 WP_MOVED 2 649046.125 5253124. 2595. 32
33.138 3 COMMANDS 0,3193,3513
33.154 3 AUTOPILOT_VERSION 60400 v6.4.0_stable
33.202 3 ATTITUDE 0. 0. 0.
33.233 3 NAVIGATION 9 0 0. 0. 0. 0. 0 35 35 1 0 0
33.249 3 GPS 0 0 0 0 0 0 0 0 0 0 0
33.266 3 SVINFO 0 0 0 0 0 0 0
33.282 3 DESIRED 0.36 0.25 0.8 60. 60. 2595. 3.5 15.
33.283 3 IMU_GYRO 1 -0.025391 0.024658 -0.032959
33.298 3 ATTITUDE 0. 0. 0.
33.378 3 IMU_MAG 0 0. 0. 0.
33.394 3 ATTITUDE 0. 0. 0.
33.426 3 FBW_STATUS 2 0 1 11.398955 0.
33.442 3 CIRCLE 0. 0. -60.
33.474 3 DESIRED 0.36 0.25 0.8 60. 60. 2595. 3.5 15.
33.506 3 GPS 0 0 0 0 0 0 0 0 0 0 0
33.522 3 SVINFO 0 0 0 0 0 0 0
33.523 3 ATTITUDE 0. 0. 0.
33.524 3 ESTIMATOR 2575.356934 -0.085709
33.602 3 ATTITUDE 0. 0. 0.
33.634 3 DL_VALUE 23 0.
33.635 3 WP_MOVED 0 649123. 5253077. 2595. 32
33.682 3 DESIRED 0.36 0.27 0.8 60. 60. 2595. 3.5 15.
33.698 3 ATTITUDE 0. 0. 0.
33.762 3 GPS 0 0 0 0 0 0 0 0 0 0 0
33.763 3 SVINFO 0 0 0 0 0 0 0
33.794 3 ATTITUDE 0. 0. 0.
33.827 3 ENERGY 0 11.39277 0. 0. 0. 0. 0.
33.901 3 DESIRED 0.36 0.28 0.8 60. 60. 2595. 3.7 15.
33.902 3 IMU_ACCEL 1 1.328125 -0.140625 -9.549805
33.903 3 IMU_GYRO 1 -0.025879 0.023682 -0.033936
33.903 3 ATTITUDE 0. 0. 0.
33.932 3 AIRSPEED 0. 0. 0. 0.
34.020 3 LINK_REPORT 3 -1 34 0 32289 1346 0 970. 40. 6 52.89
34.026 3 GPS 0 0 0 0 0 0 0 0 0 0 0
34.027 3 SVINFO 0 0 0 0 0 0 0
34.027 3 ATTITUDE 0. 0. 0.
34.041 3 GPS_SOL 0 0 0 0
34.042 3 ESTIMATOR 2574.483887 -0.535011
34.042 3 FBW_STATUS 2 0 1 11.39277 0.
34.074 3 DESIRED 0.36 0.28 0.8 60. 60. 2595. 3.7 15.
34.105 3 ATTITUDE 0. 0. 0.
34.137 3 WP_MOVED 1 649123. 5253077. 2595. 32
34.138 3 ACTUATORS 1040,1528,1223
34.169 3 CALIBRATION 0.1 0
34.201 3 ATTITUDE 0. 0. 0.
34.233 3 NAVIGATION 9 0 0. 0. 0. 0. 0 36 36 1 0 0
34.265 3 GPS 0 0 0 0 0 0 0 0 0 0 0
34.266 3 SVINFO 0 0 0 0 0 0 0
34.282 3 DESIRED 0.36 0.28 0.8 60. 60. 2595. 3.7 15.
34.309 3 LOGGER_STATUS 1 0 40960 PPRZ\pprzlog_0148.LOG,FLIGHT_RECORDER\fr_0155.LOG
34.310 3 ATTITUDE 0. 0. 0.
34.405 3 ATTITUDE 0. 0. 0.
34.498 3 DESIRED 0.36 0.28 0.8 60. 60. 2595. 3.7 15.
34.499 3 IMU_GYRO 1 -0.026367 0.023682 -0.033447
34.500 3 CIRCLE 0. 0. -60.
34.525 3 GPS 0 0 0 0 0 0 0 0 0 0 0
34.526 3 SVINFO 0 0 0 0 0 0 0
34.526 3 ATTITUDE 0. 0. 0.
34.526 3 ESTIMATOR 2574.483887 -0.535011
34.588 3 STATE_FILTER_STATUS 6 5 0
34.604 3 ATTITUDE 0. 0. 0.
34.636 3 WP_MOVED 2 649046.125 5253124. 2595. 32
34.698 3 DESIRED 0.36 0.28 0.8 60. 60. 2595. 3.7 15.
34.699 3 IMU_ACCEL 1 1.310547 -0.150391 -9.549805
34.700 3 IMU_MAG 0 0. 0. 0.
34.700 3 ATTITUDE 0. 0. 0.
34.762 3 GPS 0 0 0 0 0 0 0 0 0 0 0
34.763 3 SVINFO 0 0 0 0 0 0 0
34.794 3 ATTITUDE 0. 0. 0.
34.874 3 PPRZ_MODE 2 3 3 2 0 4
34.890 3 DESIRED 0.36 0.28 0.8 60. 60. 2595. 3.7 15.
34.906 3 ATTITUDE 0. 0. 0.
34.922 3 ENERGY 0 11.3804 0. 0. 0. 0. 0.
34.938 3 AIRSPEED 0. 0. 0. 0.
35.021 3 LINK_REPORT 3 -1 35 0 33300 1387 0 1011. 41. 6 52.89
35.028 3 GPS 0 0 0 0 0 0 0 0 0 0 0
35.029 3 SVINFO 0 0 0 0 0 0 0
35.029 3 ATTITUDE 0. 0. 0.
35.030 3 ESTIMATOR 2574.483887 -0.535011
35.076 3 DESIRED 0.36 0.28 0.8 60. 60. 2595. 3.7 15.
35.092 3 IMU_GYRO 1 -0.025391 0.023682 -0.033447
35.093 3 ATTITUDE 0. 0. 0.
35.124 3 DL_VALUE 24 0.
35.140 3 WP_MOVED 0 649123. 5253077. 2595. 32
35.204 3 ATTITUDE 0. 0. 0.
35.236 3 NAVIGATION 9 0 0. 0. 0. 0. 0 37 37 1 0 0
35.252 3 GPS 0 0 0 0 0 0 0 0 0 0 0
35.268 3 SVINFO 0 0 0 0 0 0 0
35.284 3 DESIRED 0.36 0.28 0.8 60. 60. 2595. 3.8 15.
35.301 3 ALIVE 84,40,203,148,163,75,145,8,131,16,68,252,130,76,54,118
35.316 3 ATTITUDE 0. 0. 0.
35.396 3 ATTITUDE 0. 0. 0.
35.428 3 FBW_STATUS 2 0 1 11.398955 0.
35.477 3 DESIRED 0.36 0.28 0.8 60. 60. 2595. 3.8 15.
35.492 3 IMU_ACCEL 1 1.344727 -0.166992 -9.503906
35.509 3 GPS 0 0 0 0 0 0 0 0 0 0 0
35.524 3 SVINFO 0 0 0 0 0 0 0
35.525 3 ATTITUDE 0. 0. 0.
35.540 3 CIRCLE 0. 0. -60.
35.541 3 ESTIMATOR 2574.087891 -0.388115
35.556 3 PONG 
35.604 3 ATTITUDE 0. 0. 0.
35.636 3 WP_MOVED 1 649123. 5253077. 2595. 32
35.685 3 DESIRED 0.36 0.28 0.8 60. 60. 2595. 3.8 15.
35.685 3 IMU_GYRO 1 -0.025879 0.022949 -0.033447
35.700 3 ATTITUDE 0. 0. 0.
35.765 3 GPS 0 0 0 0 0 0 0 0 0 0 0
35.766 3 SVINFO 0 0 0 0 0 0 0
35.796 3 ATTITUDE 0. 0. 0.
35.877 3 DESIRED 0.36 0.28 0.8 60. 60. 2595. 3.8 15.
35.892 3 ATTITUDE 0. 0. 0.
35.925 3 AIRSPEED 0. 0. 0. 0.
35.989 3 IMU_MAG 0 0. 0. 0.
36.005 3 GPS 0 0 0 0 0 0 0 0 0 0 0
36.021 3 SVINFO 0 0 0 0 0 0 0
36.022 3 ATTITUDE 0. 0. 0.
36.022 3 LINK_REPORT 3 -1 36 0 34279 1428 0 979. 41. 7 55.3
36.037 3 ENERGY 0 11.398955 0. 0. 0. 0. 0.
36.038 3 GPS_SOL 0 0 0 0
36.053 3 ESTIMATOR 2574.087891 -0.388115
36.053 3 FBW_STATUS 2 0 1 11.398955 0.
36.085 3 DESIRED 0.36 0.27 0.8 60. 60. 2595. 3.8 15.
36.101 3 ATTITUDE 0. 0. 0.
36.133 3 WP_MOVED 2 649046.125 5253124. 2595. 32
36.197 3 ATTITUDE 0. 0. 0.
36.229 3 NAVIGATION 9 0 0. 0. 0. 0. 0 38 38 1 0 0
36.261 3 GPS 0 0 0 0 0 0 0 0 0 0 0
36.262 3 SVINFO 0 0 0 0 0 0 0
36.277 3 CALIBRATION 0.1 0
36.308 3 DESIRED 0.36 0.27 0.8 60. 60. 2595. 3.7 15.
36.309 3 IMU_ACCEL 1 1.328125 -0.145508 -9.511719
36.310 3 IMU_GYRO 1 -0.025391 0.023682 -0.033447
36.310 3 ATTITUDE 0. 0. 0.
36.404 3 ATTITUDE 0. 0. 0.
36.485 3 DESIRED 0.36 0.27 0.8 60. 60. 2595. 3.7 15.
36.528 3 GPS 0 0 0 0 0 0 0 0 0 0 0
36.529 3 SVINFO 0 0 0 0 0 0 0
36.530 3 ATTITUDE 0. 0. 0.
36.530 3 ESTIMATOR 2574.205566 -0.172537
36.575 3 CIRCLE 0. 0. -60.
36.607 3 ATTITUDE 0. 0. 0.
36.639 3 COMMANDS 0,3193,3764
36.640 3 DL_VALUE 25 0.
36.641 3 WP_MOVED 0 649123. 5253077. 2595. 32
36.672 3 DESIRED 0.36 0.27 0.8 60. 60. 2595. 3.7 15.
36.703 3 ATTITUDE 0. 0. 0.
36.767 3 GPS 0 0 0 0 0 0 0 0 0 0 0
36.768 3 SVINFO 0 0 0 0 0 0 0
36.783 3 STATE_FILTER_STATUS 6 5 0
36.799 3 ATTITUDE 0. 0. 0.
36.880 3 DESIRED 0.36 0.26 0.8 60. 60. 2595. 3.7 15.
36.881 3 IMU_GYRO 1 -0.025879 0.022949 -0.032959
36.895 3 ATTITUDE 0. 0. 0.
36.927 3 AIRSPEED 0. 0. 0. 0.
37.008 3 GPS 0 0 0 0 0 0 0 0 0 0 0
37.022 3 LINK_REPORT 3 -1 37 0 35189 1466 0 910. 38. 7 55.3
37.023 3 SVINFO 0 0 0 0 0 0 0
37.024 3 ATTITUDE 0. 0. 0.
37.024 3 ESTIMATOR 2574.344971 -0.005593
37.088 3 DESIRED 0.36 0.26 0.8 60. 60. 2595. 3.7 15.
37.089 3 IMU_ACCEL 1 1.323242 -0.178711 -9.561523
37.103 3 ATTITUDE 0. 0. 0.
37.120 3 ENERGY 0 11.398955 0. 0. 0. 0. 0.
37.135 3 WP_MOVED 1 649123. 5253077. 2595. 32
37.199 3 ATTITUDE 0. 0. 0.
37.231 3 NAVIGATION 9 0 0. 0. 0. 0. 0 39 39 1 0 0
37.264 3 GPS 0 0 0 0 0 0 0 0 0 0 0
37.264 3 SVINFO 0 0 0 0 0 0 0
37.280 3 DESIRED 0.36 0.26 0.8 60. 60. 2595. 3.7 15.
37.296 3 IMU_MAG 0 0. 0. 0.
37.311 3 ATTITUDE 0. 0. 0.
37.408 3 ATTITUDE 0. 0. 0.
37.424 3 FBW_STATUS 2 0 1 11.386585 0.
37.488 3 DESIRED 0.36 0.24 0.8 60. 60. 2595. 3.6 15.
37.489 3 IMU_GYRO 1 -0.024902 0.02417 -0.033447
37.520 3 GPS 0 0 0 0 0 0 0 0 0 0 0
37.521 3 SVINFO 0 0 0 0 0 0 0
37.521 3 ATTITUDE 0. 0. 0.
37.521 3 ESTIMATOR 2574.895996 0.327014
37.600 3 ATTITUDE 0. 0. 0.
37.632 3 CIRCLE 0. 0. -60.
37.633 3 WP_MOVED 2 649046.125 5253124. 2595. 32
37.680 3 DESIRED 0.36 0.24 0.8 60. 60. 2595. 3.6 15.
37.696 3 ATTITUDE 0. 0. 0.
37.759 3 GPS 0 0 0 0 0 0 0 0 0 0 0
37.760 3 SVINFO 0 0 0 0 0 0 0
37.792 3 ATTITUDE 0. 0. 0.
37.840 3 DATALINK_REPORT 2 7 0 10605 0 0
37.888 3 DESIRED 0.36 0.24 0.8 60. 60. 2595. 3.6 15.
37.889 3 IMU_ACCEL 1 1.336914 -0.152344 -9.511719
37.904 3 ATTITUDE 0. 0. 0.
37.936 3 AIRSPEED 0. 0. 0. 0.
38.023 3 LINK_REPORT 3 -1 38 0 36068 1502 0 879. 36. 7 55.3
38.026 3 GPS 0 0 0 0 0 0 0 0 0 0 0
38.028 3 SVINFO 0 0 0 0 0 0 0
38.028 3 ATTITUDE 0. 0. 0.
38.042 3 GPS_SOL 0 0 0 0
38.043 3 ESTIMATOR 2574.895996 0.327014
38.043 3 FBW_STATUS 2 0 1 11.398955 0.
38.074 3 DESIRED 0.36 0.24 0.8 60. 60. 2595. 3.6 15.
38.090 3 IMU_GYRO 1 -0.025879 0.021973 -0.032959
38.106 3 ATTITUDE 0. 0. 0.
38.138 3 NAVIGATION_REF 649123 5253077 32 2575.
38.139 3 DL_VALUE 26 0.
38.154 3 WP_MOVED 0 649123. 5253077. 2595. 32
38.155 3 COMMANDS 0,3193,3363
38.202 3 ATTITUDE 0. 0. 0.
38.218 3 ENERGY 0 11.398955 0. 0. 0. 0. 0.
38.251 3 NAVIGATION 9 0 0. 0. 0. 0. 0 40 40 1 0 0
38.266 3 GPS 0 0 0 0 0 0 0 0 0 0 0
38.267 3 SVINFO 0 0 0 0 0 0 0
38.282 3 DESIRED 0.36 0.24 0.8 60. 60. 2595. 3.6 15.
38.298 3 ATTITUDE 0. 0. 0.
38.362 3 CALIBRATION 0.1 0
38.394 3 ATTITUDE 0. 0. 0.
38.475 3 DESIRED 0.36 0.24 0.8 60. 60. 2595. 3.6 15.
38.507 3 GPS 0 0 0 0 0 0 0 0 0 0 0
38.523 3 SVINFO 0 0 0 0 0 0 0
38.524 3 ATTITUDE 0. 0. 0.
38.524 3 ESTIMATOR 2575.137207 0.276345
38.586 3 IMU_MAG 0 0. 0. 0.
38.602 3 ATTITUDE 0. 0. 0.
38.634 3 WP_MOVED 1 649123. 5253077. 2595. 32
38.683 3 DESIRED 0.36 0.24 0.8 60. 60. 2595. 3.6 15.
38.712 3 IMU_ACCEL 1 1.310547 -0.174805 -9.59082
38.712 3 IMU_GYRO 1 -0.0271 0.023682 -0.033447
38.713 3 CIRCLE 0. 0. -60.
38.713 3 ATTITUDE 0. 0. 0.
38.759 3 GPS 0 0 0 0 0 0 0 0 0 0 0
38.760 3 SVINFO 0 0 0 0 0 0 0
38.808 3 ATTITUDE 0. 0. 0.
38.872 3 DESIRED 0.36 0.24 0.8 60. 60. 2595. 3.6 15.
38.904 3 ATTITUDE 0. 0. 0.
38.936 3 AIRSPEED 0. 0. 0. 0.
38.983 3 STATE_FILTER_STATUS 6 5 0
39.024 3 LINK_REPORT 3 -1 39 0 37056 1544 0 988. 42. 7 55.3
39.026 3 GPS 0 0 0 0 0 0 0 0 0 0 0
39.026 3 SVINFO 0 0 0 0 0 0 0
39.027 3 ATTITUDE 0. 0. 0.
39.027 3 ESTIMATOR 2575.137207 0.276345
39.074 3 DESIRED 0.36 0.24 0.8 60. 60. 2595. 3.6 15.
39.106 3 ATTITUDE 0. 0. 0.
39.138 3 WP_MOVED 2 649046.125 5253124. 2595. 32
39.139 3 ACTUATORS 1040,1506,1245
39.202 3 ATTITUDE 0. 0. 0.
39.234 3 NAVIGATION 9 0 0. 0. 0. 0. 0 41 41 1 0 0
39.266 3 GPS 0 0 0 0 0 0 0 0 0 0 0
39.267 3 SVINFO 0 0 0 0 0 0 0
39.282 3 DESIRED 0.36 0.25 0.8 60. 60. 2595. 3.6 15.
39.283 3 IMU_GYRO 1 -0.025879 0.02417 -0.033447
39.298 3 ATTITUDE 0. 0. 0.
39.330 3 ENERGY 0 11.386585 0. 0. 0. 0. 0.
39.395 3 LOGGER_STATUS 1 0 73728 PPRZ\pprzlog_0148.LOG,FLIGHT_RECORDER\fr_0155.LOG
39.396 3 ATTITUDE 0. 0. 0.
39.426 3 FBW_STATUS 2 0 1 11.398955 0.
39.474 3 DESIRED 0.36 0.26 0.8 60. 60. 2595. 3.6 15.
39.490 3 IMU_ACCEL 1 1.31543 -0.165039 -9.549805
39.506 3 GPS 0 0 0 0 0 0 0 0 0 0 0
39.522 3 SVINFO 0 0 0 0 0 0 0
39.523 3 ATTITUDE 0. 0. 0.
39.523 3 ESTIMATOR 2574.743652 -0.078856
39.602 3 ATTITUDE 0. 0. 0.
39.634 3 DL_VALUE 27 140.
39.635 3 WP_MOVED 0 649123. 5253077. 2595. 32
39.682 3 DESIRED 0.36 0.26 0.8 60. 60. 2595. 3.6 15.
39.698 3 ATTITUDE 0. 0. 0.
39.733 3 CIRCLE 0. 0. -60.
39.762 3 GPS 0 0 0 0 0 0 0 0 0 0 0
39.763 3 SVINFO 0 0 0 0 0 0 0
39.763 3 PPRZ_MODE 2 3 3 2 0 4
39.794 3 ATTITUDE 0. 0. 0.
39.901 3 DESIRED 0.36 0.26 0.8 60. 60. 2595. 3.6 15.
39.902 3 IMU_GYRO 1 -0.026367 0.023682 -0.033447
39.902 3 IMU_MAG 0 0. 0. 0.
39.903 3 ATTITUDE 0. 0. 0.
39.932 3 AIRSPEED 0. 0. 0. 0.
40.025 3 GPS 0 0 0 0 0 0 0 0 0 0 0
40.026 3 SVINFO 0 0 0 0 0 0 0
40.026 3 ATTITUDE 0. 0. 0.
40.027 3 LINK_REPORT 3 -1 40 0 38128 1587 0 1072. 43. 7 55.3
40.040 3 GPS_SOL 0 0 0 0
40.041 3 ESTIMATOR 2574.743652 -0.078856
40.041 3 FBW_STATUS 2 0 1 11.398955 0.
40.073 3 DESIRED 0.36 0.26 0.8 60. 60. 2595. 3.6 15.
40.104 3 ATTITUDE 0. 0. 0.
40.136 3 WP_MOVED 1 649123. 5253077. 2595. 32
40.200 3 ATTITUDE 0. 0. 0.
40.234 3 NAVIGATION 9 0 0. 0. 0. 0. 0 42 42 1 0 0
40.265 3 GPS 0 0 0 0 0 0 0 0 0 0 0
40.266 3 SVINFO 0 0 0 0 0 0 0
40.281 3 DESIRED 0.36 0.27 0.8 60. 60. 2595. 3.6 15.
40.281 3 IMU_ACCEL 1 1.323242 -0.162109 -9.549805
40.296 3 ATTITUDE 0. 0. 0.
40.393 3 ALIVE 84,40,203,148,163,75,145,8,131,16,68,252,130,76,54,118
40.409 3 ATTITUDE 0. 0. 0.
40.425 3 ENERGY 0 11.39277 0. 0. 0. 0. 0.
40.473 3 CALIBRATION 0.1 0
40.489 3 DESIRED 0.36 0.27 0.8 60. 60. 2595. 3.7 15.
40.491 3 IMU_GYRO 1 -0.025879 0.022949 -0.033447
40.521 3 GPS 0 0 0 0 0 0 0 0 0 0 0
40.523 3 SVINFO 0 0 0 0 0 0 0
40.523 3 ATTITUDE 0. 0. 0.
40.537 3 ESTIMATOR 2574.362061 -0.253014
40.552 3 PONG 
40.601 3 ATTITUDE 0. 0. 0.
40.633 3 WP_MOVED 2 649046.125 5253124. 2595. 32
40.681 3 DESIRED 0.36 0.27 0.8 60. 60. 2595. 3.7 15.
40.697 3 ATTITUDE 0. 0. 0.
40.760 3 GPS 0 0 0 0 0 0 0 0 0 0 0
40.761 3 SVINFO 0 0 0 0 0 0 0
40.777 3 CIRCLE 0. 0. -60.
40.793 3 ATTITUDE 0. 0. 0.
40.873 3 DESIRED 0.36 0.26 0.8 60. 60. 2595. 3.7 15.
40.905 3 ATTITUDE 0. 0. 0.
40.937 3 AIRSPEED 0. 0. 0. 0.
41.017 3 GPS 0 0 0 0 0 0 0 0 0 0 0
41.018 3 SVINFO 0 0 0 0 0 0 0
41.019 3 ATTITUDE 0. 0. 0.
41.025 3 LINK_REPORT 3 -1 41 0 39046 1625 0 918. 38. 8 51.1
41.033 3 ESTIMATOR 2574.468262 -0.100299
41.081 3 DESIRED 0.36 0.26 0.8 60. 60. 2595. 3.7 15.
41.097 3 IMU_ACCEL 1 1.334961 -0.165039 -9.530273
41.098 3 IMU_GYRO 1 -0.025879 0.023682 -0.033447
41.098 3 ATTITUDE 0. 0. 0.
41.129 3 DL_VALUE 28 0.
41.130 3 WP_MOVED 0 649123. 5253077. 2595. 32
41.177 3 IMU_MAG 0 0. 0. 0.
41.193 3 STATE_FILTER_STATUS 6 5 0
41.209 3 ATTITUDE 0. 0. 0.
41.242 3 NAVIGATION 9 0 0. 0. 0. 0. 0 43 43 1 0 0
41.258 3 GPS 0 0 0 0 0 0 0 0 0 0 0
41.259 3 SVINFO 0 0 0 0 0 0 0
41.273 3 DESIRED 0.36 0.26 0.8 60. 60. 2595. 3.7 15.
41.310 3 ATTITUDE 0. 0. 0.
41.401 3 ATTITUDE 0. 0. 0.
41.433 3 FBW_STATUS 2 0 1 11.39277 0.
41.482 3 DESIRED 0.36 0.26 0.8 60. 60. 2595. 3.7 15.
41.525 3 GPS 0 0 0 0 0 0 0 0 0 0 0
41.526 3 SVINFO 0 0 0 0 0 0 0
41.526 3 ATTITUDE 0. 0. 0.
41.540 3 ENERGY 0 11.398955 0. 0. 0. 0. 0.
41.542 3 ESTIMATOR 2574.468262 -0.100299
41.604 3 ATTITUDE 0. 0. 0.
41.636 3 COMMANDS 0,3193,3677
41.637 3 WP_MOVED 1 649123. 5253077. 2595. 32
41.685 3 DESIRED 0.36 0.26 0.8 60. 60. 2595. 3.7 15.
41.686 3 IMU_GYRO 1 -0.025391 0.023682 -0.032959
41.700 3 ATTITUDE 0. 0. 0.
41.764 3 GPS 0 0 0 0 0 0 0 0 0 0 0
41.765 3 SVINFO 0 0 0 0 0 0 0
41.796 3 ATTITUDE 0. 0. 0.
41.828 3 CIRCLE 0. 0. -60.
41.877 3 DESIRED 0.36 0.26 0.8 60. 60. 2595. 3.7 15.
41.893 3 IMU_ACCEL 1 1.339844 -0.166992 -9.506836
41.893 3 ATTITUDE 0. 0. 0.
41.924 3 AIRSPEED 0. 0. 0. 0.
42.005 3 GPS 0 0 0 0 0 0 0 0 0 0 0
42.021 3 SVINFO 0 0 0 0 0 0 0
42.021 3 ATTITUDE 0. 0. 0.
42.026 3 LINK_REPORT 3 -1 42 0 40002 1665 0 956. 40. 8 51.1
42.036 3 GPS_SOL 0 0 0 0
42.037 3 ESTIMATOR 2575.425049 0.51422
42.038 3 FBW_STATUS 2 0 1 11.39277 0.
42.069 3 DESIRED 0.36 0.23 0.8 60. 60. 2595. 3.5 15.
42.101 3 ATTITUDE 0. 0. 0.
42.133 3 WP_MOVED 2 649046.125 5253124. 2595. 32
42.197 3 ATTITUDE 0. 0. 0.
42.245 3 NAVIGATION 9 0 0. 0. 0. 0. 0 44 44 1 0 0
42.261 3 GPS 0 0 0 0 0 0 0 0 0 0 0
42.262 3 SVINFO 0 0 0 0 0 0 0
42.277 3 DESIRED 0.36 0.23 0.8 60. 60. 2595. 3.5 15.
42.278 3 IMU_GYRO 1 -0.025391 0.022949 -0.033936
42.293 3 ATTITUDE 0. 0. 0.
42.405 3 ATTITUDE 0. 0. 0.
42.485 3 DESIRED 0.36 0.23 0.8 60. 60. 2595. 3.5 15.
42.501 3 IMU_MAG 0 0. 0. 0.
42.527 3 GPS 0 0 0 0 0 0 0 0 0 0 0
42.528 3 SVINFO 0 0 0 0 0 0 0
42.529 3 ATTITUDE 0. 0. 0.
42.529 3 ESTIMATOR 2575.619385 0.446802
42.575 3 CALIBRATION 0.1 0
42.591 3 ATTITUDE 0. 0. 0.
42.623 3 ENERGY 0 11.39277 0. 0. 0. 0. 0.
42.639 3 DL_VALUE 29 0.
42.639 3 WP_MOVED 0 649123. 5253077. 2595. 32
42.687 3 DESIRED 0.36 0.23 0.8 60. 60. 2595. 3.5 15.
42.688 3 IMU_ACCEL 1 1.330078 -0.171875 -9.556641
42.703 3 ATTITUDE 0. 0. 0.
42.750 3 GPS 0 0 0 0 0 0 0 0 0 0 0
42.767 3 SVINFO 0 0 0 0 0 0 0
42.799 3 ATTITUDE 0. 0. 0.
42.880 3 DESIRED 0.36 0.23 0.8 60. 60. 2595. 3.5 15.
42.895 3 IMU_GYRO 1 -0.0271 0.027344 -0.033447
42.896 3 CIRCLE 0. 0. -60.
42.897 3 ATTITUDE 0. 0. 0.
42.927 3 DATALINK_REPORT 2 8 0 54341 0 0
42.943 3 AIRSPEED 0. 0. 0. 0.
43.008 3 GPS 0 0 0 0 0 0 0 0 0 0 0
43.023 3 SVINFO 0 0 0 0 0 0 0
43.024 3 ATTITUDE 0. 0. 0.
43.024 3 ESTIMATOR 2575.619385 0.446802
43.027 3 LINK_REPORT 3 -1 43 0 40977 1706 0 975. 41. 8 51.1
43.072 3 DESIRED 0.36 0.23 0.8 60. 60. 2595. 3.5 15.
43.103 3 ATTITUDE 0. 0. 0.
43.135 3 WP_MOVED 1 649123. 5253077. 2595. 32
43.136 3 COMMANDS 0,3193,3168
43.199 3 ATTITUDE 0. 0. 0.
43.236 3 NAVIGATION 9 0 0. 0. 0. 0. 0 45 45 1 0 0
43.263 3 GPS 0 0 0 0 0 0 0 0 0 0 0
43.264 3 SVINFO 0 0 0 0 0 0 0
43.280 3 DESIRED 0.36 0.23 0.8 60. 60. 2595. 3.5 15.
43.295 3 ATTITUDE 0. 0. 0.
43.391 3 STATE_FILTER_STATUS 6 5 0
43.408 3 ATTITUDE 0. 0. 0.
43.424 3 FBW_STATUS 2 0 1 11.386585 0.
43.499 3 DESIRED 0.36 0.23 0.8 60. 60. 2595. 3.5 15.
43.500 3 IMU_ACCEL 1 1.325195 -0.165039 -9.518555
43.501 3 IMU_GYRO 1 -0.025391 0.022949 -0.033447
43.526 3 GPS 0 0 0 0 0 0 0 0 0 0 0
43.527 3 SVINFO 0 0 0 0 0 0 0
43.527 3 ATTITUDE 0. 0. 0.
43.528 3 ESTIMATOR 2575.619385 0.446802
43.606 3 ATTITUDE 0. 0. 0.
43.638 3 WP_MOVED 2 649046.125 5253124. 2595. 32
43.686 3 DESIRED 0.36 0.23 0.8 60. 60. 2595. 3.5 15.
43.701 3 ATTITUDE 0. 0. 0.
43.718 3 ENERGY 0 11.39277 0. 0. 0. 0. 0.
43.766 3 GPS 0 0 0 0 0 0 0 0 0 0 0
43.767 3 SVINFO 0 0 0 0 0 0 0
43.781 3 IMU_MAG 0 0. 0. 0.
43.798 3 ATTITUDE 0. 0. 0.
43.878 3 DESIRED 0.36 0.26 0.8 60. 60. 2595. 3.6 15.
43.893 3 ATTITUDE 0. 0. 0.
43.942 3 CIRCLE 0. 0. -60.
43.943 3 AIRSPEED 0. 0. 0. 0.
44.006 3 GPS 0 0 0 0 0 0 0 0 0 0 0
44.022 3 SVINFO 0 0 0 0 0 0 0
44.023 3 ATTITUDE 0. 0. 0.
44.028 3 LINK_REPORT 3 -1 44 0 41862 1742 0 885. 36. 8 51.1
44.038 3 GPS_SOL 0 0 0 0
44.038 3 ESTIMATOR 2575.035645 -0.152979
44.039 3 FBW_STATUS 2 0 1 11.39277 0.
44.086 3 DESIRED 0.36 0.26 0.8 60. 60. 2595. 3.6 15.
44.087 3 IMU_GYRO 1 -0.026367 0.023682 -0.033936
44.102 3 ATTITUDE 0. 0. 0.
44.134 3 DL_VALUE 30 0.
44.134 3 WP_MOVED 0 649123. 5253077. 2595. 32
44.135 3 ACTUATORS 1040,1516,1235
44.198 3 ATTITUDE 0. 0. 0.
44.230 3 NAVIGATION 9 0 0. 0. 0. 0. 0 46 46 1 0 0
44.277 3 AUTOPILOT_VERSION 60400 v6.4.0_stable
44.278 3 GPS 0 0 0 0 0 0 0 0 0 0 0
44.279 3 SVINFO 0 0 0 0 0 0 0
44.280 3 DESIRED 0.36 0.26 0.8 60. 60. 2595. 3.6 15.
44.293 3 IMU_ACCEL 1 1.308594 -0.162109 -9.554688
44.294 3 ATTITUDE 0. 0. 0.
44.405 3 ATTITUDE 0. 0. 0.
44.498 3 LOGGER_STATUS 1 0 106496 PPRZ\pprzlog_0148.LOG,FLIGHT_RECORDER\fr_0155.LOG
44.498 3 DESIRED 0.36 0.26 0.8 60. 60. 2595. 3.6 15.
44.525 3 GPS 0 0 0 0 0 0 0 0 0 0 0
44.526 3 SVINFO 0 0 0 0 0 0 0
44.526 3 ATTITUDE 0. 0. 0.
44.527 3 ESTIMATOR 2574.878174 -0.202296
44.604 3 ATTITUDE 0. 0. 0.
44.637 3 WP_MOVED 1 649123. 5253077. 2595. 32
44.697 3 PPRZ_MODE 2 3 3 2 0 4
44.698 3 CALIBRATION 0.1 0
44.698 3 DESIRED 0.36 0.26 0.8 60. 60. 2595. 3.6 15.
44.699 3 IMU_GYRO 1 -0.025879 0.022461 -0.033447
44.699 3 ATTITUDE 0. 0. 0.
44.761 3 GPS 0 0 0 0 0 0 0 0 0 0 0
44.761 3 SVINFO 0 0 0 0 0 0 0
44.793 3 ATTITUDE 0. 0. 0.
44.825 3 ENERGY 0 11.39277 0. 0. 0. 0. 0.
44.873 3 DESIRED 0.36 0.26 0.8 60. 60. 2595. 3.6 15.
44.905 3 ATTITUDE 0. 0. 0.
44.937 3 AIRSPEED 0. 0. 0. 0.
44.985 3 CIRCLE 0. 0. -60.
45.018 3 GPS 0 0 0 0 0 0 0 0 0 0 0
45.018 3 SVINFO 0 0 0 0 0 0 0
45.019 3 ATTITUDE 0. 0. 0.
45.029 3 LINK_REPORT 3 -1 45 0 42900 1784 0 1038. 42. 8 51.1
45.033 3 ESTIMATOR 2574.878174 -0.202296
45.097 3 DESIRED 0.36 0.27 0.8 60. 60. 2595. 3.7 15.
45.100 3 IMU_ACCEL 1 1.310547 -0.165039 -9.556641
45.101 3 IMU_MAG 0 0. 0. 0.
45.101 3 ATTITUDE 0. 0. 0.
45.129 3 WP_MOVED 2 649046.125 5253124. 2595. 32
45.193 3 ATTITUDE 0. 0. 0.
45.240 3 NAVIGATION 9 0 0. 0. 0. 0. 0 47 47 1 0 0
45.256 3 GPS 0 0 0 0 0 0 0 0 0 0 0
45.256 3 SVINFO 0 0 0 0 0 0 0
45.289 3 DESIRED 0.36 0.27 0.8 60. 60. 2595. 3.7 15.
45.290 3 IMU_GYRO 1 -0.026367 0.024658 -0.032959
45.305 3 ATTITUDE 0. 0. 0.
45.401 3 ATTITUDE 0. 0. 0.
45.433 3 FBW_STATUS 2 0 1 11.398955 0.
45.481 3 DESIRED 0.36 0.27 0.8 60. 60. 2595. 3.7 15.
45.497 3 ALIVE 84,40,203,148,163,75,145,8,131,16,68,252,130,76,54,118
45.525 3 GPS 0 0 0 0 0 0 0 0 0 0 0
45.526 3 SVINFO 0 0 0 0 0 0 0
45.526 3 ATTITUDE 0. 0. 0.
45.527 3 ESTIMATOR 2574.668945 -0.242248
45.541 3 PONG 
45.589 3 STATE_FILTER_STATUS 6 5 0
45.605 3 ATTITUDE 0. 0. 0.
45.637 3 DL_VALUE 31 0.18
45.637 3 WP_MOVED 0 649123. 5253077. 2595. 32
45.669 3 DESIRED 0.36 0.26 0.8 60. 60. 2595. 3.6 15.
45.701 3 ATTITUDE 0. 0. 0.
45.765 3 GPS 0 0 0 0 0 0 0 0 0 0 0
45.765 3 SVINFO 0 0 0 0 0 0 0
45.797 3 ATTITUDE 0. 0. 0.
45.907 3 DESIRED 0.36 0.26 0.8 60. 60. 2595. 3.6 15.
45.908 3 IMU_ACCEL 1 1.306641 -0.183594 -9.503906
45.909 3 IMU_GYRO 1 -0.025879 0.02417 -0.033936
45.909 3 ATTITUDE 0. 0. 0.
45.923 3 ENERGY 0 11.39277 0. 0. 0. 0. 0.
45.939 3 AIRSPEED 0. 0. 0. 0.
46.019 3 GPS 0 0 0 0 0 0 0 0 0 0 0
46.020 3 SVINFO 0 0 0 0 0 0 0
46.021 3 ATTITUDE 0. 0. 0.
46.030 3 LINK_REPORT 3 -1 46 0 43854 1824 0 954. 40. 9 38.19
46.035 3 GPS_SOL 0 0 0 0
46.051 3 CIRCLE 0. 0. -60.
46.052 3 ESTIMATOR 2574.73291 -0.132618
46.052 3 FBW_STATUS 2 0 1 11.398955 0.
46.083 3 DESIRED 0.36 0.26 0.8 60. 60. 2595. 3.6 15.
46.099 3 ATTITUDE 0. 0. 0.
46.131 3 WP_MOVED 1 649123. 5253077. 2595. 32
46.195 3 ATTITUDE 0. 0. 0.
46.243 3 NAVIGATION 9 0 0. 0. 0. 0. 0 48 48 1 0 0
46.259 3 GPS 0 0 0 0 0 0 0 0 0 0 0
46.259 3 SVINFO 0 0 0 0 0 0 0
46.276 3 DESIRED 0.36 0.27 0.8 60. 60. 2595. 3.6 15.
46.291 3 ATTITUDE 0. 0. 0.
46.371 3 IMU_MAG 0 0. 0. 0.
46.403 3 ATTITUDE 0. 0. 0.
46.484 3 DESIRED 0.36 0.27 0.8 60. 60. 2595. 3.7 15.
46.485 3 IMU_GYRO 1 -0.025879 0.023682 -0.033447
46.526 3 GPS 0 0 0 0 0 0 0 0 0 0 0
46.535 3 SVINFO 0 0 0 0 0 0 0
46.535 3 ATTITUDE 0. 0. 0.
46.535 3 ESTIMATOR 2574.392822 -0.276442
46.605 3 ATTITUDE 0. 0. 0.
46.637 3 COMMANDS 0,3193,3789
46.638 3 WP_MOVED 2 649046.125 5253124. 2595. 32
46.686 3 DESIRED 0.36 0.27 0.8 60. 60. 2595. 3.7 15.
46.686 3 IMU_ACCEL 1 1.333008 -0.169922 -9.540039
46.701 3 ATTITUDE 0. 0. 0.
46.750 3 GPS 0 0 0 0 0 0 0 0 0 0 0
46.765 3 SVINFO 0 0 0 0 0 0 0
46.766 3 CALIBRATION 0.1 0
46.798 3 ATTITUDE 0. 0. 0.
46.878 3 DESIRED 0.36 0.27 0.8 60. 60. 2595. 3.7 15.
46.894 3 ATTITUDE 0. 0. 0.
46.926 3 AIRSPEED 0. 0. 0. 0.
47.006 3 GPS 0 0 0 0 0 0 0 0 0 0 0
47.022 3 SVINFO 0 0 0 0 0 0 0
47.022 3 ATTITUDE 0. 0. 0.
47.031 3 LINK_REPORT 3 -1 47 0 44742 1861 0 888. 37. 9 38.19
47.038 3 ENERGY 0 11.39277 0. 0. 0. 0. 0.
47.039 3 ESTIMATOR 2574.262207 -0.250208
47.096 3 DESIRED 0.36 0.27 0.8 60. 60. 2595. 3.7 15.
47.097 3 IMU_GYRO 1 -0.025879 0.023682 -0.033447
47.097 3 CIRCLE 0. 0. -60.
47.098 3 ATTITUDE 0. 0. 0.
47.144 3 NAVIGATION_REF 649123 5253077 32 2575.
47.145 3 DL_VALUE 32 0.
47.145 3 WP_MOVED 0 649123. 5253077. 2595. 32
47.192 3 ATTITUDE 0. 0. 0.
47.240 3 NAVIGATION 9 0 0. 0. 0. 0. 0 49 49 1 0 0
47.255 3 GPS 0 0 0 0 0 0 0 0 0 0 0
47.256 3 SVINFO 0 0 0 0 0 0 0
47.272 3 DESIRED 0.36 0.27 0.8 60. 60. 2595. 3.7 15.
47.304 3 ATTITUDE 0. 0. 0.
47.400 3 ATTITUDE 0. 0. 0.
47.432 3 FBW_STATUS 2 0 1 11.374215 0.
47.480 3 DESIRED 0.36 0.27 0.8 60. 60. 2595. 3.7 15.
47.481 3 IMU_ACCEL 1 1.328125 -0.157227 -9.516602
47.526 3 GPS 0 0 0 0 0 0 0 0 0 0 0
47.528 3 SVINFO 0 0 0 0 0 0 0
47.528 3 ATTITUDE 0. 0. 0.
47.529 3 ESTIMATOR 2574.199463 -0.230441
47.606 3 ATTITUDE 0. 0. 0.
47.622 3 WP_MOVED 1 649123. 5253077. 2595. 32
47.697 3 DESIRED 0.36 0.27 0.8 60. 60. 2595. 3.7 15.
47.699 3 IMU_GYRO 1 -0.025879 0.022949 -0.033447
47.699 3 IMU_MAG 0 0. 0. 0.
47.699 3 ATTITUDE 0. 0. 0.
47.761 3 GPS 0 0 0 0 0 0 0 0 0 0 0
47.761 3 SVINFO 0 0 0 0 0 0 0
47.793 3 STATE_FILTER_STATUS 6 5 0
47.809 3 ATTITUDE 0. 0. 0.
47.874 3 DESIRED 0.36 0.27 0.8 60. 60. 2595. 3.7 15.
47.905 3 ATTITUDE 0. 0. 0.
47.937 3 AIRSPEED 0. 0. 0. 0.
48.018 3 GPS 0 0 0 0 0 0 0 0 0 0 0
48.019 3 SVINFO 0 0 0 0 0 0 0
48.019 3 ATTITUDE 0. 0. 0.
48.032 3 LINK_REPORT 3 -1 48 0 45683 1900 0 941. 39. 9 38.19
48.033 3 DATALINK_REPORT 3 9 0 41112 0 0
48.034 3 GPS_SOL 0 0 0 0
48.049 3 ESTIMATOR 2574.199463 -0.230441
48.050 3 FBW_STATUS 2 0 1 11.39277 0.
48.082 3 DESIRED 0.36 0.27 0.8 60. 60. 2595. 3.7 15.
48.097 3 ATTITUDE 0. 0. 0.
48.130 3 ENERGY 0 11.40514 0. 0. 0. 0. 0.
48.145 3 CIRCLE 0. 0. -60.
48.146 3 WP_MOVED 2 649046.125 5253124. 2595. 32
48.147 3 COMMANDS 0,3193,3798
48.193 3 ATTITUDE 0. 0. 0.
48.243 3 NAVIGATION 9 0 0. 0. 0. 0. 0 50 50 1 0 0
48.257 3 GPS 0 0 0 0 0 0 0 0 0 0 0
48.257 3 SVINFO 0 0 0 0 0 0 0
48.300 3 DESIRED 0.36 0.27 0.8 60. 60. 2595. 3.7 15.
48.301 3 IMU_ACCEL 1 1.323242 -0.176758 -9.518555
48.302 3 IMU_GYRO 1 -0.025879 0.02417 -0.033936
48.302 3 ATTITUDE 0. 0. 0.
48.396 3 ATTITUDE 0. 0. 0.
48.476 3 DESIRED 0.36 0.27 0.8 60. 60. 2595. 3.7 15.
48.508 3 GPS 0 0 0 0 0 0 0 0 0 0 0
48.510 3 SVINFO 0 0 0 0 0 0 0
48.524 3 ATTITUDE 0. 0. 0.
48.524 3 ESTIMATOR 2574.199463 -0.230441
48.604 3 ATTITUDE 0. 0. 0.
48.636 3 DL_VALUE 33 0.4
48.636 3 WP_MOVED 0 649123. 5253077. 2595. 32
48.684 3 DESIRED 0.36 0.27 0.8 60. 60. 2595. 3.7 15.
48.700 3 ATTITUDE 0. 0. 0.
48.764 3 GPS 0 0 0 0 0 0 0 0 0 0 0
48.764 3 SVINFO 0 0 0 0 0 0 0
48.796 3 ATTITUDE 0. 0. 0.
48.876 3 CALIBRATION 0.1 0
48.892 3 DESIRED 0.36 0.27 0.8 60. 60. 2595. 3.7 15.
48.893 3 IMU_GYRO 1 -0.025391 0.022949 -0.034424
48.893 3 ATTITUDE 0. 0. 0.
48.924 3 AIRSPEED 0. 0. 0. 0.
48.972 3 IMU_MAG 0 0. 0. 0.
49.004 3 GPS 0 0 0 0 0 0 0 0 0 0 0
49.020 3 SVINFO 0 0 0 0 0 0 0
49.021 3 ATTITUDE 0. 0. 0.
49.032 3 LINK_REPORT 3 -1 49 0 46657 1941 0 974. 41. 9 38.19
49.036 3 ESTIMATOR 2574.199463 -0.230441
49.084 3 DESIRED 0.36 0.25 0.8 60. 60. 2595. 3.6 15.
49.085 3 IMU_ACCEL 1 1.310547 -0.174805 -9.516602
49.100 3 ATTITUDE 0. 0. 0.
49.132 3 WP_MOVED 1 649123. 5253077. 2595. 32
49.133 3 ACTUATORS 1040,1509,1242
49.180 3 CIRCLE 0. 0. -60.
49.196 3 ATTITUDE 0. 0. 0.
49.229 3 ENERGY 0 11.398955 0. 0. 0. 0. 0.
49.244 3 NAVIGATION 9 0 0. 0. 0. 0. 0 51 51 1 0 0
49.260 3 GPS 0 0 0 0 0 0 0 0 0 0 0
49.260 3 SVINFO 0 0 0 0 0 0 0
49.276 3 DESIRED 0.36 0.25 0.8 60. 60. 2595. 3.6 15.
49.292 3 ATTITUDE 0. 0. 0.
49.404 3 ATTITUDE 0. 0. 0.
49.436 3 FBW_STATUS 2 0 1 11.398955 0.
49.485 3 DESIRED 0.36 0.25 0.8 60. 60. 2595. 3.6 15.
49.486 3 IMU_GYRO 1 -0.025879 0.02417 -0.033447
49.527 3 GPS 0 0 0 0 0 0 0 0 0 0 0
49.528 3 SVINFO 0 0 0 0 0 0 0
49.528 3 ATTITUDE 0. 0. 0.
49.528 3 ESTIMATOR 2574.730713 0.24501
49.575 3 LOGGER_STATUS 1 0 147456 PPRZ\pprzlog_0148.LOG,FLIGHT_RECORDER\fr_0155.LOG
49.575 3 PPRZ_MODE 2 3 3 2 0 4
49.605 3 ATTITUDE 0. 0. 0.
49.638 3 WP_MOVED 2 649046.125 5253124. 2595. 32
49.670 3 DESIRED 0.36 0.25 0.8 60. 60. 2595. 3.6 15.
49.701 3 ATTITUDE 0. 0. 0.
49.766 3 GPS 0 0 0 0 0 0 0 0 0 0 0
49.767 3 SVINFO 0 0 0 0 0 0 0
49.797 3 ATTITUDE 0. 0. 0.
49.878 3 DESIRED 0.36 0.25 0.8 60. 60. 2595. 3.6 15.
49.879 3 IMU_ACCEL 1 1.301758 -0.176758 -9.533203
49.894 3 ATTITUDE 0. 0. 0.
49.926 3 AIRSPEED 0. 0. 0. 0.
49.990 3 STATE_FILTER_STATUS 6 5 0
50.006 3 GPS 0 0 0 0 0 0 0 0 0 0 0
50.022 3 SVINFO 0 0 0 0 0 0 0
50.023 3 ATTITUDE 0. 0. 0.
50.033 3 LINK_REPORT 3 -1 50 0 47636 1980 0 979. 39. 9 38.19
50.038 3 GPS_SOL 0 0 0 0
50.038 3 ESTIMATOR 2574.730713 0.24501
50.038 3 FBW_STATUS 2 0 1 11.39277 0.
50.086 3 DESIRED 0.36 0.25 0.8 60. 60. 2595. 3.6 15.
50.091 3 IMU_GYRO 1 -0.025391 0.023682 -0.032959
50.101 3 ATTITUDE 0. 0. 0.
50.134 3 DL_VALUE 34 0.5
50.134 3 WP_MOVED 0 649123. 5253077. 2595. 32
50.198 3 ATTITUDE 0. 0. 0.
50.230 3 CIRCLE 0. 0. -60.
50.245 3 NAVIGATION 9 0 0. 0. 0. 0. 0 52 52 1 0 0
50.262 3 GPS 0 0 0 0 0 0 0 0 0 0 0
50.262 3 SVINFO 0 0 0 0 0 0 0
50.278 3 DESIRED 0.36 0.23 0.8 60. 60. 2595. 3.6 15.
50.294 3 IMU_MAG 0 0. 0. 0.
50.310 3 ATTITUDE 0. 0. 0.
50.326 3 ENERGY 0 11.3804 0. 0. 0. 0. 0.
50.406 3 ATTITUDE 0. 0. 0.
50.470 3 DESIRED 0.36 0.22 0.8 60. 60. 2595. 3.5 15.
50.518 3 GPS 0 0 0 0 0 0 0 0 0 0 0
50.519 3 SVINFO 0 0 0 0 0 0 0
50.520 3 ATTITUDE 0. 0. 0.
50.534 3 ESTIMATOR 2575.484619 0.54578
50.550 3 PONG 
50.566 3 ALIVE 84,40,203,148,163,75,145,8,131,16,68,252,130,76,54,118
50.598 3 ATTITUDE 0. 0. 0.
50.630 3 WP_MOVED 1 649123. 5253077. 2595. 32
50.707 3 DESIRED 0.36 0.22 0.8 60. 60. 2595. 3.5 15.
50.708 3 IMU_ACCEL 1 1.320312 -0.198242 -9.52832
50.709 3 IMU_GYRO 1 -0.026367 0.023682 -0.033936
50.709 3 ATTITUDE 0. 0. 0.
50.755 3 GPS 0 0 0 0 0 0 0 0 0 0 0
50.755 3 SVINFO 0 0 0 0 0 0 0
50.803 3 ATTITUDE 0. 0. 0.
50.883 3 DESIRED 0.36 0.22 0.8 60. 60. 2595. 3.5 15.
50.899 3 ATTITUDE 0. 0. 0.
50.931 3 AIRSPEED 0. 0. 0. 0.
50.963 3 CALIBRATION 0. 0
51.025 3 GPS 0 0 0 0 0 0 0 0 0 0 0
51.026 3 SVINFO 0 0 0 0 0 0 0
51.027 3 ATTITUDE 0. 0. 0.
51.027 3 ESTIMATOR 2575.484619 0.54578
51.034 3 LINK_REPORT 3 -1 51 0 48625 2022 0 989. 42. 10 46.95
51.073 3 DESIRED 0.36 0.22 0.8 60. 60. 2595. 3.5 15.
51.104 3 ATTITUDE 0. 0. 0.
51.136 3 WP_MOVED 2 649046.125 5253124. 2595. 32
51.200 3 ATTITUDE 0. 0. 0.
51.233 3 NAVIGATION 9 0 0. 0. 0. 0. 0 53 53 1 0 0
51.265 3 GPS 0 0 0 0 0 0 0 0 0 0 0
51.266 3 SVINFO 0 0 0 0 0 0 0
51.281 3 DESIRED 0.36 0.22 0.8 60. 60. 2595. 3.5 15.
51.297 3 IMU_GYRO 1 -0.025391 0.022949 -0.033936
51.297 3 CIRCLE 0. 0. -60.
51.297 3 ATTITUDE 0. 0. 0.
51.393 3 ATTITUDE 0. 0. 0.
51.425 3 ENERGY 0 11.39277 0. 0. 0. 0. 0.
51.441 3 FBW_STATUS 2 0 1 11.39277 0.
51.489 3 DESIRED 0.36 0.22 0.8 60. 60. 2595. 3.5 15.
51.490 3 IMU_ACCEL 1 1.333008 -0.166992 -9.521484
51.521 3 GPS 0 0 0 0 0 0 0 0 0 0 0
51.522 3 SVINFO 0 0 0 0 0 0 0
51.523 3 ATTITUDE 0. 0. 0.
51.523 3 ESTIMATOR 2575.484619 0.54578
51.585 3 IMU_MAG 0 0. 0. 0.
51.601 3 ATTITUDE 0. 0. 0.
51.633 3 COMMANDS 0,3193,3136
51.633 3 DL_VALUE 35 0.45
51.649 3 WP_MOVED 0 649123. 5253077. 2595. 32
51.682 3 DESIRED 0.36 0.22 0.8 60. 60. 2595. 3.5 15.
51.697 3 ATTITUDE 0. 0. 0.
51.760 3 GPS 0 0 0 0 0 0 0 0 0 0 0
51.761 3 SVINFO 0 0 0 0 0 0 0
51.793 3 ATTITUDE 0. 0. 0.
51.874 3 DESIRED 0.36 0.22 0.8 60. 60. 2595. 3.5 15.
51.889 3 IMU_GYRO 1 -0.025391 0.023682 -0.033936
51.905 3 ATTITUDE 0. 0. 0.
51.937 3 AIRSPEED 0. 0. 0. 0.
52.018 3 GPS 0 0 0 0 0 0 0 0 0 0 0
52.020 3 SVINFO 0 0 0 0 0 0 0
52.021 3 ATTITUDE 0. 0. 0.
52.033 3 GPS_SOL 0 0 0 0
52.034 3 ESTIMATOR 2575.484619 0.54578
52.034 3 LINK_REPORT 3 -1 52 0 49567 2061 0 942. 39. 10 46.95
52.049 3 FBW_STATUS 2 0 1 11.39277 0.
52.082 3 DESIRED 0.36 0.22 0.8 60. 60. 2595. 3.5 15.
52.097 3 ATTITUDE 0. 0. 0.
52.130 3 WP_MOVED 1 649123. 5253077. 2595. 32
52.193 3 STATE_FILTER_STATUS 6 5 0
52.209 3 ATTITUDE 0. 0. 0.
52.248 3 NAVIGATION 9 0 0. 0. 0. 0. 0 54 54 1 0 0
52.257 3 GPS 0 0 0 0 0 0 0 0 0 0 0
52.257 3 SVINFO 0 0 0 0 0 0 0
52.273 3 DESIRED 0.36 0.24 0.8 60. 60. 2595. 3.5 15.
52.289 3 IMU_ACCEL 1 1.303711 -0.178711 -9.52832
52.305 3 ATTITUDE 0. 0. 0.
52.321 3 CIRCLE 0. 0. -60.
52.402 3 ATTITUDE 0. 0. 0.
52.482 3 DESIRED 0.36 0.25 0.8 60. 60. 2595. 3.6 15.
52.483 3 IMU_GYRO 1 -0.026367 0.022949 -0.033936
52.525 3 GPS 0 0 0 0 0 0 0 0 0 0 0
52.526 3 SVINFO 0 0 0 0 0 0 0
52.527 3 ATTITUDE 0. 0. 0.
52.527 3 ENERGY 0 11.398955 0. 0. 0. 0. 0.
52.540 3 ESTIMATOR 2575.13623 0.034089
52.604 3 ATTITUDE 0. 0. 0.
52.637 3 WP_MOVED 2 649046.125 5253124. 2595. 32
52.669 3 DESIRED 0.36 0.25 0.8 60. 60. 2595. 3.6 15.
52.701 3 ATTITUDE 0. 0. 0.
52.765 3 GPS 0 0 0 0 0 0 0 0 0 0 0
52.766 3 SVINFO 0 0 0 0 0 0 0
52.797 3 ATTITUDE 0. 0. 0.
52.877 3 DESIRED 0.36 0.25 0.8 60. 60. 2595. 3.6 15.
52.893 3 IMU_MAG 0 0. 0. 0.
52.909 3 ATTITUDE 0. 0. 0.
52.925 3 AIRSPEED 0. 0. 0. 0.
53.005 3 GPS 0 0 0 0 0 0 0 0 0 0 0
53.021 3 SVINFO 0 0 0 0 0 0 0
53.022 3 ATTITUDE 0. 0. 0.
53.022 3 ESTIMATOR 2574.387451 -0.415469
53.035 3 LINK_REPORT 3 -1 53 0 50453 2097 0 886. 36. 10 46.95
53.097 3 CALIBRATION 0.1 0
53.098 3 DESIRED 0.36 0.28 0.8 60. 60. 2595. 3.7 15.
53.099 3 IMU_ACCEL 1 1.336914 -0.148438 -9.526367
53.099 3 IMU_GYRO 1 -0.0271 0.025146 -0.033447
53.100 3 ATTITUDE 0. 0. 0.
53.113 3 DATALINK_REPORT 3 10 0 32384 0 0
53.129 3 DL_VALUE 36 0.
53.145 3 WP_MOVED 0 649123. 5253077. 2595. 32
53.146 3 COMMANDS 0,3193,3868
53.193 3 ATTITUDE 0. 0. 0.
53.241 3 NAVIGATION 9 0 0. 0. 0. 0. 0 55 55 1 0 0
53.256 3 GPS 0 0 0 0 0 0 0 0 0 0 0
53.257 3 SVINFO 0 0 0 0 0 0 0
53.273 3 DESIRED 0.36 0.27 0.8 60. 60. 2595. 3.7 15.
53.305 3 ATTITUDE 0. 0. 0.
53.385 3 CIRCLE 0. 0. -60.
53.401 3 ATTITUDE 0. 0. 0.
53.433 3 FBW_STATUS 2 0 1 11.39277 0.
53.482 3 DESIRED 0.36 0.27 0.8 60. 60. 2595. 3.7 15.
53.524 3 GPS 0 0 0 0 0 0 0 0 0 0 0
53.526 3 SVINFO 0 0 0 0 0 0 0
53.526 3 ATTITUDE 0. 0. 0.
53.527 3 ESTIMATOR 2574.435547 -0.29207
53.605 3 ATTITUDE 0. 0. 0.
53.620 3 ENERGY 0 11.398955 0. 0. 0. 0. 0.
53.636 3 WP_MOVED 1 649123. 5253077. 2595. 32
53.684 3 DESIRED 0.36 0.27 0.8 60. 60. 2595. 3.7 15.
53.685 3 IMU_GYRO 1 -0.025879 0.022949 -0.033447
53.700 3 ATTITUDE 0. 0. 0.
53.764 3 GPS 0 0 0 0 0 0 0 0 0 0 0
53.766 3 SVINFO 0 0 0 0 0 0 0
53.796 3 ATTITUDE 0. 0. 0.
53.877 3 DESIRED 0.36 0.27 0.8 60. 60. 2595. 3.7 15.
53.878 3 IMU_ACCEL 1 1.328125 -0.150391 -9.552734
53.892 3 ATTITUDE 0. 0. 0.
53.924 3 AIRSPEED 0. 0. 0. 0.
54.021 3 GPS 0 0 0 0 0 0 0 0 0 0 0
54.023 3 SVINFO 0 0 0 0 0 0 0
54.023 3 ATTITUDE 0. 0. 0.
54.036 3 LINK_REPORT 3 -1 54 0 51392 2136 0 939. 39. 10 46.95
54.036 3 GPS_SOL 0 0 0 0
54.037 3 ESTIMATOR 2574.435547 -0.29207
54.038 3 FBW_STATUS 2 0 1 11.398955 0.
54.069 3 DESIRED 0.36 0.27 0.8 60. 60. 2595. 3.7 15.
54.101 3 ATTITUDE 0. 0. 0.
54.133 3 WP_MOVED 2 649046.125 5253124. 2595. 32
54.134 3 ACTUATORS 1040,1523,1228
54.181 3 IMU_MAG 0 0. 0. 0.
54.197 3 ATTITUDE 0. 0. 0.
54.229 3 NAVIGATION 9 0 0. 0. 0. 0. 0 56 56 1 0 0
54.261 3 GPS 0 0 0 0 0 0 0 0 0 0 0
54.262 3 SVINFO 0 0 0 0 0 0 0
54.277 3 DESIRED 0.36 0.27 0.8 60. 60. 2595. 3.7 15.
54.278 3 IMU_GYRO 1 -0.025391 0.023682 -0.033936
54.293 3 ATTITUDE 0. 0. 0.
54.389 3 STATE_FILTER_STATUS 6 5 0
54.405 3 ATTITUDE 0. 0. 0.
54.437 3 CIRCLE 0. 0. -60.
54.469 3 PPRZ_MODE 2 3 3 2 0 4
54.485 3 DESIRED 0.36 0.27 0.8 60. 60. 2595. 3.7 15.
54.517 3 GPS 0 0 0 0 0 0 0 0 0 0 0
54.518 3 SVINFO 0 0 0 0 0 0 0
54.518 3 ATTITUDE 0. 0. 0.
54.533 3 ESTIMATOR 2574.290039 -0.204048
54.597 3 ATTITUDE 0. 0. 0.
54.629 3 DL_VALUE 37 0.04
54.630 3 WP_MOVED 0 649123. 5253077. 2595. 32
54.662 3 LOGGER_STATUS 1 0 180224 PPRZ\pprzlog_0148.LOG,FLIGHT_RECORDER\fr_0155.LOG
54.677 3 DESIRED 0.36 0.27 0.8 60. 60. 2595. 3.7 15.
54.678 3 IMU_ACCEL 1 1.301758 -0.176758 -9.535156
54.693 3 ATTITUDE 0. 0. 0.
54.725 3 ENERGY 0 11.398955 0. 0. 0. 0. 0.
54.756 3 GPS 0 0 0 0 0 0 0 0 0 0 0
54.757 3 SVINFO 0 0 0 0 0 0 0
54.805 3 ATTITUDE 0. 0. 0.
54.886 3 DESIRED 0.36 0.27 0.8 60. 60. 2595. 3.7 15.
54.887 3 IMU_GYRO 1 -0.025879 0.023682 -0.034424
54.901 3 ATTITUDE 0. 0. 0.
54.933 3 AIRSPEED 0. 0. 0. 0.
55.025 3 GPS 0 0 0 0 0 0 0 0 0 0 0
55.026 3 SVINFO 0 0 0 0 0 0 0
55.027 3 ATTITUDE 0. 0. 0.
55.028 3 ESTIMATOR 2574.290039 -0.204048
55.036 3 LINK_REPORT 3 -1 55 0 52440 2179 0 1048. 43. 10 46.95
55.073 3 DESIRED 0.36 0.27 0.8 60. 60. 2595. 3.7 15.
55.104 3 ATTITUDE 0. 0. 0.
55.136 3 WP_MOVED 1 649123. 5253077. 2595. 32
55.168 3 CALIBRATION 0.1 0
55.200 3 ATTITUDE 0. 0. 0.
55.233 3 NAVIGATION 9 0 0. 0. 0. 0. 0 57 57 1 0 0
55.264 3 GPS 0 0 0 0 0 0 0 0 0 0 0
55.265 3 SVINFO 0 0 0 0 0 0 0
55.280 3 DESIRED 0.36 0.27 0.8 60. 60. 2595. 3.7 15.
55.296 3 ATTITUDE 0. 0. 0.
55.345 3 AUTOPILOT_VERSION 60400 v6.4.0_stable
55.392 3 ATTITUDE 0. 0. 0.
55.424 3 FBW_STATUS 2 0 1 11.39277 0.
55.499 3 DESIRED 0.36 0.27 0.8 60. 60. 2595. 3.7 15.
55.502 3 IMU_ACCEL 1 1.313477 -0.143555 -9.511719
55.502 3 IMU_GYRO 1 -0.025879 0.024658 -0.034424
55.525 3 IMU_MAG 0 0. 0. 0.
55.525 3 CIRCLE 0. 0. -60.
55.526 3 GPS 0 0 0 0 0 0 0 0 0 0 0
55.527 3 SVINFO 0 0 0 0 0 0 0
55.528 3 ATTITUDE 0. 0. 0.
55.540 3 ESTIMATOR 2574.290039 -0.204048
55.541 3 PONG 
55.605 3 ATTITUDE 0. 0. 0.
55.637 3 WP_MOVED 2 649046.125 5253124. 2595. 32
55.669 3 ALIVE 84,40,203,148,163,75,145,8,131,16,68,252,130,76,54,118
55.685 3 DESIRED 0.36 0.27 0.8 60. 60. 2595. 3.7 15.
55.701 3 ATTITUDE 0. 0. 0.
55.765 3 GPS 0 0 0 0 0 0 0 0 0 0 0
55.766 3 SVINFO 0 0 0 0 0 0 0
55.796 3 ATTITUDE 0. 0. 0.
55.829 3 ENERGY 0 11.398955 0. 0. 0. 0. 0.
55.877 3 DESIRED 0.36 0.27 0.8 60. 60. 2595. 3.7 15.
55.893 3 ATTITUDE 0. 0. 0.
55.925 3 AIRSPEED 0. 0. 0. 0.
56.022 3 GPS 0 0 0 0 0 0 0 0 0 0 0
56.023 3 SVINFO 0 0 0 0 0 0 0
56.023 3 ATTITUDE 0. 0. 0.
56.037 3 GPS_SOL 0 0 0 0
56.037 3 ESTIMATOR 2574.290039 -0.204048
56.038 3 FBW_STATUS 2 0 1 11.398955 0.
56.038 3 LINK_REPORT 3 -1 56 0 53424 2220 0 984. 41. 11 37.29
56.085 3 DESIRED 0.36 0.27 0.8 60. 60. 2595. 3.7 15.
56.086 3 IMU_GYRO 1 -0.025879 0.023682 -0.033936
56.101 3 ATTITUDE 0. 0. 0.
56.133 3 NAVIGATION_REF 649123 5253077 32 2575.
56.134 3 DL_VALUE 38 0.
56.149 3 WP_MOVED 0 649123. 5253077. 2595. 32
56.197 3 ATTITUDE 0. 0. 0.
56.229 3 NAVIGATION 9 0 0. 0. 0. 0. 0 58 58 1 0 0
56.260 3 GPS 0 0 0 0 0 0 0 0 0 0 0
56.261 3 SVINFO 0 0 0 0 0 0 0
56.277 3 DESIRED 0.36 0.25 0.8 60. 60. 2595. 3.7 15.
56.277 3 IMU_ACCEL 1 1.306641 -0.171875 -9.544922
56.293 3 ATTITUDE 0. 0. 0.
56.405 3 ATTITUDE 0. 0. 0.
56.486 3 DESIRED 0.36 0.26 0.8 60. 60. 2595. 3.7 15.
56.517 3 GPS 0 0 0 0 0 0 0 0 0 0 0
56.518 3 SVINFO 0 0 0 0 0 0 0
56.519 3 ATTITUDE 0. 0. 0.
56.533 3 CIRCLE 0. 0. -60.
56.534 3 ESTIMATOR 2574.470947 0.019377
56.581 3 STATE_FILTER_STATUS 6 5 0
56.597 3 ATTITUDE 0. 0. 0.
56.629 3 COMMANDS 0,3193,3610
56.630 3 WP_MOVED 1 649123. 5253077. 2595. 32
56.677 3 DESIRED 0.36 0.26 0.8 60. 60. 2595. 3.7 15.
56.678 3 IMU_GYRO 1 -0.025879 0.02417 -0.033936
56.693 3 ATTITUDE 0. 0. 0.
56.758 3 GPS 0 0 0 0 0 0 0 0 0 0 0
56.759 3 SVINFO 0 0 0 0 0 0 0
56.773 3 IMU_MAG 0 0. 0. 0.
56.805 3 ATTITUDE 0. 0. 0.
56.870 3 DESIRED 0.36 0.26 0.8 60. 60. 2595. 3.7 15.
56.902 3 ATTITUDE 0. 0. 0.
56.918 3 ENERGY 0 11.39277 0. 0. 0. 0. 0.
56.934 3 AIRSPEED 0. 0. 0. 0.
57.024 3 GPS 0 0 0 0 0 0 0 0 0 0 0
57.024 3 SVINFO 0 0 0 0 0 0 0
57.025 3 ATTITUDE 0. 0. 0.
57.025 3 ESTIMATOR 2574.609619 0.093924
57.037 3 LINK_REPORT 3 -1 57 0 54361 2259 0 937. 39. 11 37.29
57.088 3 DESIRED 0.36 0.25 0.8 60. 60. 2595. 3.7 15.
57.089 3 IMU_ACCEL 1 1.296875 -0.152344 -9.538086
57.104 3 ATTITUDE 0. 0. 0.
57.136 3 WP_MOVED 2 649046.125 5253124. 2595. 32
57.200 3 ATTITUDE 0. 0. 0.
57.232 3 NAVIGATION 9 0 0. 0. 0. 0. 0 59 59 1 0 0
57.263 3 GPS 0 0 0 0 0 0 0 0 0 0 0
57.264 3 SVINFO 0 0 0 0 0 0 0
57.279 3 CALIBRATION 0.1 0
57.279 3 DESIRED 0.36 0.25 0.8 60. 60. 2595. 3.7 15.
57.296 3 IMU_GYRO 1 -0.025879 0.023682 -0.033936
57.296 3 ATTITUDE 0. 0. 0.
57.392 3 ATTITUDE 0. 0. 0.
57.424 3 FBW_STATUS 2 0 1 11.39277 0.
57.472 3 DESIRED 0.36 0.25 0.8 60. 60. 2595. 3.7 15.
57.520 3 GPS 0 0 0 0 0 0 0 0 0 0 0
57.521 3 SVINFO 0 0 0 0 0 0 0
57.521 3 ATTITUDE 0. 0. 0.
57.536 3 ESTIMATOR 2574.609619 0.093924
57.584 3 CIRCLE 0. 0. -60.
57.600 3 ATTITUDE 0. 0. 0.
57.632 3 DL_VALUE 39 0.04
57.632 3 WP_MOVED 0 649123. 5253077. 2595. 32
57.680 3 DESIRED 0.36 0.25 0.8 60. 60. 2595. 3.7 15.
57.696 3 ATTITUDE 0. 0. 0.
57.760 3 GPS 0 0 0 0 0 0 0 0 0 0 0
57.761 3 SVINFO 0 0 0 0 0 0 0
57.792 3 ATTITUDE 0. 0. 0.
57.899 3 DESIRED 0.36 0.25 0.8 60. 60. 2595. 3.7 15.
57.901 3 IMU_ACCEL 1 1.296875 -0.171875 -9.530273
57.901 3 IMU_GYRO 1 -0.026367 0.023682 -0.033447
57.901 3 ATTITUDE 0. 0. 0.
57.930 3 AIRSPEED 0. 0. 0. 0.
58.026 3 GPS 0 0 0 0 0 0 0 0 0 0 0
58.027 3 SVINFO 0 0 0 0 0 0 0
58.027 3 ATTITUDE 0. 0. 0.
58.039 3 LINK_REPORT 3 -1 58 0 55233 2295 0 872. 36. 11 37.29
58.052 3 ENERGY 0 11.398955 0. 0. 0. 0. 0.
58.053 3 GPS_SOL 0 0 0 0
58.053 3 ESTIMATOR 2574.609619 0.093924
58.053 3 FBW_STATUS 2 0 1 11.398955 0.
58.084 3 DESIRED 0.36 0.25 0.8 60. 60. 2595. 3.7 15.
58.085 3 IMU_MAG 0 0. 0. 0.
58.099 3 ATTITUDE 0. 0. 0.
58.132 3 WP_MOVED 1 649123. 5253077. 2595. 32
58.132 3 COMMANDS 0,3193,3544
58.195 3 DATALINK_REPORT 3 11 0 26125 0 0
58.211 3 ATTITUDE 0. 0. 0.
58.244 3 NAVIGATION 9 0 0. 0. 0. 0. 0 60 60 1 0 0
58.260 3 GPS 0 0 0 0 0 0 0 0 0 0 0
58.261 3 SVINFO 0 0 0 0 0 0 0
58.275 3 DESIRED 0.36 0.25 0.8 60. 60. 2595. 3.7 15.
58.291 3 ATTITUDE 0. 0. 0.
58.404 3 ATTITUDE 0. 0. 0.
58.484 3 DESIRED 0.36 0.25 0.8 60. 60. 2595. 3.7 15.
58.486 3 IMU_GYRO 1 -0.026367 0.023682 -0.033447
58.516 3 GPS 0 0 0 0 0 0 0 0 0 0 0
58.518 3 SVINFO 0 0 0 0 0 0 0
58.518 3 ATTITUDE 0. 0. 0.
58.531 3 ESTIMATOR 2574.609619 0.093924
58.595 3 ATTITUDE 0. 0. 0.
58.628 3 CIRCLE 0. 0. -60.
58.644 3 WP_MOVED 2 649046.125 5253124. 2595. 32
58.676 3 DESIRED 0.36 0.26 0.8 60. 60. 2595. 3.7 15.
58.692 3 IMU_ACCEL 1 1.298828 -0.155273 -9.538086
58.692 3 ATTITUDE 0. 0. 0.
58.757 3 GPS 0 0 0 0 0 0 0 0 0 0 0
58.757 3 SVINFO 0 0 0 0 0 0 0
58.787 3 STATE_FILTER_STATUS 6 5 0
58.803 3 ATTITUDE 0. 0. 0.
58.868 3 DESIRED 0.36 0.26 0.8 60. 60. 2595. 3.7 15.
58.900 3 ATTITUDE 0. 0. 0.
58.932 3 AIRSPEED 0. 0. 0. 0.
59.025 3 GPS 0 0 0 0 0 0 0 0 0 0 0
59.026 3 SVINFO 0 0 0 0 0 0 0
59.027 3 ATTITUDE 0. 0. 0.
59.027 3 ESTIMATOR 2574.547852 0.003525
59.044 3 LINK_REPORT 3 -1 59 0 56188 2335 0 955. 40. 11 37.29
59.073 3 DESIRED 0.36 0.26 0.8 60. 60. 2595. 3.7 15.
59.089 3 IMU_GYRO 1 -0.025391 0.023682 -0.033447
59.105 3 ATTITUDE 0. 0. 0.
59.121 3 ENERGY 0 11.398955 0. 0. 0. 0. 0.
59.137 3 DL_VALUE 40 0.002
59.137 3 WP_MOVED 0 649123. 5253077. 2595. 32
59.138 3 ACTUATORS 1040,1516,1235
59.201 3 ATTITUDE 0. 0. 0.
59.233 3 NAVIGATION 9 0 0. 0. 0. 0. 0 61 61 1 0 0
59.265 3 GPS 0 0 0 0 0 0 0 0 0 0 0
59.266 3 SVINFO 0 0 0 0 0 0 0
59.281 3 DESIRED 0.36 0.26 0.8 60. 60. 2595. 3.7 15.
59.297 3 ATTITUDE 0. 0. 0.
59.377 3 PPRZ_MODE 2 3 3 2 0 4
59.378 3 CALIBRATION 0.1 0
59.378 3 IMU_MAG 0 0. 0. 0.
59.409 3 ATTITUDE 0. 0. 0.
59.425 3 FBW_STATUS 2 0 1 11.398955 0.
59.474 3 DESIRED 0.36 0.26 0.8 60. 60. 2595. 3.7 15.
59.489 3 IMU_ACCEL 1 1.318359 -0.176758 -9.561523
59.506 3 GPS 0 0 0 0 0 0 0 0 0 0 0
59.521 3 SVINFO 0 0 0 0 0 0 0
59.522 3 ATTITUDE 0. 0. 0.
59.522 3 ESTIMATOR 2574.547852 0.003525
59.601 3 ATTITUDE 0. 0. 0.
59.633 3 WP_MOVED 1 649123. 5253077. 2595. 32
59.697 3 DESIRED 0.36 0.26 0.8 60. 60. 2595. 3.7 15.
59.698 3 IMU_GYRO 1 -0.025391 0.023682 -0.033447
59.698 3 CIRCLE 0. 0. -60.
59.699 3 ATTITUDE 0. 0. 0.
59.745 3 LOGGER_STATUS 1 0 212992 PPRZ\pprzlog_0148.LOG,FLIGHT_RECORDER\fr_0155.LOG
59.760 3 GPS 0 0 0 0 0 0 0 0 0 0 0
59.760 3 SVINFO 0 0 0 0 0 0 0
59.792 3 ATTITUDE 0. 0. 0.
59.873 3 DESIRED 0.36 0.26 0.8 60. 60. 2595. 3.7 15.
59.904 3 ATTITUDE 0. 0. 0.
59.937 3 AIRSPEED 0. 0. 0. 0.
60.017 3 GPS 0 0 0 0 0 0 0 0 0 0 0
60.018 3 SVINFO 0 0 0 0 0 0 0
60.019 3 ATTITUDE 0. 0. 0.
60.032 3 GPS_SOL 0 0 0 0
60.033 3 ESTIMATOR 2574.547852 0.003525
60.040 3 LINK_REPORT 3 -1 60 0 57221 2377 0 1033. 42. 11 37.29
60.049 3 FBW_STATUS 2 0 1 11.398955 0.
60.081 3 DESIRED 0.36 0.26 0.8 60. 60. 2595. 3.7 15.
60.096 3 ATTITUDE 0. 0. 0.
60.129 3 WP_MOVED 2 649046.125 5253124. 2595. 32
60.192 3 ATTITUDE 0. 0. 0.
60.225 3 ENERGY 0 11.39277 0. 0. 0. 0. 0.
60.241 3 NAVIGATION 9 0 0. 0. 0. 0. 0 62 62 1 0 0
60.270 3 GPS 0 0 0 0 0 0 0 0 0 0 0
60.271 3 SVINFO 0 0 0 0 0 0 0
60.299 3 DESIRED 0.36 0.26 0.8 60. 60. 2595. 3.7 15.
60.300 3 IMU_ACCEL 1 1.303711 -0.183594 -9.495117
60.300 3 IMU_GYRO 1 -0.025879 0.022461 -0.033447
60.301 3 ATTITUDE 0. 0. 0.
60.395 3 ATTITUDE 0. 0. 0.
60.475 3 DESIRED 0.36 0.26 0.8 60. 60. 2595. 3.7 15.
60.507 3 GPS 0 0 0 0 0 0 0 0 0 0 0
60.523 3 SVINFO 0 0 0 0 0 0 0
60.524 3 ATTITUDE 0. 0. 0.
60.539 3 ESTIMATOR 2575.045898 0.28701
60.555 3 PONG 
60.603 3 ATTITUDE 0. 0. 0.
60.635 3 DL_VALUE 41 0.004
60.635 3 WP_MOVED 0 649123. 5253077. 2595. 32
60.683 3 DESIRED 0.36 0.24 0.8 60. 60. 2595. 3.6 15.
60.699 3 IMU_MAG 0 0. 0. 0.
60.700 3 ATTITUDE 0. 0. 0.
60.731 3 CIRCLE 0. 0. -60.
60.775 3 ALIVE 84,40,203,148,163,75,145,8,131,16,68,252,130,76,54,118
60.777 3 GPS 0 0 0 0 0 0 0 0 0 0 0
60.778 3 SVINFO 0 0 0 0 0 0 0
60.791 3 ATTITUDE 0. 0. 0.
60.888 3 DESIRED 0.36 0.24 0.8 60. 60. 2595. 3.6 15.
60.890 3 IMU_GYRO 1 -0.025391 0.022949 -0.033936
60.903 3 ATTITUDE 0. 0. 0.
60.935 3 AIRSPEED 0. 0. 0. 0.
60.983 3 STATE_FILTER_STATUS 6 2 0
61.015 3 GPS 0 0 0 0 0 0 0 0 0 0 0
61.017 3 SVINFO 0 0 0 0 0 0 0
61.017 3 ATTITUDE 0. 0. 0.
61.031 3 ESTIMATOR 2575.045898 0.28701
61.040 3 LINK_REPORT 3 -1 61 0 58174 2417 0 953. 40. 12 50.95
61.079 3 DESIRED 0.36 0.24 0.8 60. 60. 2595. 3.6 15.
61.081 3 IMU_ACCEL 1 1.310547 -0.169922 -9.533203
61.095 3 ATTITUDE 0. 0. 0.
61.127 3 WP_MOVED 1 649123. 5253077. 2595. 32
61.191 3 ATTITUDE 0. 0. 0.
61.240 3 NAVIGATION 9 0 0. 0. 0. 0. 0 63 63 1 0 0
61.261 3 GPS 0 0 0 0 0 0 0 0 0 0 0
61.261 3 SVINFO 0 0 0 0 0 0 0
61.271 3 DESIRED 0.36 0.24 0.8 60. 60. 2595. 3.6 15.
61.303 3 ATTITUDE 0. 0. 0.
61.320 3 ENERGY 0 11.398955 0. 0. 0. 0. 0.
61.399 3 ATTITUDE 0. 0. 0.
61.431 3 FBW_STATUS 2 0 1 11.398955 0.
61.495 3 CALIBRATION 0.1 0
61.496 3 DESIRED 0.36 0.24 0.8 60. 60. 2595. 3.6 15.
61.497 3 IMU_GYRO 1 -0.025879 0.022949 -0.033936
61.526 3 GPS 0 0 0 0 0 0 0 0 0 0 0
61.527 3 SVINFO 0 0 0 0 0 0 0
61.528 3 ATTITUDE 0. 0. 0.
61.528 3 ESTIMATOR 2575.045898 0.28701
61.606 3 ATTITUDE 0. 0. 0.
61.638 3 COMMANDS 0,3193,3359
61.638 3 WP_MOVED 2 649046.125 5253124. 2595. 32
61.670 3 DESIRED 0.36 0.27 0.8 60. 60. 2595. 3.7 15.
61.702 3 ATTITUDE 0. 0. 0.
61.751 3 GPS 0 0 0 0 0 0 0 0 0 0 0
61.765 3 SVINFO 0 0 0 0 0 0 0
61.781 3 CIRCLE 0. 0. -60.
61.797 3 ATTITUDE 0. 0. 0.
61.878 3 DESIRED 0.36 0.28 0.8 60. 60. 2595. 3.7 15.
61.879 3 IMU_ACCEL 1 1.334961 -0.140625 -9.521484
61.894 3 ATTITUDE 0. 0. 0.
61.926 3 AIRSPEED 0. 0. 0. 0.
61.974 3 IMU_MAG 0 0. 0. 0.
62.006 3 GPS 0 0 0 0 0 0 0 0 0 0 0
62.022 3 SVINFO 0 0 0 0 0 0 0
62.023 3 ATTITUDE 0. 0. 0.
62.038 3 GPS_SOL 0 0 0 0
62.039 3 ESTIMATOR 2573.910156 -0.479731
62.039 3 FBW_STATUS 2 0 1 11.386585 0.
62.041 3 LINK_REPORT 3 -1 62 0 59135 2457 0 961. 40. 12 50.95
62.086 3 DESIRED 0.36 0.28 0.8 60. 60. 2595. 3.8 15.
62.088 3 IMU_GYRO 1 -0.025879 0.023682 -0.033936
62.102 3 ATTITUDE 0. 0. 0.
62.134 3 DL_VALUE 42 0.
62.135 3 WP_MOVED 0 649123. 5253077. 2595. 32
62.198 3 ATTITUDE 0. 0. 0.
62.231 3 NAVIGATION 9 0 0. 0. 0. 0. 0 64 64 1 0 0
62.263 3 GPS 0 0 0 0 0 0 0 0 0 0 0
62.263 3 SVINFO 0 0 0 0 0 0 0
62.278 3 DESIRED 0.36 0.27 0.8 60. 60. 2595. 3.8 15.
62.294 3 ATTITUDE 0. 0. 0.
62.406 3 ATTITUDE 0. 0. 0.
62.422 3 ENERGY 0 11.398955 0. 0. 0. 0. 0.
62.470 3 DESIRED 0.36 0.27 0.8 60. 60. 2595. 3.7 15.
62.534 3 GPS 0 0 0 0 0 0 0 0 0 0 0
62.534 3 SVINFO 0 0 0 0 0 0 0
62.535 3 ATTITUDE 0. 0. 0.
62.535 3 ESTIMATOR 2574.299561 -0.117033
62.597 3 ATTITUDE 0. 0. 0.
62.629 3 WP_MOVED 1 649123. 5253077. 2595. 32
62.705 3 DESIRED 0.36 0.27 0.8 60. 60. 2595. 3.7 15.
62.706 3 IMU_ACCEL 1 1.333008 -0.148438 -9.538086
62.707 3 IMU_GYRO 1 -0.026367 0.022949 -0.033936
62.707 3 ATTITUDE 0. 0. 0.
62.754 3 GPS 0 0 0 0 0 0 0 0 0 0 0
62.754 3 SVINFO 0 0 0 0 0 0 0
62.801 3 ATTITUDE 0. 0. 0.
62.833 3 CIRCLE 0. 0. -60.
62.882 3 DESIRED 0.36 0.27 0.8 60. 60. 2595. 3.7 15.
62.897 3 ATTITUDE 0. 0. 0.
62.930 3 AIRSPEED 0. 0. 0. 0.
63.024 3 GPS 0 0 0 0 0 0 0 0 0 0 0
63.025 3 SVINFO 0 0 0 0 0 0 0
63.026 3 ATTITUDE 0. 0. 0.
63.026 3 ESTIMATOR 2574.299561 -0.117033
63.042 3 LINK_REPORT 3 -1 63 0 60003 2492 0 868. 35. 12 50.95
63.072 3 DESIRED 0.36 0.27 0.8 60. 60. 2595. 3.7 15.
63.104 3 ATTITUDE 0. 0. 0.
63.136 3 WP_MOVED 2 649046.125 5253124. 2595. 32
63.137 3 COMMANDS 0,3193,3717
63.183 3 STATE_FILTER_STATUS 6 5 0
63.199 3 ATTITUDE 0. 0. 0.
63.232 3 NAVIGATION 9 0 0. 0. 0. 0. 0 65 65 1 0 0
63.264 3 GPS 0 0 0 0 0 0 0 0 0 0 0
63.264 3 SVINFO 0 0 0 0 0 0 0
63.295 3 DESIRED 0.36 0.27 0.8 60. 60. 2595. 3.7 15.
63.296 3 IMU_GYRO 1 -0.026367 0.022949 -0.033936
63.296 3 IMU_MAG 0 0. 0. 0.
63.296 3 DATALINK_REPORT 3 12 0 21420 0 0
63.296 3 ATTITUDE 0. 0. 0.
63.391 3 ATTITUDE 0. 0. 0.
63.423 3 FBW_STATUS 2 0 1 11.398955 0.
63.488 3 DESIRED 0.36 0.27 0.8 60. 60. 2595. 3.7 15.
63.489 3 IMU_ACCEL 1 1.318359 -0.174805 -9.576172
63.519 3 GPS 0 0 0 0 0 0 0 0 0 0 0
63.521 3 SVINFO 0 0 0 0 0 0 0
63.521 3 ATTITUDE 0. 0. 0.
63.535 3 ENERGY 0 11.398955 0. 0. 0. 0. 0.
63.536 3 ESTIMATOR 2574.299561 -0.117033
63.567 3 CALIBRATION 0.1 0
63.599 3 ATTITUDE 0. 0. 0.
63.631 3 DL_VALUE 43 0.1
63.632 3 WP_MOVED 0 649123. 5253077. 2595. 32
63.679 3 DESIRED 0.36 0.27 0.8 60. 60. 2595. 3.7 15.
63.695 3 ATTITUDE 0. 0. 0.
63.775 3 GPS 0 0 0 0 0 0 0 0 0 0 0
63.776 3 SVINFO 0 0 0 0 0 0 0
63.791 3 ATTITUDE 0. 0. 0.
63.898 3 DESIRED 0.36 0.27 0.8 60. 60. 2595. 3.7 15.
63.899 3 IMU_GYRO 1 -0.025879 0.023682 -0.033936
63.899 3 CIRCLE 0. 0. -60.
63.900 3 ATTITUDE 0. 0. 0.
63.929 3 AIRSPEED 0. 0. 0. 0.
64.010 3 GPS 0 0 0 0 0 0 0 0 0 0 0
64.011 3 SVINFO 0 0 0 0 0 0 0
64.025 3 ATTITUDE 0. 0. 0.
64.041 3 GPS_SOL 0 0 0 0
64.042 3 ESTIMATOR 2574.299561 -0.117033
64.042 3 FBW_STATUS 2 0 1 11.40514 0.
64.043 3 LINK_REPORT 3 -1 64 0 61008 2535 0 1005. 43. 12 50.95
64.074 3 DESIRED 0.36 0.27 0.8 60. 60. 2595. 3.7 15.
64.105 3 ATTITUDE 0. 0. 0.
64.137 3 WP_MOVED 1 649123. 5253077. 2595. 32
64.138 3 ACTUATORS 1040,1520,1231
64.201 3 ATTITUDE 0. 0. 0.
64.234 3 NAVIGATION 9 0 0. 0. 0. 0. 0 66 66 1 0 0
64.265 3 GPS 0 0 0 0 0 0 0 0 0 0 0
64.265 3 SVINFO 0 0 0 0 0 0 0
64.296 3 PPRZ_MODE 2 3 3 2 0 4
64.297 3 DESIRED 0.36 0.25 0.8 60. 60. 2595. 3.7 15.
64.298 3 IMU_ACCEL 1 1.320312 -0.166992 -9.549805
64.299 3 ATTITUDE 0. 0. 0.
64.392 3 ATTITUDE 0. 0. 0.
64.473 3 DESIRED 0.36 0.25 0.8 60. 60. 2595. 3.7 15.
64.489 3 IMU_GYRO 1 -0.026367 0.023682 -0.033936
64.505 3 GPS 0 0 0 0 0 0 0 0 0 0 0
64.521 3 SVINFO 0 0 0 0 0 0 0
64.522 3 ATTITUDE 0. 0. 0.
64.522 3 ESTIMATOR 2574.652832 0.175087
64.585 3 IMU_MAG 0 0. 0. 0.
64.600 3 ATTITUDE 0. 0. 0.
64.617 3 ENERGY 0 11.398955 0. 0. 0. 0. 0.
64.632 3 WP_MOVED 2 649046.125 5253124. 2595. 32
64.681 3 DESIRED 0.36 0.25 0.8 60. 60. 2595. 3.7 15.
64.696 3 ATTITUDE 0. 0. 0.
64.771 3 GPS 0 0 0 0 0 0 0 0 0 0 0
64.772 3 SVINFO 0 0 0 0 0 0 0
64.792 3 ATTITUDE 0. 0. 0.
64.843 3 LOGGER_STATUS 1 0 253952 PPRZ\pprzlog_0148.LOG,FLIGHT_RECORDER\fr_0155.LOG
64.873 3 DESIRED 0.36 0.25 0.8 60. 60. 2595. 3.7 15.
64.905 3 ATTITUDE 0. 0. 0.
64.937 3 CIRCLE 0. 0. -60.
64.938 3 AIRSPEED 0. 0. 0. 0.
65.017 3 GPS 0 0 0 0 0 0 0 0 0 0 0
65.018 3 SVINFO 0 0 0 0 0 0 0
65.019 3 ATTITUDE 0. 0. 0.
65.033 3 ESTIMATOR 2574.652832 0.175087
65.043 3 LINK_REPORT 3 -1 65 0 61956 2572 0 948. 37. 12 50.95
65.082 3 DESIRED 0.36 0.25 0.8 60. 60. 2595. 3.7 15.
65.097 3 IMU_ACCEL 1 1.333008 -0.160156 -9.521484
65.098 3 IMU_GYRO 1 -0.026367 0.023682 -0.034424
65.098 3 ATTITUDE 0. 0. 0.
65.129 3 NAVIGATION_REF 649123 5253077 32 2575.
65.145 3 DL_VALUE 44 0.03
65.145 3 WP_MOVED 0 649123. 5253077. 2595. 32
65.193 3 ATTITUDE 0. 0. 0.
65.241 3 NAVIGATION 9 0 0. 0. 0. 0. 0 67 67 1 0 0
65.257 3 GPS 0 0 0 0 0 0 0 0 0 0 0
65.258 3 SVINFO 0 0 0 0 0 0 0
65.273 3 DESIRED 0.36 0.25 0.8 60. 60. 2595. 3.7 15.
65.304 3 ATTITUDE 0. 0. 0.
65.385 3 STATE_FILTER_STATUS 6 5 0
65.401 3 ATTITUDE 0. 0. 0.
65.433 3 FBW_STATUS 2 0 1 11.39277 0.
65.481 3 DESIRED 0.36 0.25 0.8 60. 60. 2595. 3.7 15.
65.523 3 GPS 0 0 0 0 0 0 0 0 0 0 0
65.524 3 SVINFO 0 0 0 0 0 0 0
65.525 3 ATTITUDE 0. 0. 0.
65.539 3 ESTIMATOR 2574.670654 0.083476
65.555 3 PONG 
65.603 3 ATTITUDE 0. 0. 0.
65.635 3 WP_MOVED 1 649123. 5253077. 2595. 32
65.695 3 CALIBRATION 0.1 0
65.696 3 DESIRED 0.36 0.25 0.8 60. 60. 2595. 3.7 15.
65.697 3 IMU_GYRO 1 -0.026367 0.022949 -0.033936
65.697 3 ATTITUDE 0. 0. 0.
65.727 3 ENERGY 0 11.398955 0. 0. 0. 0. 0.
65.760 3 GPS 0 0 0 0 0 0 0 0 0 0 0
65.761 3 SVINFO 0 0 0 0 0 0 0
65.791 3 ATTITUDE 0. 0. 0.
65.840 3 ALIVE 84,40,203,148,163,75,145,8,131,16,68,252,130,76,54,118
65.898 3 DESIRED 0.36 0.24 0.8 60. 60. 2595. 3.6 15.
65.899 3 IMU_ACCEL 1 1.333008 -0.166992 -9.5
65.900 3 IMU_MAG 0 0. 0. 0.
65.900 3 ATTITUDE 0. 0. 0.
65.930 3 AIRSPEED 0. 0. 0. 0.
65.978 3 CIRCLE 0. 0. -60.
66.010 3 GPS 0 0 0 0 0 0 0 0 0 0 0
66.011 3 SVINFO 0 0 0 0 0 0 0
66.026 3 ATTITUDE 0. 0. 0.
66.042 3 GPS_SOL 0 0 0 0
66.042 3 ESTIMATOR 2575.156006 0.345191
66.043 3 FBW_STATUS 2 0 1 11.39277 0.
66.044 3 LINK_REPORT 3 -1 66 0 63002 2617 0 1046. 45. 13 50.86
66.074 3 DESIRED 0.36 0.24 0.8 60. 60. 2595. 3.6 15.
66.106 3 ATTITUDE 0. 0. 0.
66.122 3 WP_MOVED 2 649046.125 5253124. 2595. 32
66.201 3 ATTITUDE 0. 0. 0.
66.234 3 NAVIGATION 9 0 0. 0. 0. 0. 0 68 68 1 0 0
66.250 3 GPS 0 0 0 0 0 0 0 0 0 0 0
66.270 3 SVINFO 0 0 0 0 0 0 0
66.282 3 DESIRED 0.36 0.24 0.8 60. 60. 2595. 3.6 15.
66.283 3 IMU_GYRO 1 -0.0271 0.023682 -0.034424
66.297 3 ATTITUDE 0. 0. 0.
66.393 3 ATTITUDE 0. 0. 0.
66.457 3 AUTOPILOT_VERSION 60400 v6.4.0_stable
66.473 3 DESIRED 0.36 0.24 0.8 60. 60. 2595. 3.6 15.
66.505 3 GPS 0 0 0 0 0 0 0 0 0 0 0
66.521 3 SVINFO 0 0 0 0 0 0 0
66.522 3 ATTITUDE 0. 0. 0.
66.522 3 ESTIMATOR 2575.156006 0.345191
66.602 3 ATTITUDE 0. 0. 0.
66.633 3 COMMANDS 0,3193,3307
66.634 3 DL_VALUE 45 0.
66.634 3 WP_MOVED 0 649123. 5253077. 2595. 32
66.682 3 DESIRED 0.36 0.24 0.8 60. 60. 2595. 3.6 15.
66.683 3 IMU_ACCEL 1 1.31543 -0.140625 -9.518555
66.698 3 ATTITUDE 0. 0. 0.
66.762 3 GPS 0 0 0 0 0 0 0 0 0 0 0
66.769 3 SVINFO 0 0 0 0 0 0 0
66.794 3 ATTITUDE 0. 0. 0.
66.826 3 ENERGY 0 11.39277 0. 0. 0. 0. 0.
66.874 3 DESIRED 0.36 0.24 0.8 60. 60. 2595. 3.6 15.
66.890 3 IMU_GYRO 1 -0.025879 0.02417 -0.034424
66.906 3 ATTITUDE 0. 0. 0.
66.922 3 AIRSPEED 0. 0. 0. 0.
67.019 3 GPS 0 0 0 0 0 0 0 0 0 0 0
67.020 3 SVINFO 0 0 0 0 0 0 0
67.020 3 ATTITUDE 0. 0. 0.
67.034 3 CIRCLE 0. 0. -60.
67.035 3 ESTIMATOR 2575.156006 0.345191
67.044 3 LINK_REPORT 3 -1 67 0 63911 2654 0 909. 37. 13 50.86
67.083 3 DESIRED 0.36 0.24 0.8 60. 60. 2595. 3.6 15.
67.098 3 ATTITUDE 0. 0. 0.
67.130 3 WP_MOVED 1 649123. 5253077. 2595. 32
67.178 3 IMU_MAG 0 0. 0. 0.
67.194 3 ATTITUDE 0. 0. 0.
67.243 3 NAVIGATION 9 0 0. 0. 0. 0. 0 69 69 1 0 0
67.259 3 GPS 0 0 0 0 0 0 0 0 0 0 0
67.268 3 SVINFO 0 0 0 0 0 0 0
67.275 3 DESIRED 0.36 0.24 0.8 60. 60. 2595. 3.6 15.
67.290 3 ATTITUDE 0. 0. 0.
67.402 3 ATTITUDE 0. 0. 0.
67.434 3 FBW_STATUS 2 0 1 11.398955 0.
67.497 3 DESIRED 0.36 0.23 0.8 60. 60. 2595. 3.5 15.
67.498 3 IMU_ACCEL 1 1.336914 -0.143555 -9.535156
67.498 3 IMU_GYRO 1 -0.026367 0.022949 -0.034424
67.524 3 GPS 0 0 0 0 0 0 0 0 0 0 0
67.525 3 SVINFO 0 0 0 0 0 0 0
67.525 3 ATTITUDE 0. 0. 0.
67.525 3 ESTIMATOR 2575.453369 0.317182
67.587 3 STATE_FILTER_STATUS 6 5 0
67.603 3 ATTITUDE 0. 0. 0.
