10.835 3 GPS 0 64648977 548987979 0 314434 15 10 2372 466634500 32 0
10.835 3 SVINFO 0 0 0 0 0 0 0
10.851 3 DESIRED 0.8 0.35 3.1 -61. 59. 2595. 5. 15.
10.883 3 ATTITUDE 0. 0. 0.
10.899 3 CIRCLE 0. 0. -60.
10.947 3 PPRZ_MODE 2 3 3 2 0 4
10.963 3 STATE_FILTER_STATUS 6 5 0
10.979 3 ATTITUDE 0. 0. 0.
11.059 3 DESIRED 0.8 0.35 3.1 -61. 59. 2595. 5. 15.
11.059 3 IMU_GYRO 1 -0.0271 0.02417 -0.033936
11.101 3 GPS 0 64648977 548987979 0 314434 15 10 2372 466634500 32 0
11.102 3 SVINFO 0 0 0 0 0 0 0
11.102 3 ATTITUDE 0. 0. 0.
11.102 3 ESTIMATOR 0. 0.
11.118 3 LINK_REPORT 3 -1 11 0 4984 209 7 986. 42. 2 48.75
11.181 3 ATTITUDE 0. 0. 0.
11.214 3 WP_MOVED 2 649046.125 5253124. 2595. 32
11.262 3 DESIRED 0.8 0.35 3.1 -61. 59. 2595. 5. 15.
11.263 3 IMU_ACCEL 1 1.31543 -0.150391 -9.540039
11.278 3 ATTITUDE 0. 0. 0.
11.294 3 ENERGY 0 11.3804 0. 0. 0. 0. 0.
11.342 3 GPS 0 64648977 548987979 0 314434 15 10 2372 466634500 32 0
11.342 3 SVINFO 0 0 0 0 0 0 0
11.373 3 ATTITUDE 0. 0. 0.
11.454 3 DESIRED 0.8 0.35 3.1 -61. 59. 2595. 5. 15.
11.470 3 ATTITUDE 0. 0. 0.
11.505 3 AIRSPEED 0. 0. 0. 0.
11.534 3 AUTOPILOT_VERSION 60400 v6.4.0_stable
11.582 3 GPS 0 64648977 548987979 0 314434 15 10 2372 466634500 32 0
11.598 3 SVINFO 0 0 0 0 0 0 0
11.598 3 ATTITUDE 0. 0. 0.
11.599 3 ESTIMATOR 0. 0.
11.672 3 CALIBRATION 0.1 0
11.673 3 DESIRED 0.8 0.35 3.1 -61. 59. 2595. 5. 15.
11.674 3 IMU_GYRO 1 -0.025391 0.024658 -0.034424
11.674 3 ATTITUDE 0. 0. 0.
11.720 3 NAVIGATION_REF 649123 5253077 32 2575.
11.721 3 DL_VALUE 8 2.
11.721 3 WP_MOVED 0 649123. 5253077. 2595. 32
11.768 3 ATTITUDE 0. 0. 0.
11.819 3 NAVIGATION 9 0 -2633.2 236802.5 0. 236817.1 0 13 13 1 0 0
11.832 3 GPS 0 64648977 548987979 0 314434 15 10 2372 466634500 32 0
11.833 3 SVINFO 0 0 0 0 0 0 0
11.864 3 DESIRED 0.8 0.35 3.1 -61. 59. 2595. 5. 15.
11.865 3 IMU_MAG 0 0. 0. 0.
11.896 3 ATTITUDE 0. 0. 0.
11.960 3 CIRCLE 0. 0. -60.
11.975 3 ATTITUDE 0. 0. 0.
12.008 3 FBW_STATUS 2 0 1 11.39277 0.
12.056 3 DESIRED 0.8 0.35 3.1 -61. 59. 2595. 5. 15.
12.057 3 IMU_ACCEL 1 1.303711 -0.171875 -9.540039
12.100 3 GPS 0 64648977 548987979 0 314434 15 10 2372 466634500 32 0
12.101 3 SVINFO 0 0 0 0 0 0 0
12.102 3 ATTITUDE 0. 0. 0.
12.102 3 ESTIMATOR 0. 0.
12.119 3 LINK_REPORT 3 -1 12 0 5952 249 7 968. 40. 2 48.75
12.180 3 ATTITUDE 0. 0. 0.
12.212 3 COMMANDS 0,7040,4886
12.213 3 WP_MOVED 1 649123. 5253077. 2595. 32
12.261 3 DESIRED 0.8 0.35 3.1 -61. 59. 2595. 5. 15.
12.261 3 IMU_GYRO 1 -0.025391 0.024658 -0.034424
12.276 3 ATTITUDE 0. 0. 0.
12.341 3 GPS 0 64648977 548987979 0 314434 15 10 2372 466634500 32 0
12.341 3 SVINFO 0 0 0 0 0 0 0
12.372 3 ATTITUDE 0. 0. 0.
12.404 3 ENERGY 0 11.398955 0. 0. 0. 0. 0.
12.453 3 DESIRED 0.8 0.35 3.1 -61. 59. 2595. 5. 15.
12.484 3 ATTITUDE 0. 0. 0.
12.500 3 AIRSPEED 0. 0. 0. 0.
12.597 3 GPS 0 64648977 548987979 0 314434 15 10 2372 466634500 32 0
12.597 3 SVINFO 0 0 0 0 0 0 0
12.598 3 ATTITUDE 0. 0. 0.
12.612 3 GPS_SOL 4780 144 383 9
12.613 3 ESTIMATOR 0. 0.
12.613 3 FBW_STATUS 2 0 1 11.39277 0.
12.645 3 DESIRED 0.8 0.35 3.1 -61. 59. 2595. 5. 15.
12.677 3 ATTITUDE 0. 0. 0.
12.709 3 WP_MOVED 2 649046.125 5253124. 2595. 32
12.773 3 ATTITUDE 0. 0. 0.
12.820 3 NAVIGATION 9 0 -2633.2 236802.5 0. 236817.1 0 14 14 1 0 0
12.836 3 GPS 0 64648977 548987979 0 314434 15 10 2372 466634500 32 0
12.837 3 SVINFO 0 0 0 0 0 0 0
12.884 3 DESIRED 0.8 0.35 3.1 -61. 59. 2595. 5. 15.
12.885 3 IMU_ACCEL 1 1.323242 -0.165039 -9.521484
12.885 3 IMU_GYRO 1 -0.026367 0.023682 -0.034424
12.886 3 ATTITUDE 0. 0. 0.
12.964 3 DATALINK_REPORT 2 2 0 946 0 0
12.980 3 ATTITUDE 0. 0. 0.
13.012 3 CIRCLE 0. 0. -60.
13.060 3 DESIRED 0.8 0.35 3.1 -61. 59. 2595. 5. 15.
13.103 3 GPS 0 64648977 548987979 0 314434 15 10 2372 466634500 32 0
13.104 3 SVINFO 0 0 0 0 0 0 0
13.105 3 ATTITUDE 0. 0. 0.
13.105 3 ESTIMATOR 0. 0.
13.120 3 LINK_REPORT 3 -1 13 0 6879 287 7 927. 38. 2 48.75
13.151 3 IMU_MAG 0 0. 0. 0.
13.167 3 STATE_FILTER_STATUS 6 5 0
13.183 3 ATTITUDE 0. 0. 0.
13.215 3 DL_VALUE 9 0.
13.215 3 WP_MOVED 0 649123. 5253077. 2595. 32
13.247 3 DESIRED 0.8 0.35 3.1 -61. 59. 2595. 5. 15.
13.279 3 ATTITUDE 0. 0. 0.
13.343 3 GPS 0 64648977 548987979 0 314434 15 10 2372 466634500 32 0
13.345 3 SVINFO 0 0 0 0 0 0 0
13.375 3 ATTITUDE 0. 0. 0.
13.456 3 DESIRED 0.8 0.35 3.1 -61. 59. 2595. 5. 15.
13.456 3 IMU_GYRO 1 -0.026367 0.023682 -0.034424
13.472 3 ATTITUDE 0. 0. 0.
13.503 3 ENERGY 0 11.39277 0. 0. 0. 0. 0.
13.519 3 AIRSPEED 0. 0. 0. 0.
13.583 3 GPS 0 64648977 548987979 0 314434 15 10 2372 466634500 32 0
13.599 3 SVINFO 0 0 0 0 0 0 0
13.600 3 ATTITUDE 0. 0. 0.
13.600 3 ESTIMATOR 0. 0.
13.664 3 DESIRED 0.8 0.35 3.1 -61. 59. 2595. 5. 15.
13.664 3 IMU_ACCEL 1 1.313477 -0.165039 -9.508789
13.679 3 ATTITUDE 0. 0. 0.
13.712 3 WP_MOVED 1 649123. 5253077. 2595. 32
13.712 3 COMMANDS 0,7040,4886
13.743 3 CALIBRATION 0.1 0
13.775 3 ATTITUDE 0. 0. 0.
13.808 3 NAVIGATION 9 0 -2633.2 236802.5 0. 236817.1 0 15 15 1 0 0
13.839 3 GPS 0 64648977 548987979 0 314434 15 10 2372 466634500 32 0
13.840 3 SVINFO 0 0 0 0 0 0 0
13.856 3 DESIRED 0.8 0.35 3.1 -61. 59. 2595. 5. 15.
13.871 3 ATTITUDE 0. 0. 0.
13.967 3 ATTITUDE 0. 0. 0.
14.000 3 FBW_STATUS 2 0 1 11.3804 0.
14.074 3 DESIRED 0.8 0.35 3.1 -61. 59. 2595. 5. 15.
14.075 3 IMU_GYRO 1 -0.025879 0.023682 -0.034424
14.075 3 CIRCLE 0. 0. -60.
14.102 3 GPS 0 64648977 548987979 0 314434 15 10 2372 466634500 32 0
14.102 3 SVINFO 0 0 0 0 0 0 0
14.103 3 ATTITUDE 0. 0. 0.
14.103 3 ESTIMATOR 0. 0.
14.121 3 LINK_REPORT 3 -1 14 0 7827 327 7 948. 40. 2 48.75
14.182 3 ATTITUDE 0. 0. 0.
14.214 3 WP_MOVED 2 649046.125 5253124. 2595. 32
14.262 3 DESIRED 0.8 0.35 3.1 -61. 59. 2595. 5. 15.
14.278 3 ATTITUDE 0. 0. 0.
14.342 3 GPS 0 64648977 548987979 0 314434 15 10 2372 466634500 32 0
14.343 3 SVINFO 0 0 0 0 0 0 0
14.374 3 ATTITUDE 0. 0. 0.
14.484 3 DESIRED 0.8 -0.35 3.1 -61. 59. 2595. 5. 15.
14.485 3 IMU_ACCEL 1 1.330078 -0.165039 -9.554688
14.485 3 IMU_MAG 0 0. 0. 0.
14.486 3 ATTITUDE 0. 0. 0.
14.500 3 LOGGER_STATUS 0 0 0 none
14.516 3 AIRSPEED 0. 0. 0. 0.
14.596 3 GPS 0 64648977 548987979 0 314434 15 10 2372 466634500 32 0
14.597 3 SVINFO 0 0 0 0 0 0 0
14.597 3 ATTITUDE 0. 0. 0.
14.612 3 ENERGY 0 11.3804 0. 0. 0. 0. 0.
14.614 3 GPS_SOL 4780 144 383 9
14.628 3 ESTIMATOR 1306.934814 997.600464
14.628 3 FBW_STATUS 2 0 1 11.3804 0.
14.660 3 DESIRED 0.8 -0.35 3.1 -61. 59. 2595. 5. 15.
14.661 3 IMU_GYRO 1 -0.0271 0.025146 -0.034912
14.676 3 ATTITUDE 0. 0. 0.
14.708 3 DL_VALUE 10 1.
14.708 3 WP_MOVED 0 649123. 5253077. 2595. 32
14.724 3 ACTUATORS 1040,1035,1416
14.772 3 ATTITUDE 0. 0. 0.
14.804 3 NAVIGATION 9 0 -2633.2 236802.5 0. 236817.1 0 16 16 1 0 0
14.836 3 GPS 0 64648977 548987979 0 314434 15 10 2372 466634500 32 0
14.836 3 SVINFO 0 0 0 0 0 0 0
14.852 3 DESIRED 0.8 -0.35 3.1 -61. 59. 2595. 5. 15.
14.868 3 ATTITUDE 0. 0. 0.
14.980 3 ATTITUDE 0. 0. 0.
15.060 3 DESIRED 0.8 -0.35 3.1 -61. 59. 2595. 5. 15.
15.102 3 GPS 0 64648977 548987979 0 314434 15 10 2372 466634500 32 0
15.103 3 SVINFO 0 0 0 0 0 0 0
15.104 3 ATTITUDE 0. 0. 0.
15.104 3 CIRCLE 0. 0. -60.
15.118 3 ESTIMATOR 2283.126465 1252.055542
15.121 3 LINK_REPORT 3 -1 15 0 8767 366 7 940. 39. 2 48.75
15.182 3 ATTITUDE 0. 0. 0.
15.199 3 WP_MOVED 1 649123. 5253077. 2595. 32
15.274 3 DESIRED 0.8 -0.35 3.1 -61. 59. 2595. 5. 15.
15.274 3 IMU_ACCEL 1 1.249023 -0.176758 -9.526367
15.275 3 IMU_GYRO 1 -0.025879 0.023682 -0.033936
15.275 3 ATTITUDE 0. 0. 0.
15.337 3 GPS 0 64648977 548987979 0 314434 15 10 2372 466634500 32 0
15.339 3 SVINFO 0 0 0 0 0 0 0
15.369 3 STATE_FILTER_STATUS 6 5 0
15.385 3 ATTITUDE 0. 0. 0.
15.450 3 DESIRED 0.8 -0.35 3.1 -61. 59. 2595. 5. 15.
15.481 3 ATTITUDE 0. 0. 0.
15.514 3 AIRSPEED 0. 0. 0. 0.
15.530 3 ALIVE 250,240,173,158,45,36,72,133,188,47,43,50,227,48,243,47
15.594 3 GPS 0 64648977 548987979 0 314434 15 10 2372 466634500 32 0
15.595 3 SVINFO 0 0 0 0 0 0 0
15.595 3 ATTITUDE 0. 0. 0.
15.609 3 ESTIMATOR 2724.202637 1151.313232
15.658 3 DESIRED 0.8 -0.35 3.1 -61. 59. 2595. 4.6 15.
15.659 3 PONG 
15.674 3 ATTITUDE 0. 0. 0.
15.706 3 ENERGY 0 11.39277 0. 0. 0. 0. 0.
15.722 3 WP_MOVED 2 649046.125 5253124. 2595. 32
15.754 3 IMU_MAG 0 0. 0. 0.
15.769 3 ATTITUDE 0. 0. 0.
15.818 3 NAVIGATION 9 0 -2633.2 236802.5 0. 236817.1 0 17 17 1 0 0
15.833 3 GPS 0 64648977 548987979 0 314434 15 10 2372 466634500 32 0
15.833 3 SVINFO 0 0 0 0 0 0 0
15.849 3 PPRZ_MODE 2 3 3 2 0 4
15.875 3 CALIBRATION -19.1 0
15.876 3 DESIRED 0.8 -0.35 3.1 -61. 59. 2595. 4.1 15.
15.877 3 IMU_GYRO 1 -0.025879 0.02417 -0.033936
15.877 3 ATTITUDE 0. 0. 0.
15.972 3 ATTITUDE 0. 0. 0.
16.004 3 FBW_STATUS 2 0 1 11.39277 0.
16.052 3 DESIRED 0.8 -0.35 3.1 -61. 59. 2595. 3.6 15.
16.068 3 IMU_ACCEL 1 1.217773 -0.209961 -9.592773
16.092 3 GPS 0 64648977 548987979 0 314434 15 10 2372 466634500 32 0
16.100 3 SVINFO 0 0 0 0 0 0 0
16.101 3 ATTITUDE 0. 0. 0.
16.101 3 ESTIMATOR 2724.202637 1151.313232
16.121 3 LINK_REPORT 3 -1 16 0 9735 407 7 968. 41. 3 47.29
16.148 3 CIRCLE 0. 0. -60.
16.180 3 ATTITUDE 0. 0. 0.
16.212 3 DL_VALUE 11 2595.
16.212 3 WP_MOVED 0 649123. 5253077. 2595. 32
16.260 3 DESIRED 0.8 -0.35 3.1 -61. 59. 2595. 3.1 15.
16.276 3 ATTITUDE 0. 0. 0.
16.340 3 GPS 0 64648977 548987979 0 314434 15 10 2372 466634500 32 0
16.341 3 SVINFO 0 0 0 0 0 0 0
16.372 3 ATTITUDE 0. 0. 0.
16.453 3 DESIRED 0.8 -0.35 3.1 -61. 59. 2595. 2.6 15.
16.468 3 IMU_GYRO 1 -0.025391 0.023682 -0.034424
16.484 3 ATTITUDE 0. 0. 0.
16.500 3 AIRSPEED 0. 0. 0. 0.
16.596 3 GPS 0 64648977 548987979 0 314434 15 10 2372 466634500 32 0
16.598 3 SVINFO 0 0 0 0 0 0 0
16.598 3 ATTITUDE 0. 0. 0.
16.612 3 GPS_SOL 4780 144 383 9
16.613 3 ESTIMATOR 3042.679443 721.594238
16.613 3 FBW_STATUS 2 0 1 11.398955 0.
16.660 3 DESIRED 0.8 -0.35 3.1 -61. 59. 2595. 2.1 15.
16.676 3 ATTITUDE 0. 0. 0.
16.708 3 WP_MOVED 1 649123. 5253077. 2595. 32
16.772 3 ATTITUDE 0. 0. 0.
16.805 3 ENERGY 0 11.398955 0. 0. 0. 0. 0.
16.821 3 NAVIGATION 9 0 -2633.2 236802.5 0. 236817.1 0 18 18 1 0 0
16.836 3 GPS 0 64648977 548987979 0 314434 15 10 2372 466634500 32 0
16.836 3 SVINFO 0 0 0 0 0 0 0
16.852 3 DESIRED 0.8 -0.35 3.1 -61. 59. 2595. 1.6 15.
16.868 3 IMU_ACCEL 1 1.258789 -0.188477 -9.571289
16.869 3 ATTITUDE 0. 0. 0.
16.980 3 ATTITUDE 0. 0. 0.
17.076 3 DESIRED 0.8 -0.35 3.1 -61. 59. 2595. 1.1 15.
17.077 3 IMU_GYRO 1 -0.025879 0.023682 -0.034912
17.077 3 IMU_MAG 0 0. 0. 0.
17.103 3 GPS 0 64648977 548987979 0 314434 15 10 2372 466634500 32 0
17.104 3 SVINFO 0 0 0 0 0 0 0
17.104 3 ATTITUDE 0. 0. 0.
17.105 3 ESTIMATOR 2963.971924 478.68042
17.123 3 LINK_REPORT 3 -1 17 0 10662 445 7 927. 38. 3 47.29
17.183 3 ATTITUDE 0. 0. 0.
17.215 3 COMMANDS 0,7040,-4886
17.215 3 CIRCLE 0. 0. -60.
17.216 3 WP_MOVED 2 649046.125 5253124. 2595. 32
17.247 3 DESIRED 0.8 -0.35 3.1 -61. 59. 2595. 0.6 15.
17.279 3 ATTITUDE 0. 0. 0.
17.330 3 GPS 0 64648977 548987979 0 314434 15 10 2372 466634500 32 0
17.343 3 SVINFO 0 0 0 0 0 0 0
17.375 3 ATTITUDE 0. 0. 0.
17.455 3 DESIRED 0.8 -0.35 3.1 -61. 59. 2595. 0.1 15.
17.471 3 ATTITUDE 0. 0. 0.
17.503 3 AIRSPEED 0. 0. 0. 0.
17.567 3 STATE_FILTER_STATUS 6 2 0
17.584 3 GPS 0 64648977 548987979 0 314434 15 10 2372 466634500 32 0
17.599 3 SVINFO 0 0 0 0 0 0 0
17.600 3 ATTITUDE 0. 0. 0.
17.600 3 ESTIMATOR 2902.564941 286.190094
17.673 3 DESIRED 0.8 -0.35 3.1 -61. 59. 2595. -0.4 15.
17.674 3 IMU_ACCEL 1 1.227539 -0.188477 -9.542969
17.675 3 IMU_GYRO 1 -0.025391 0.023682 -0.033936
17.675 3 ATTITUDE 0. 0. 0.
17.705 3 DL_VALUE 12 0.
17.706 3 WP_MOVED 0 649123. 5253077. 2595. 32
17.769 3 ATTITUDE 0. 0. 0.
17.817 3 NAVIGATION 9 0 -2633.2 236802.5 0. 236817.1 0 19 19 1 0 0
17.833 3 GPS 0 64648977 548987979 0 314434 15 10 2372 466634500 32 0
17.833 3 SVINFO 0 0 0 0 0 0 0
17.848 3 DESIRED 0.8 -0.35 3.1 -61. 59. 2595. -0.9 15.
17.881 3 ATTITUDE 0. 0. 0.
17.897 3 ENERGY 0 11.398955 0. 0. 0. 0. 0.
17.945 3 CALIBRATION -2.6 0
17.977 3 ATTITUDE 0. 0. 0.
18.009 3 FBW_STATUS 2 0 1 11.39277 0.
18.057 3 DESIRED 0.8 -0.35 3.1 -61. 59. 2595. -1.4 15.
18.073 3 DATALINK_REPORT 2 3 0 940 0 0
18.100 3 GPS 0 64648977 548987979 0 314434 15 10 2372 466634500 32 0
18.101 3 SVINFO 0 0 0 0 0 0 0
18.101 3 ATTITUDE 0. 0. 0.
18.102 3 ESTIMATOR 2821.406738 156.97139
18.123 3 LINK_REPORT 3 -1 18 0 11587 484 7 925. 39. 3 47.29
18.180 3 ATTITUDE 0. 0. 0.
18.212 3 WP_MOVED 1 649123. 5253077. 2595. 32
18.274 3 DESIRED 0.8 -0.35 3.1 -61. 59. 2595. -1.9 15.
18.275 3 IMU_GYRO 1 -0.025391 0.02417 -0.034424
18.275 3 CIRCLE 0. 0. -60.
18.276 3 ATTITUDE 0. 0. 0.
18.337 3 GPS 0 64648977 548987979 0 314434 15 10 2372 466634500 32 0
18.338 3 SVINFO 0 0 0 0 0 0 0
18.353 3 IMU_MAG 0 0. 0. 0.
18.369 3 ATTITUDE 0. 0. 0.
18.466 3 DESIRED 0.8 -0.35 3.1 -61. 59. 2595. -2.4 15.
18.466 3 IMU_ACCEL 1 1.250977 -0.157227 -9.52832
18.481 3 ATTITUDE 0. 0. 0.
18.513 3 AIRSPEED 0. 0. 0. 0.
18.594 3 GPS 0 64648977 548987979 0 314434 15 10 2372 466634500 32 0
18.595 3 SVINFO 0 0 0 0 0 0 0
18.595 3 ATTITUDE 0. 0. 0.
18.610 3 GPS_SOL 4780 144 383 9
18.610 3 ESTIMATOR 2749.200684 58.887291
18.626 3 FBW_STATUS 2 0 1 11.36803 0.
18.658 3 DESIRED 0.8 -0.35 3.1 -61. 59. 2595. -2.9 15.
18.674 3 ATTITUDE 0. 0. 0.
18.706 3 WP_MOVED 2 649046.125 5253124. 2595. 32
18.706 3 COMMANDS 0,7040,-4886
18.770 3 ATTITUDE 0. 0. 0.
18.818 3 NAVIGATION 9 0 -2633.2 236802.5 0. 236817.1 0 20 20 1 0 0
18.833 3 GPS 0 64648977 548987979 0 314434 15 10 2372 466634500 32 0
18.833 3 SVINFO 0 0 0 0 0 0 0
18.865 3 DESIRED 0.8 -0.35 3.1 -61. 59. 2595. -3.4 15.
18.866 3 IMU_GYRO 1 -0.0271 0.023682 -0.034912
18.882 3 ATTITUDE 0. 0. 0.
18.978 3 ATTITUDE 0. 0. 0.
18.994 3 ENERGY 0 11.3804 0. 0. 0. 0. 0.
19.058 3 DESIRED 0.8 -0.35 3.1 -61. 59. 2595. -3.9 15.
19.102 3 GPS 0 64648977 548987979 0 314434 15 10 2372 466634500 32 0
19.103 3 SVINFO 0 0 0 0 0 0 0
19.103 3 ATTITUDE 0. 0. 0.
19.104 3 ESTIMATOR 2749.200684 58.887291
19.124 3 LINK_REPORT 3 -1 19 0 12516 522 7 929. 38. 3 47.29
19.182 3 ATTITUDE 0. 0. 0.
19.214 3 DL_VALUE 13 0.
19.214 3 WP_MOVED 0 649123. 5253077. 2595. 32
19.262 3 DESIRED 0.8 0.04 3.1 -61. 59. 2595. -4.4 15.
19.263 3 IMU_ACCEL 1 1.229492 -0.162109 -9.561523
19.278 3 ATTITUDE 0. 0. 0.
19.310 3 CIRCLE 0. 0. -60.
19.342 3 GPS 0 64648977 548987979 0 314434 15 10 2372 466634500 32 0
19.343 3 SVINFO 0 0 0 0 0 0 0
19.374 3 ATTITUDE 0. 0. 0.
19.454 3 DESIRED 0.8 0.01 3.1 -61. 59. 2595. -4.9 15.
19.455 3 IMU_GYRO 1 -0.025879 0.02417 -0.034424
19.470 3 ATTITUDE 0. 0. 0.
19.502 3 AIRSPEED 0. 0. 0. 0.
19.612 3 GPS 0 64648977 548987979 0 314434 15 10 2372 466634500 32 0
19.613 3 SVINFO 0 0 0 0 0 0 0
19.614 3 ATTITUDE 0. 0. 0.
19.615 3 LOGGER_STATUS 0 0 0 none
19.615 3 ESTIMATOR 2676.443115 -8.720012
19.660 3 DESIRED 0.8 -0. 3.1 -61. 59. 2595. -5. 15.
19.675 3 IMU_MAG 0 0. 0. 0.
19.691 3 ATTITUDE 0. 0. 0.
19.707 3 WP_MOVED 1 649123. 5253077. 2595. 32
19.708 3 ACTUATORS 1040,1225,1226
19.755 3 STATE_FILTER_STATUS 6 5 0
19.787 3 ATTITUDE 0. 0. 0.
19.819 3 NAVIGATION 9 0 -2633.2 236802.5 0. 236817.1 0 21 21 1 0 0
19.835 3 GPS 0 64648977 548987979 0 314434 15 10 2372 466634500 32 0
19.836 3 SVINFO 0 0 0 0 0 0 0
19.852 3 DESIRED 0.8 0.35 3.1 -61. 59. 2595. -5. 15.
19.883 3 ATTITUDE 0. 0. 0.
19.979 3 ATTITUDE 0. 0. 0.
20.011 3 FBW_STATUS 2 0 1 11.398955 0.
20.073 3 CALIBRATION 0.5 0
20.074 3 DESIRED 0.8 0.35 3.1 -61. 59. 2595. -5. 15.
20.075 3 IMU_ACCEL 1 1.323242 -0.138672 -9.473633
20.118 3 IMU_GYRO 1 -0.0271 0.024658 -0.033936
20.119 3 GPS 0 64648977 548987979 0 314434 15 10 2372 466634500 32 0
20.120 3 SVINFO 0 0 0 0 0 0 0
20.121 3 ATTITUDE 0. 0. 0.
20.121 3 ENERGY 0 11.398955 0. 0. 0. 0. 0.
20.122 3 ESTIMATOR 2625.374023 -36.409756
20.125 3 LINK_REPORT 3 -1 20 0 13504 564 7 988. 42. 3 47.29
20.181 3 ATTITUDE 0. 0. 0.
20.214 3 WP_MOVED 2 649046.125 5253124. 2595. 32
20.246 3 DESIRED 0.8 0.35 3.1 -61. 59. 2595. -5. 15.
20.278 3 ATTITUDE 0. 0. 0.
20.341 3 GPS 0 64648977 548987979 0 314434 15 10 2372 466634500 32 0
20.341 3 SVINFO 0 0 0 0 0 0 0
20.357 3 CIRCLE 0. 0. -60.
20.373 3 ATTITUDE 0. 0. 0.
20.454 3 DESIRED 0.8 0.35 3.1 -61. 59. 2595. -4.6 15.
20.470 3 ATTITUDE 0. 0. 0.
20.502 3 AIRSPEED 0. 0. 0. 0.
20.598 3 GPS 0 64648977 548987979 0 314434 15 10 2372 466634500 32 0
20.599 3 SVINFO 0 0 0 0 0 0 0
20.599 3 ATTITUDE 0. 0. 0.
20.619 3 ALIVE 250,240,173,158,45,36,72,133,188,47,43,50,227,48,243,47
20.630 3 GPS_SOL 4780 144 383 9
20.630 3 ESTIMATOR 2590.225586 -44.253757
20.630 3 FBW_STATUS 2 0 1 11.398955 0.
20.672 3 DESIRED 0.8 0.35 3.1 -61. 59. 2595. -4.1 15.
20.673 3 IMU_GYRO 1 -0.026367 0.023682 -0.033936
20.673 3 PONG 
20.674 3 ATTITUDE 0. 0. 0.
20.720 3 NAVIGATION_REF 649123 5253077 32 2575.
20.721 3 DL_VALUE 14 0.
20.721 3 WP_MOVED 0 649123. 5253077. 2595. 32
20.736 3 PPRZ_MODE 2 3 3 2 0 4
20.768 3 ATTITUDE 0. 0. 0.
20.816 3 NAVIGATION 9 0 -2633.2 236802.5 0. 236817.1 0 22 22 1 0 0
20.834 3 GPS 0 64648977 548987979 0 314434 15 10 2372 466634500 32 0
20.834 3 SVINFO 0 0 0 0 0 0 0
20.864 3 DESIRED 0.8 0.35 3.1 -61. 59. 2595. -3.6 15.
20.865 3 IMU_ACCEL 1 1.298828 -0.152344 -9.547852
20.880 3 ATTITUDE 0. 0. 0.
20.960 3 IMU_MAG 0 0. 0. 0.
20.976 3 ATTITUDE 0. 0. 0.
21.056 3 DESIRED 0.8 0.35 3.1 -61. 59. 2595. -3.1 15.
21.101 3 GPS 0 64648977 548987979 0 314434 15 10 2372 466634500 32 0
21.102 3 SVINFO 0 0 0 0 0 0 0
21.103 3 ATTITUDE 0. 0. 0.
21.103 3 ESTIMATOR 2590.225586 -44.253757
21.125 3 LINK_REPORT 3 -1 21 0 14445 604 7 941. 40. 4 60.52
21.181 3 ATTITUDE 0. 0. 0.
21.197 3 ENERGY 0 11.39277 0. 0. 0. 0. 0.
21.213 3 WP_MOVED 1 649123. 5253077. 2595. 32
21.261 3 DESIRED 0.8 0.35 3.1 -61. 59. 2595. -2.6 15.
21.262 3 IMU_GYRO 1 -0.026367 0.022461 -0.034424
21.277 3 ATTITUDE 0. 0. 0.
21.341 3 GPS 0 64648977 548987979 0 314434 15 10 2372 466634500 32 0
21.342 3 SVINFO 0 0 0 0 0 0 0
21.373 3 ATTITUDE 0. 0. 0.
21.405 3 CIRCLE 0. 0. -60.
21.454 3 DESIRED 0.8 0.35 3.1 -61. 59. 2595. -2.1 15.
21.469 3 ATTITUDE 0. 0. 0.
21.501 3 AIRSPEED 0. 0. 0. 0.
21.582 3 GPS 0 64648977 548987979 0 314434 15 10 2372 466634500 32 0
21.597 3 SVINFO 0 0 0 0 0 0 0
21.598 3 ATTITUDE 0. 0. 0.
21.598 3 ESTIMATOR 2564.612793 -33.25729
21.662 3 DESIRED 0.8 0.35 3.1 -61. 59. 2595. -1.6 15.
21.662 3 IMU_ACCEL 1 1.320312 -0.135742 -9.513672
21.677 3 ATTITUDE 0. 0. 0.
21.710 3 WP_MOVED 2 649046.125 5253124. 2595. 32
21.774 3 ATTITUDE 0. 0. 0.
21.806 3 NAVIGATION 9 0 -2633.2 236802.5 0. 236817.1 0 23 23 1 0 0
21.837 3 GPS 0 64648977 548987979 0 314434 15 10 2372 466634500 32 0
21.837 3 SVINFO 0 0 0 0 0 0 0
21.853 3 DESIRED 0.8 0.35 3.1 -61. 59. 2595. -1.1 15.
21.853 3 IMU_GYRO 1 -0.026367 0.02417 -0.034424
21.869 3 ATTITUDE 0. 0. 0.
21.965 3 STATE_FILTER_STATUS 6 5 0
21.981 3 ATTITUDE 0. 0. 0.
21.998 3 FBW_STATUS 2 0 1 11.39277 0.
22.046 3 DESIRED 0.8 0.35 3.1 -61. 59. 2595. -0.6 15.
22.094 3 GPS 0 64648977 548987979 0 314434 15 10 2372 466634500 32 0
22.095 3 SVINFO 0 0 0 0 0 0 0
22.095 3 ATTITUDE 0. 0. 0.
22.110 3 ESTIMATOR 2564.612793 -33.25729
22.127 3 LINK_REPORT 3 -1 22 0 15331 640 7 886. 36. 4 60.52
22.142 3 CALIBRATION 0.4 0
22.174 3 ATTITUDE 0. 0. 0.
22.206 3 COMMANDS 0,7040,4886
22.206 3 DL_VALUE 15 70.
22.222 3 WP_MOVED 0 649123. 5253077. 2595. 32
22.254 3 DESIRED 0.8 0.35 3.1 -61. 59. 2595. -0.1 15.
22.270 3 IMU_MAG 0 0. 0. 0.
22.286 3 ATTITUDE 0. 0. 0.
22.302 3 ENERGY 0 11.39277 0. 0. 0. 0. 0.
22.338 3 GPS 0 64648977 548987979 0 314434 15 10 2372 466634500 32 0
22.339 3 SVINFO 0 0 0 0 0 0 0
22.382 3 ATTITUDE 0. 0. 0.
22.473 3 DESIRED 0.8 0.35 3.1 -61. 59. 2595. 0.4 15.
22.474 3 IMU_ACCEL 1 1.333008 -0.171875 -9.49707
22.475 3 IMU_GYRO 1 -0.026367 0.022949 -0.033936
22.475 3 CIRCLE 0. 0. -60.
22.476 3 ATTITUDE 0. 0. 0.
22.505 3 AIRSPEED 0. 0. 0. 0.
22.586 3 GPS 0 64648977 548987979 0 314434 15 10 2372 466634500 32 0
22.587 3 SVINFO 0 0 0 0 0 0 0
22.601 3 ATTITUDE 0. 0. 0.
22.617 3 GPS_SOL 4780 144 383 9
22.618 3 ESTIMATOR 2562.084961 -22.910093
22.618 3 FBW_STATUS 2 0 1 11.398955 0.
22.633 3 AUTOPILOT_VERSION 60400 v6.4.0_stable
22.649 3 DESIRED 0.8 0.35 3.1 -61. 59. 2595. 0.9 15.
22.681 3 ATTITUDE 0. 0. 0.
22.697 3 WP_MOVED 1 649123. 5253077. 2595. 32
22.777 3 ATTITUDE 0. 0. 0.
22.809 3 NAVIGATION 9 0 -2633.2 236802.5 0. 236817.1 0 24 24 1 0 0
22.841 3 GPS 0 64648977 548987979 0 314434 15 10 2372 466634500 32 0
22.842 3 SVINFO 0 0 0 0 0 0 0
22.857 3 DESIRED 0.8 0.35 3.1 -61. 59. 2595. 1.4 15.
22.873 3 ATTITUDE 0. 0. 0.
22.969 3 ATTITUDE 0. 0. 0.
23.050 3 DESIRED 0.8 0.35 3.1 -61. 59. 2595. 1.9 15.
23.065 3 IMU_GYRO 1 -0.025879 0.02417 -0.034912
23.081 3 GPS 0 64648977 548987979 0 314434 15 10 2372 466634500 32 0
23.097 3 SVINFO 0 0 0 0 0 0 0
23.098 3 ATTITUDE 0. 0. 0.
23.098 3 ESTIMATOR 2562.557373 -12.659612
23.127 3 LINK_REPORT 3 -1 23 0 16312 681 7 981. 41. 4 60.52
23.145 3 DATALINK_REPORT 2 4 0 949 0 0
23.177 3 ATTITUDE 0. 0. 0.
23.210 3 WP_MOVED 2 649046.125 5253124. 2595. 32
23.258 3 DESIRED 0.8 0.35 3.1 -61. 59. 2595. 2.4 15.
23.258 3 IMU_ACCEL 1 1.31543 -0.169922 -9.535156
23.273 3 ATTITUDE 0. 0. 0.
23.339 3 GPS 0 64648977 548987979 0 314434 15 10 2372 466634500 32 0
23.340 3 SVINFO 0 0 0 0 0 0 0
23.369 3 ATTITUDE 0. 0. 0.
23.402 3 ENERGY 0 11.386585 0. 0. 0. 0. 0.
23.450 3 DESIRED 0.8 0.35 3.1 -61. 59. 2595. 2.9 15.
23.481 3 ATTITUDE 0. 0. 0.
23.513 3 CIRCLE 0. 0. -60.
23.514 3 AIRSPEED 0. 0. 0. 0.
23.561 3 IMU_MAG 0 0. 0. 0.
23.594 3 GPS 0 64648977 548987979 0 314434 15 10 2372 466634500 32 0
23.595 3 SVINFO 0 0 0 0 0 0 0
23.595 3 ATTITUDE 0. 0. 0.
23.609 3 ESTIMATOR 2562.557373 -12.659612
23.658 3 DESIRED 0.8 0.35 3.1 -61. 59. 2595. 3.4 15.
23.659 3 IMU_GYRO 1 -0.026367 0.022461 -0.033936
23.673 3 ATTITUDE 0. 0. 0.
23.706 3 DL_VALUE 16 0.
23.722 3 WP_MOVED 0 649123. 5253077. 2595. 32
23.722 3 COMMANDS 0,7040,4886
23.770 3 ATTITUDE 0. 0. 0.
23.818 3 NAVIGATION 9 0 -2633.2 236802.5 0. 236817.1 0 25 25 1 0 0
23.841 3 GPS 0 64648977 548987979 0 314434 15 10 2372 466634500 32 0
23.841 3 SVINFO 0 0 0 0 0 0 0
23.850 3 DESIRED 0.8 0.03 3.1 -61. 59. 2595. 3.9 15.
23.881 3 ATTITUDE 0. 0. 0.
23.978 3 ATTITUDE 0. 0. 0.
24.010 3 FBW_STATUS 2 0 1 11.39277 0.
24.058 3 DESIRED 0.8 0.35 3.1 -61. 59. 2595. 4.4 15.
24.059 3 IMU_ACCEL 1 1.318359 -0.171875 -9.564453
24.102 3 GPS 0 64648977 548987979 0 314434 15 10 2372 466634500 32 0
24.103 3 SVINFO 0 0 0 0 0 0 0
24.104 3 ATTITUDE 0. 0. 0.
24.104 3 ESTIMATOR 2566.277344 -3.255744
24.128 3 LINK_REPORT 3 -1 24 0 17254 720 7 942. 39. 4 60.52
24.165 3 STATE_FILTER_STATUS 6 5 0
24.181 3 ATTITUDE 0. 0. 0.
24.214 3 WP_MOVED 1 649123. 5253077. 2595. 32
24.271 3 CALIBRATION 0.1 0
24.272 3 DESIRED 0.8 0.35 3.1 -61. 59. 2595. 4.9 15.
24.272 3 IMU_GYRO 1 -0.025879 0.022461 -0.033936
24.272 3 ATTITUDE 0. 0. 0.
24.337 3 GPS 0 64648977 548987979 0 314434 15 10 2372 466634500 32 0
24.337 3 SVINFO 0 0 0 0 0 0 0
24.384 3 ATTITUDE 0. 0. 0.
24.448 3 DESIRED 0.8 0.35 3.1 -61. 59. 2595. 5. 15.
24.480 3 ATTITUDE 0. 0. 0.
24.496 3 ENERGY 0 11.398955 0. 0. 0. 0. 0.
24.512 3 AIRSPEED 0. 0. 0. 0.
24.560 3 CIRCLE 0. 0. -60.
24.602 3 GPS 0 64648977 548987979 0 314434 15 10 2372 466634500 32 0
24.603 3 SVINFO 0 0 0 0 0 0 0
24.604 3 ATTITUDE 0. 0. 0.
24.618 3 GPS_SOL 4780 144 383 9
24.619 3 ESTIMATOR 2566.277344 -3.255744
24.619 3 FBW_STATUS 2 0 1 11.398955 0.
24.651 3 DESIRED 0.8 0.35 3.1 -61. 59. 2595. 5. 15.
24.682 3 LOGGER_STATUS 0 0 0 none
24.683 3 ATTITUDE 0. 0. 0.
24.714 3 WP_MOVED 2 649046.125 5253124. 2595. 32
24.715 3 ACTUATORS 1040,1416,1035
24.778 3 ATTITUDE 0. 0. 0.
24.810 3 NAVIGATION 9 0 -2633.2 236802.5 0. 236817.1 0 26 26 1 0 0
24.843 3 GPS 0 64648977 548987979 0 314434 15 10 2372 466634500 32 0
24.843 3 SVINFO 0 0 0 0 0 0 0
24.859 3 DESIRED 0.8 0.35 3.1 -61. 59. 2595. 5. 15.
24.888 3 IMU_ACCEL 1 1.31543 -0.162109 -9.540039
24.889 3 IMU_GYRO 1 -0.026367 0.023682 -0.033936
24.890 3 IMU_MAG 0 0. 0. 0.
24.890 3 ATTITUDE 0. 0. 0.
24.968 3 ATTITUDE 0. 0. 0.
25.049 3 DESIRED 0.8 0.35 3.1 -61. 59. 2595. 5. 15.
25.112 3 GPS 0 64648977 548987979 0 314434 15 10 2372 466634500 32 0
25.113 3 SVINFO 0 0 0 0 0 0 0
25.114 3 ATTITUDE 0. 0. 0.
25.114 3 ESTIMATOR 2566.277344 -3.255744
25.128 3 LINK_REPORT 3 -1 25 0 18227 761 7 973. 41. 4 60.52
25.176 3 ATTITUDE 0. 0. 0.
25.207 3 DL_VALUE 17 70.
25.208 3 WP_MOVED 0 649123. 5253077. 2595. 32
25.256 3 DESIRED 0.8 0.35 3.1 -61. 59. 2595. 5. 15.
25.272 3 ATTITUDE 0. 0. 0.
25.341 3 GPS 0 64648977 548987979 0 314434 15 10 2372 466634500 32 0
25.342 3 SVINFO 0 0 0 0 0 0 0
25.368 3 ATTITUDE 0. 0. 0.
25.464 3 DESIRED 0.8 0.35 3.1 -61. 59. 2595. 5. 15.
25.465 3 IMU_GYRO 1 -0.025391 0.02417 -0.033936
25.480 3 ATTITUDE 0. 0. 0.
25.512 3 AIRSPEED 0. 0. 0. 0.
25.602 3 GPS 0 64648977 548987979 0 314434 15 10 2372 466634500 32 0
25.603 3 SVINFO 0 0 0 0 0 0 0
25.604 3 ATTITUDE 0. 0. 0.
25.618 3 ENERGY 0 11.39277 0. 0. 0. 0. 0.
25.619 3 CIRCLE 0. 0. -60.
25.620 3 ESTIMATOR 2566.277344 -3.255744
25.650 3 PPRZ_MODE 2 3 3 2 0 4
25.676 3 DESIRED 0.8 0.35 3.1 -61. 59. 2595. 5. 15.
25.677 3 IMU_ACCEL 1 1.306641 -0.162109 -9.530273
25.678 3 PONG 
25.678 3 ATTITUDE 0. 0. 0.
25.692 3 ALIVE 250,240,173,158,45,36,72,133,188,47,43,50,227,48,243,47
25.708 3 WP_MOVED 1 649123. 5253077. 2595. 32
25.772 3 ATTITUDE 0. 0. 0.
25.804 3 NAVIGATION 9 0 -2633.2 236802.5 0. 236817.1 0 27 27 1 0 0
25.840 3 GPS 0 64648977 548987979 0 314434 15 10 2372 466634500 32 0
25.840 3 SVINFO 0 0 0 0 0 0 0
