2.125 3 LINK_REPORT 3 -1 2 0 1853 76 0 950. 39. 0 0.
2.127 3 CIRCLE 2.8 -28.299999 60.
2.160 3 PPRZ_MODE 0 3 3 2 0 17
2.175 3 STATE_FILTER_STATUS 6 2 0
2.207 3 ATTITUDE 0. 0. 0.
2.272 3 DESIRED -0. -0.01 1. 57. 37. 436. 5. 15.
2.287 3 IMU_GYRO 1 -0.060059 0.003418 -0.006348
2.304 3 GPS 0 0 0 0 0 0 0 0 0 0 0
2.320 3 SVINFO 0 0 0 0 0 0 0
2.320 3 ATTITUDE 0. 0. 0.
2.320 3 ESTIMATOR 0. 0.
2.400 3 ATTITUDE 0. 0. 0.
2.432 3 WP_MOVED 2 641796.8125 5474624.5 436. 32
2.480 3 DESIRED -0. -0.01 1. 57. 37. 436. 5. 15.
2.481 3 IMU_ACCEL 1 -0.625 0.024414 -9.124023
2.496 3 ATTITUDE 0. 0. 0.
2.528 3 ENERGY 0 12.314335 0. 0. 0. 0. 0.
2.560 3 GPS 0 0 0 0 0 0 0 0 0 0 0
2.561 3 SVINFO 0 0 0 0 0 0 0
2.592 3 ATTITUDE 0. 0. 0.
2.672 3 DESIRED -0. -0.01 1. 57. 37. 436. 5. 15.
2.704 3 ATTITUDE 0. 0. 0.
2.736 3 AIRSPEED 0. 0. 0. 0.
2.753 3 AUTOPILOT_VERSION 60400 v6.4.0_stable
2.817 3 GPS 0 0 0 0 0 0 0 0 0 0 0
2.817 3 SVINFO 0 0 0 0 0 0 0
2.818 3 ATTITUDE 0. 0. 0.
2.832 3 ESTIMATOR 0. 0.
2.894 3 CALIBRATION 0. 0
2.894 3 DESIRED -0. -0.01 1. 57. 37. 436. 5. 15.
2.895 3 IMU_GYRO 1 -0.060059 0.00293 -0.005615
2.895 3 ATTITUDE 0. 0. 0.
2.942 3 NAVIGATION_REF 641794 5474653 32 356.
2.943 3 DL_VALUE 8 0.
2.943 3 WP_MOVED 3 641820. 5474501. 446. 32
2.990 3 ATTITUDE 0. 0. 0.
3.038 3 NAVIGATION 10 0 0. 0. 0. 0. 0 13 13 1 0 0
3.054 3 GPS 0 0 0 0 0 0 0 0 0 0 0
3.055 3 SVINFO 0 0 0 0 0 0 0
3.070 3 DESIRED -0. -0.01 1. 57. 37. 436. 5. 15.
3.085 3 IMU_MAG 0 0. 0. 0.
3.101 3 ATTITUDE 0. 0. 0.
3.112 3 LINK_REPORT 3 -1 3 0 2828 117 0 975. 41. 0 0.
3.182 3 CIRCLE 2.8 -28.299999 60.
3.198 3 ATTITUDE 0. 0. 0.
3.230 3 FBW_STATUS 0 45 0 12.314335 0.
3.278 3 DESIRED -0. -0.01 1. 57. 37. 436. 5. 15.
3.279 3 IMU_ACCEL 1 -0.633789 0.039062 -9.164062
3.323 3 GPS 0 0 0 0 0 0 0 0 0 0 0
3.324 3 SVINFO 0 0 0 0 0 0 0
3.324 3 ATTITUDE 0. 0. 0.
3.325 3 ESTIMATOR 0. 0.
3.403 3 ATTITUDE 0. 0. 0.
3.435 3 COMMANDS 0,-36,-108
3.435 3 WP_MOVED 4 641757.8125 5474491. 446. 32
3.483 3 DESIRED -0. -0.01 1. 57. 37. 436. 5. 15.
3.484 3 IMU_GYRO 1 -0.060547 0.003418 -0.005615
3.499 3 ATTITUDE 0. 0. 0.
3.563 3 GPS 0 0 0 0 0 0 0 0 0 0 0
3.564 3 SVINFO 0 0 0 0 0 0 0
3.595 3 ATTITUDE 0. 0. 0.
3.632 3 ENERGY 0 12.314335 0. 0. 0. 0. 0.
3.675 3 DESIRED -0. -0.01 1. 57. 37. 436. 5. 15.
3.691 3 ATTITUDE 0. 0. 0.
3.723 3 AIRSPEED 0. 0. 0. 0.
3.820 3 GPS 0 0 0 0 0 0 0 0 0 0 0
3.820 3 SVINFO 0 0 0 0 0 0 0
3.828 3 ATTITUDE 0. 0. 0.
3.835 3 GPS_SOL 0 0 0 0
3.836 3 ESTIMATOR 0. 0.
3.836 3 FBW_STATUS 0 45 0 12.314335 0.
3.868 3 DESIRED -0. -0.01 1. 57. 37. 436. 5. 15.
3.899 3 ATTITUDE 0. 0. 0.
3.931 3 WP_MOVED 5 641729. 5474694.5 466. 32
3.995 3 ATTITUDE 0. 0. 0.
4.028 3 NAVIGATION 10 0 0. 0. 0. 0. 0 14 14 1 0 0
4.060 3 GPS 0 0 0 0 0 0 0 0 0 0 0
4.061 3 SVINFO 0 0 0 0 0 0 0
4.092 3 DESIRED -0. -0.01 1. 57. 37. 436. 5. 15.
4.092 3 IMU_ACCEL 1 -0.617188 0.020508 -9.132812
4.093 3 IMU_GYRO 1 -0.060547 0.00293 -0.006348
4.107 3 ATTITUDE 0. 0. 0.
4.112 3 LINK_REPORT 3 -1 4 0 3776 156 0 948. 39. 0 0.
4.188 3 DATALINK_REPORT 15 0 0 944 0 0
4.203 3 ATTITUDE 0. 0. 0.
4.220 3 CIRCLE 2.8 -28.299999 60.
4.268 3 DESIRED -0. -0.01 1. 57. 37. 436. 5. 15.
4.326 3 GPS 0 0 0 0 0 0 0 0 0 0 0
4.327 3 SVINFO 0 0 0 0 0 0 0
4.327 3 ATTITUDE 0. 0. 0.
4.327 3 ESTIMATOR 0. 0.
4.374 3 IMU_MAG 0 0. 0. 0.
4.390 3 STATE_FILTER_STATUS 6 5 0
4.406 3 ATTITUDE 0. 0. 0.
4.438 3 DL_VALUE 9 0.
4.438 3 WP_MOVED 6 641754.875 5474698.5 466. 32
4.486 3 DESIRED -0. -0.01 1. 57. 37. 436. 5. 15.
4.502 3 ATTITUDE 0. 0. 0.
4.550 3 GPS 0 0 0 0 0 0 0 0 0 0 0
4.566 3 SVINFO 0 0 0 0 0 0 0
4.598 3 ATTITUDE 0. 0. 0.
4.678 3 DESIRED -0. -0.01 1. 57. 37. 436. 5. 15.
4.679 3 IMU_GYRO 1 -0.060059 0.004395 -0.006836
4.694 3 ATTITUDE 0. 0. 0.
4.726 3 ENERGY 0 12.314335 0. 0. 0. 0. 0.
4.742 3 AIRSPEED 0. 0. 0. 0.
4.806 3 GPS 0 0 0 0 0 0 0 0 0 0 0
4.822 3 SVINFO 0 0 0 0 0 0 0
4.823 3 ATTITUDE 0. 0. 0.
4.823 3 ESTIMATOR 0. 0.
4.886 3 DESIRED -0. -0.01 1. 57. 37. 436. 5. 15.
4.887 3 IMU_ACCEL 1 -0.62207 0.017578 -9.154297
4.902 3 ATTITUDE 0. 0. 0.
4.934 3 WP_MOVED 7 641788.1875 5474495. 446. 32
4.935 3 COMMANDS 0,-36,-108
4.966 3 CALIBRATION 0. 0
4.998 3 ATTITUDE 0. 0. 0.
5.030 3 NAVIGATION 10 0 0. 0. 0. 0. 0 15 15 1 0 0
5.062 3 GPS 0 0 0 0 0 0 0 0 0 0 0
5.063 3 SVINFO 0 0 0 0 0 0 0
5.078 3 DESIRED -0. -0.01 1. 57. 37. 436. 5. 15.
5.094 3 ATTITUDE 0. 0. 0.
5.113 3 LINK_REPORT 3 -1 5 0 4703 195 0 927. 39. 0 0.
5.190 3 ATTITUDE 0. 0. 0.
5.222 3 FBW_STATUS 0 45 0 12.301965 0.
5.296 3 DESIRED -0. -0.01 1. 57. 37. 436. 5. 15.
5.297 3 IMU_GYRO 1 -0.060547 0.002197 -0.006836
5.298 3 CIRCLE 2.8 -28.299999 60.
5.323 3 GPS 0 0 0 0 0 0 0 0 0 0 0
5.323 3 SVINFO 0 0 0 0 0 0 0
5.324 3 ATTITUDE 0. 0. 0.
5.324 3 ESTIMATOR 0. 0.
5.402 3 ATTITUDE 0. 0. 0.
5.434 3 WP_MOVED 8 641844.1875 5474504.5 446. 32
5.483 3 DESIRED -0. -0.01 1. 57. 37. 436. 5. 15.
5.498 3 ATTITUDE 0. 0. 0.
5.563 3 GPS 0 0 0 0 0 0 0 0 0 0 0
5.564 3 SVINFO 0 0 0 0 0 0 0
5.594 3 ATTITUDE 0. 0. 0.
5.642 3 PONG 
5.703 3 DESIRED -0. -0.01 1. 57. 37. 436. 5. 15.
5.704 3 IMU_ACCEL 1 -0.643555 0.032227 -9.15918
5.704 3 IMU_MAG 0 0. 0. 0.
5.704 3 ATTITUDE 0. 0. 0.
5.719 3 LOGGER_STATUS 0 0 0 none
5.735 3 AIRSPEED 0. 0. 0. 0.
5.825 3 GPS 0 0 0 0 0 0 0 0 0 0 0
5.827 3 SVINFO 0 0 0 0 0 0 0
5.828 3 ATTITUDE 0. 0. 0.
5.851 3 ENERGY 0 12.314335 0. 0. 0. 0. 0.
5.851 3 GPS_SOL 0 0 0 0
5.852 3 ESTIMATOR 0. 0.
5.852 3 FBW_STATUS 0 45 0 12.314335 0.
5.883 3 DESIRED -0. -0.01 1. 57. 37. 436. 5. 15.
5.884 3 IMU_GYRO 1 -0.061523 0.00293 -0.006348
5.899 3 ATTITUDE 0. 0. 0.
5.931 3 DL_VALUE 10 1.
5.935 3 WP_MOVED 9 641814.5 5474703. 476. 32
5.947 3 ACTUATORS 1040,1498,1505
5.995 3 ATTITUDE 0. 0. 0.
6.027 3 NAVIGATION 10 0 0. 0. 0. 0. 0 16 16 1 0 0
6.059 3 GPS 0 0 0 0 0 0 0 0 0 0 0
6.060 3 SVINFO 0 0 0 0 0 0 0
6.075 3 DESIRED -0. -0.01 1. 57. 37. 436. 5. 15.
6.091 3 ATTITUDE 0. 0. 0.
6.114 3 LINK_REPORT 3 -1 6 0 5691 237 0 988. 42. 1 31.86
6.203 3 ATTITUDE 0. 0. 0.
6.283 3 DESIRED -0. -0.01 1. 57. 37. 436. 5. 15.
6.315 3 GPS 0 0 0 0 0 0 0 0 0 0 0
6.316 3 SVINFO 0 0 0 0 0 0 0
6.317 3 ATTITUDE 0. 0. 0.
6.331 3 CIRCLE 2.8 -28.299999 60.
6.332 3 ESTIMATOR 0. 0.
6.395 3 ATTITUDE 0. 0. 0.
6.427 3 WP_MOVED 10 641786.375 5474701. 476. 32
6.505 3 DESIRED -0. -0.01 1. 57. 37. 436. 5. 15.
6.506 3 IMU_ACCEL 1 -0.648438 0.024414 -9.162109
6.507 3 IMU_GYRO 1 -0.061523 0.003906 -0.006836
6.507 3 ATTITUDE 0. 0. 0.
6.553 3 GPS 0 0 0 0 0 0 0 0 0 0 0
6.554 3 SVINFO 0 0 0 0 0 0 0
6.585 3 STATE_FILTER_STATUS 6 5 0
6.601 3 ATTITUDE 0. 0. 0.
6.681 3 DESIRED -0. -0.01 1. 57. 37. 436. 5. 15.
6.697 3 ATTITUDE 0. 0. 0.
6.730 3 AIRSPEED 0. 0. 0. 0.
6.746 3 ALIVE 145,115,202,48,58,98,65,226,133,89,229,247,5,28,246,0
6.824 3 GPS 0 0 0 0 0 0 0 0 0 0 0
6.825 3 SVINFO 0 0 0 0 0 0 0
6.826 3 ATTITUDE 0. 0. 0.
6.826 3 ESTIMATOR 0. 0.
6.872 3 DESIRED -0. -0.01 1. 57. 37. 436. 5. 15.
6.904 3 ATTITUDE 0. 0. 0.
6.920 3 ENERGY 0 12.314335 0. 0. 0. 0. 0.
6.936 3 WP_MOVED 11 641807.5 5474574.5 436. 32
6.984 3 IMU_MAG 0 0. 0. 0.
6.999 3 ATTITUDE 0. 0. 0.
7.032 3 NAVIGATION 10 0 0. 0. 0. 0. 0 17 17 1 0 0
7.063 3 GPS 0 0 0 0 0 0 0 0 0 0 0
7.063 3 SVINFO 0 0 0 0 0 0 0
7.079 3 PPRZ_MODE 0 3 3 2 0 17
7.079 3 CALIBRATION 0. 0
7.095 3 DESIRED -0. -0.01 1. 57. 37. 436. 5. 15.
7.096 3 IMU_GYRO 1 -0.061523 0.001221 -0.005615
7.096 3 ATTITUDE 0. 0. 0.
7.115 3 LINK_REPORT 3 -1 7 0 6631 276 0 940. 39. 1 31.86
7.191 3 ATTITUDE 0. 0. 0.
7.224 3 FBW_STATUS 0 45 0 12.314335 0.
7.272 3 DESIRED -0. -0.01 1. 57. 37. 436. 5. 15.
7.288 3 IMU_ACCEL 1 -0.641602 0.050781 -9.205078
7.320 3 GPS 0 0 0 0 0 0 0 0 0 0 0
7.321 3 SVINFO 0 0 0 0 0 0 0
7.321 3 ATTITUDE 0. 0. 0.
7.321 3 ESTIMATOR 0. 0.
7.384 3 CIRCLE 2.8 -28.299999 60.
7.400 3 ATTITUDE 0. 0. 0.
7.432 3 DL_VALUE 11 436.
7.432 3 WP_MOVED 0 641794. 5474653. 436. 32
7.480 3 DESIRED -0. -0.01 1. 57. 37. 436. 5. 15.
7.496 3 ATTITUDE 0. 0. 0.
7.560 3 GPS 0 0 0 0 0 0 0 0 0 0 0
7.561 3 SVINFO 0 0 0 0 0 0 0
7.592 3 ATTITUDE 0. 0. 0.
7.672 3 DESIRED -0. -0.01 1. 57. 37. 436. 5. 15.
7.688 3 IMU_GYRO 1 -0.061035 0.002197 -0.007324
7.704 3 ATTITUDE 0. 0. 0.
7.736 3 AIRSPEED 0. 0. 0. 0.
7.816 3 GPS 0 0 0 0 0 0 0 0 0 0 0
7.818 3 SVINFO 0 0 0 0 0 0 0
7.818 3 ATTITUDE 0. 0. 0.
7.832 3 GPS_SOL 0 0 0 0
7.833 3 ESTIMATOR 0. 0.
7.848 3 FBW_STATUS 0 45 0 12.32052 0.
7.880 3 DESIRED -0. -0.01 1. 57. 37. 436. 5. 15.
7.896 3 ATTITUDE 0. 0. 0.
7.928 3 WP_MOVED 1 641794. 5474653. 436. 32
7.992 3 ATTITUDE 0. 0. 0.
8.025 3 ENERGY 0 12.314335 0. 0. 0. 0. 0.
8.041 3 NAVIGATION 10 0 0. 0. 0. 0. 0 18 18 1 0 0
8.057 3 GPS 0 0 0 0 0 0 0 0 0 0 0
8.058 3 SVINFO 0 0 0 0 0 0 0
8.073 3 DESIRED -0. -0.01 1. 57. 37. 436. 5. 15.
8.088 3 IMU_ACCEL 1 -0.643555 0.024414 -9.207031
8.104 3 ATTITUDE 0. 0. 0.
8.115 3 LINK_REPORT 3 -1 8 0 7556 314 0 925. 38. 1 31.86
8.200 3 ATTITUDE 0. 0. 0.
8.281 3 DESIRED -0. -0.01 1. 57. 37. 436. 5. 15.
8.296 3 IMU_GYRO 1 -0.05957 0.00293 -0.005615
8.297 3 IMU_MAG 0 0. 0. 0.
8.324 3 GPS 0 0 0 0 0 0 0 0 0 0 0
8.325 3 SVINFO 0 0 0 0 0 0 0
8.325 3 ATTITUDE 0. 0. 0.
8.325 3 ESTIMATOR 0. 0.
8.404 3 ATTITUDE 0. 0. 0.
8.436 3 COMMANDS 0,-36,-108
8.436 3 CIRCLE 2.8 -28.299999 60.
8.437 3 WP_MOVED 2 641796.8125 5474624.5 436. 32
8.468 3 DESIRED -0. -0.01 1. 57. 37. 436. 5. 15.
8.499 3 ATTITUDE 0. 0. 0.
8.563 3 GPS 0 0 0 0 0 0 0 0 0 0 0
8.564 3 SVINFO 0 0 0 0 0 0 0
8.596 3 ATTITUDE 0. 0. 0.
8.675 3 DESIRED -0. -0.01 1. 57. 37. 436. 5. 15.
8.691 3 ATTITUDE 0. 0. 0.
8.724 3 AIRSPEED 0. 0. 0. 0.
8.787 3 STATE_FILTER_STATUS 6 5 0
8.820 3 GPS 0 0 0 0 0 0 0 0 0 0 0
8.821 3 SVINFO 0 0 0 0 0 0 0
8.821 3 ATTITUDE 0. 0. 0.
8.822 3 ESTIMATOR 0. 0.
8.896 3 DESIRED -0. -0.01 1. 57. 37. 436. 5. 15.
8.897 3 IMU_ACCEL 1 -0.617188 0.032227 -9.142578
8.897 3 IMU_GYRO 1 -0.061523 0.003418 -0.006348
8.898 3 ATTITUDE 0. 0. 0.
8.928 3 DL_VALUE 12 0.
8.928 3 WP_MOVED 3 641820. 5474501. 446. 32
8.992 3 ATTITUDE 0. 0. 0.
9.040 3 NAVIGATION 10 0 0. 0. 0. 0. 0 19 19 1 0 0
9.056 3 GPS 0 0 0 0 0 0 0 0 0 0 0
9.057 3 SVINFO 0 0 0 0 0 0 0
9.072 3 DESIRED -0. -0.01 1. 57. 37. 436. 5. 15.
9.104 3 ATTITUDE 0. 0. 0.
9.116 3 LINK_REPORT 3 -1 9 0 8439 351 0 883. 37. 1 31.86
9.120 3 ENERGY 0 12.314335 0. 0. 0. 0. 0.
9.168 3 CALIBRATION 0. 0
9.200 3 ATTITUDE 0. 0. 0.
9.232 3 FBW_STATUS 0 45 0 12.30815 0.
9.280 3 DESIRED -0. -0.01 1. 57. 37. 436. 5. 15.
9.296 3 DATALINK_REPORT 4 1 0 940 0 0
9.328 3 GPS 0 0 0 0 0 0 0 0 0 0 0
9.329 3 SVINFO 0 0 0 0 0 0 0
9.330 3 ATTITUDE 0. 0. 0.
9.330 3 ESTIMATOR 0. 0.
9.392 3 ATTITUDE 0. 0. 0.
9.424 3 WP_MOVED 4 641757.8125 5474491. 446. 32
9.498 3 DESIRED -0. -0.01 1. 57. 37. 436. 5. 15.
9.499 3 IMU_GYRO 1 -0.061035 0.003418 -0.006348
9.500 3 CIRCLE 2.8 -28.299999 60.
9.500 3 ATTITUDE 0. 0. 0.
9.562 3 GPS 0 0 0 0 0 0 0 0 0 0 0
9.563 3 SVINFO 0 0 0 0 0 0 0
9.578 3 IMU_MAG 0 0. 0. 0.
9.594 3 ATTITUDE 0. 0. 0.
9.674 3 DESIRED -0. -0.01 1. 57. 37. 436. 5. 15.
9.690 3 IMU_ACCEL 1 -0.62207 0.058594 -9.171875
9.706 3 ATTITUDE 0. 0. 0.
9.722 3 AIRSPEED 0. 0. 0. 0.
9.803 3 GPS 0 0 0 0 0 0 0 0 0 0 0
9.818 3 SVINFO 0 0 0 0 0 0 0
9.819 3 ATTITUDE 0. 0. 0.
9.834 3 GPS_SOL 0 0 0 0
9.835 3 ESTIMATOR 0. 0.
9.835 3 FBW_STATUS 0 45 0 12.32052 0.
9.867 3 DESIRED -0. -0.01 1. 57. 37. 436. 5. 15.
9.899 3 ATTITUDE 0. 0. 0.
9.931 3 WP_MOVED 5 641729. 5474694.5 466. 32
9.931 3 COMMANDS 0,-36,-108
9.995 3 ATTITUDE 0. 0. 0.
10.026 3 NAVIGATION 10 0 0. 0. 0. 0. 0 20 20 1 0 0
10.059 3 GPS 0 0 0 0 0 0 0 0 0 0 0
10.059 3 SVINFO 0 0 0 0 0 0 0
10.075 3 DESIRED -0. -0.01 1. 57. 37. 436. 5. 15.
10.090 3 IMU_GYRO 1 -0.060547 0.003418 -0.005615
10.091 3 ATTITUDE 0. 0. 0.
10.117 3 LINK_REPORT 3 -1 10 0 9419 392 0 980. 41. 1 31.86
10.203 3 ATTITUDE 0. 0. 0.
10.219 3 ENERGY 0 12.314335 0. 0. 0. 0. 0.
10.267 3 DESIRED -0. -0.01 1. 57. 37. 436. 5. 15.
10.315 3 GPS 0 0 0 0 0 0 0 0 0 0 0
10.316 3 SVINFO 0 0 0 0 0 0 0
10.316 3 ATTITUDE 0. 0. 0.
10.331 3 ESTIMATOR 0. 0.
10.395 3 ATTITUDE 0. 0. 0.
10.427 3 DL_VALUE 13 0.
10.427 3 WP_MOVED 6 641754.875 5474698.5 466. 32
10.475 3 DESIRED -0. -0.01 1. 57. 37. 436. 5. 15.
10.491 3 IMU_ACCEL 1 -0.638672 0.015625 -9.101562
10.492 3 ATTITUDE 0. 0. 0.
10.523 3 CIRCLE 2.8 -28.299999 60.
10.555 3 GPS 0 0 0 0 0 0 0 0 0 0 0
10.556 3 SVINFO 0 0 0 0 0 0 0
10.603 3 ATTITUDE 0. 0. 0.
10.642 3 PONG 
10.683 3 DESIRED -0. -0.01 1. 57. 37. 436. 5. 15.
10.684 3 IMU_GYRO 1 -0.061523 0.003418 -0.006348
10.699 3 ATTITUDE 0. 0. 0.
10.731 3 AIRSPEED 0. 0. 0. 0.
10.825 3 GPS 0 0 0 0 0 0 0 0 0 0 0
10.827 3 SVINFO 0 0 0 0 0 0 0
10.827 3 ATTITUDE 0. 0. 0.
10.827 3 LOGGER_STATUS 0 0 0 none
10.828 3 ESTIMATOR 0. 0.
10.873 3 DESIRED -0. -0.01 1. 57. 37. 436. 5. 15.
10.889 3 IMU_MAG 0 0. 0. 0.
10.905 3 ATTITUDE 0. 0. 0.
10.937 3 WP_MOVED 7 641788.1875 5474495. 446. 32
10.938 3 ACTUATORS 1040,1498,1505
10.985 3 STATE_FILTER_STATUS 6 5 0
11.001 3 ATTITUDE 0. 0. 0.
11.033 3 NAVIGATION 10 0 0. 0. 0. 0. 0 21 21 1 0 0
11.065 3 GPS 0 0 0 0 0 0 0 0 0 0 0
11.066 3 SVINFO 0 0 0 0 0 0 0
11.081 3 DESIRED -0. -0.01 1. 57. 37. 436. 5. 15.
11.097 3 ATTITUDE 0. 0. 0.
11.117 3 LINK_REPORT 3 -1 11 0 10341 431 0 922. 39. 2 24.33
11.193 3 ATTITUDE 0. 0. 0.
11.226 3 FBW_STATUS 0 45 0 12.314335 0.
11.274 3 CALIBRATION 0. 0
11.300 3 DESIRED -0. -0.01 1. 57. 37. 436. 5. 15.
11.301 3 IMU_ACCEL 1 -0.636719 0.03418 -9.185547
11.326 3 IMU_GYRO 1 -0.061035 0.003418 -0.006836
11.327 3 GPS 0 0 0 0 0 0 0 0 0 0 0
11.328 3 SVINFO 0 0 0 0 0 0 0
11.328 3 ATTITUDE 0. 0. 0.
11.329 3 ENERGY 0 12.314335 0. 0. 0. 0. 0.
11.341 3 ESTIMATOR 0. 0.
11.406 3 ATTITUDE 0. 0. 0.
11.422 3 WP_MOVED 8 641844.1875 5474504.5 446. 32
11.470 3 DESIRED -0. -0.01 1. 57. 37. 436. 5. 15.
11.502 3 ATTITUDE 0. 0. 0.
11.550 3 GPS 0 0 0 0 0 0 0 0 0 0 0
11.566 3 SVINFO 0 0 0 0 0 0 0
11.582 3 CIRCLE 2.8 -28.299999 60.
11.598 3 ATTITUDE 0. 0. 0.
11.678 3 DESIRED -0. -0.01 1. 57. 37. 436. 5. 15.
11.693 3 ATTITUDE 0. 0. 0.
11.726 3 AIRSPEED 0. 0. 0. 0.
11.806 3 GPS 0 0 0 0 0 0 0 0 0 0 0
11.807 3 SVINFO 0 0 0 0 0 0 0
11.822 3 ATTITUDE 0. 0. 0.
11.839 3 ALIVE 145,115,202,48,58,98,65,226,133,89,229,247,5,28,246,0
11.839 3 GPS_SOL 0 0 0 0
11.854 3 ESTIMATOR 0. 0.
11.854 3 FBW_STATUS 0 45 0 12.314335 0.
11.886 3 DESIRED -0. -0.01 1. 57. 37. 436. 5. 15.
11.887 3 IMU_GYRO 1 -0.060547 0.003906 -0.006348
11.902 3 ATTITUDE 0. 0. 0.
11.934 3 NAVIGATION_REF 641794 5474653 32 356.
11.935 3 DL_VALUE 14 0.
11.950 3 WP_MOVED 9 641814.5 5474703. 476. 32
11.966 3 PPRZ_MODE 0 3 3 2 0 17
11.998 3 ATTITUDE 0. 0. 0.
12.031 3 NAVIGATION 10 0 0. 0. 0. 0. 0 22 22 1 0 0
12.062 3 GPS 0 0 0 0 0 0 0 0 0 0 0
12.063 3 SVINFO 0 0 0 0 0 0 0
12.078 3 DESIRED -0. -0.01 1. 57. 37. 436. 5. 15.
12.079 3 IMU_ACCEL 1 -0.631836 0.043945 -9.171875
12.094 3 ATTITUDE 0. 0. 0.
12.118 3 LINK_REPORT 3 -1 12 0 11360 474 0 1019. 43. 2 24.33
12.174 3 IMU_MAG 0 0. 0. 0.
12.190 3 ATTITUDE 0. 0. 0.
12.270 3 DESIRED -0. -0.01 1. 57. 37. 436. 5. 15.
12.318 3 GPS 0 0 0 0 0 0 0 0 0 0 0
12.320 3 SVINFO 0 0 0 0 0 0 0
12.320 3 ATTITUDE 0. 0. 0.
12.321 3 ESTIMATOR 180.686905 137.920685
12.398 3 ATTITUDE 0. 0. 0.
12.430 3 ENERGY 0 12.314335 0. 0. 0. 0. 0.
12.431 3 WP_MOVED 10 641786.375 5474701. 476. 32
12.479 3 DESIRED -0. -0.01 1. 57. 37. 436. 5. 15.
12.480 3 IMU_GYRO 1 -0.060547 0.004883 -0.006348
12.494 3 ATTITUDE 0. 0. 0.
12.559 3 GPS 0 0 0 0 0 0 0 0 0 0 0
12.560 3 SVINFO 0 0 0 0 0 0 0
12.606 3 ATTITUDE 0. 0. 0.
12.622 3 CIRCLE 2.8 -28.299999 60.
12.670 3 DESIRED -0. -0.01 1. 57. 37. 436. 5. 15.
12.702 3 ATTITUDE 0. 0. 0.
12.734 3 AIRSPEED 0. 0. 0. 0.
12.815 3 GPS 0 0 0 0 0 0 0 0 0 0 0
12.816 3 SVINFO 0 0 0 0 0 0 0
12.817 3 ATTITUDE 0. 0. 0.
12.830 3 ESTIMATOR 180.686905 137.920685
12.879 3 DESIRED -0. -0.01 1. 57. 37. 436. 5. 15.
12.880 3 IMU_ACCEL 1 0.365234 -0.450195 -9.19043
12.894 3 ATTITUDE 0. 0. 0.
12.927 3 WP_MOVED 11 641807.5 5474574.5 436. 32
12.991 3 ATTITUDE 0. 0. 0.
13.039 3 NAVIGATION 10 0 0. 0. 0. 0. 0 23 23 1 0 0
13.055 3 GPS 0 0 0 0 0 0 0 0 0 0 0
13.056 3 SVINFO 0 0 0 0 0 0 0
13.087 3 DESIRED -0. -0.01 1. 57. 37. 436. 5. 15.
13.088 3 IMU_GYRO 1 -0.120117 0.817383 -0.092041
13.103 3 ATTITUDE 0. 0. 0.
13.119 3 LINK_REPORT 3 -1 13 0 12236 509 0 876. 35. 2 24.33
13.182 3 STATE_FILTER_STATUS 6 5 0
13.198 3 ATTITUDE 0. 0. 0.
13.231 3 FBW_STATUS 0 45 0 12.30815 0.
13.279 3 DESIRED -0. -0.01 1. 57. 37. 436. 5. 15.
13.322 3 GPS 0 0 0 0 0 0 0 0 0 0 0
13.323 3 SVINFO 0 0 0 0 0 0 0
13.323 3 ATTITUDE 0. 0. 0.
13.324 3 ESTIMATOR 180.686905 137.920685
13.370 3 CALIBRATION 0. 0
13.402 3 ATTITUDE 0. 0. 0.
13.434 3 COMMANDS 0,-12,-108
13.434 3 DL_VALUE 15 70.
13.435 3 WP_MOVED 0 641794. 5474653. 436. 32
13.482 3 DESIRED -0. -0.01 1. 57. 37. 436. 5. 15.
13.498 3 IMU_MAG 0 0. 0. 0.
13.514 3 ATTITUDE 0. 0. 0.
13.530 3 ENERGY 0 12.314335 0. 0. 0. 0. 0.
13.562 3 GPS 0 0 0 0 0 0 0 0 0 0 0
13.563 3 SVINFO 0 0 0 0 0 0 0
13.594 3 ATTITUDE 0. 0. 0.
13.704 3 DESIRED -0. -0.01 1. 57. 37. 436. 5. 15.
13.705 3 IMU_ACCEL 1 2.362305 -0.458984 -6.503906
13.705 3 IMU_GYRO 1 0.067139 0.240723 0.029541
13.706 3 CIRCLE 2.8 -28.299999 60.
13.706 3 ATTITUDE 0. 0. 0.
13.735 3 AIRSPEED 0. 0. 0. 0.
13.826 3 GPS 0 0 0 0 0 0 0 0 0 0 0
13.827 3 SVINFO 0 0 0 0 0 0 0
13.827 3 ATTITUDE 0. 0. 0.
13.841 3 GPS_SOL 0 0 0 0
13.842 3 ESTIMATOR 180.686905 137.920685
13.843 3 FBW_STATUS 0 45 0 12.314335 0.
13.857 3 AUTOPILOT_VERSION 60400 v6.4.0_stable
13.874 3 DESIRED -0. -0.01 1. 57. 37. 436. 5. 15.
13.889 3 ATTITUDE 0. 0. 0.
13.922 3 WP_MOVED 1 641794. 5474653. 436. 32
14.001 3 ATTITUDE 0. 0. 0.
14.034 3 NAVIGATION 10 0 0. 0. 0. 0. 0 24 24 1 0 0
14.050 3 GPS 0 0 0 0 0 0 0 0 0 0 0
14.065 3 SVINFO 0 0 0 0 0 0 0
14.081 3 DESIRED -0. -0.01 1. 57. 37. 436. 5. 15.
14.097 3 ATTITUDE 0. 0. 0.
14.119 3 LINK_REPORT 3 -1 14 0 13227 551 0 991. 42. 2 24.33
14.193 3 ATTITUDE 0. 0. 0.
14.274 3 DESIRED -0. -0.01 1. 57. 37. 436. 5. 15.
14.289 3 IMU_GYRO 1 -0.073242 0.407715 0.664307
14.306 3 GPS 0 0 0 0 0 0 0 0 0 0 0
14.322 3 SVINFO 0 0 0 0 0 0 0
14.322 3 ATTITUDE 0. 0. 0.
14.323 3 ESTIMATOR 343.319336 153.597336
14.370 3 DATALINK_REPORT 4 2 0 949 0 0
14.402 3 ATTITUDE 0. 0. 0.
14.434 3 WP_MOVED 2 641796.8125 5474624.5 436. 32
14.482 3 DESIRED -0. -0.01 1. 57. 37. 436. 5. 15.
14.484 3 IMU_ACCEL 1 1.765625 0.886719 -10.011719
14.498 3 ATTITUDE 0. 0. 0.
14.562 3 GPS 0 0 0 0 0 0 0 0 0 0 0
14.563 3 SVINFO 0 0 0 0 0 0 0
14.594 3 ATTITUDE 0. 0. 0.
14.626 3 ENERGY 0 12.314335 0. 0. 0. 0. 0.
14.673 3 DESIRED -0. -0.01 1. 57. 37. 436. 5. 15.
14.690 3 ATTITUDE 0. 0. 0.
14.738 3 CIRCLE 2.8 -28.299999 60.
14.738 3 AIRSPEED 0. 0. 0. 0.
14.770 3 IMU_MAG 0 0. 0. 0.
14.818 3 GPS 0 0 0 0 0 0 0 0 0 0 0
14.819 3 SVINFO 0 0 0 0 0 0 0
14.819 3 ATTITUDE 0. 0. 0.
14.834 3 ESTIMATOR 392.950531 117.61422
14.882 3 DESIRED -0. -0.01 1. 57. 37. 436. 5. 15.
14.883 3 IMU_GYRO 1 -0.123779 -0.755371 -0.199951
14.898 3 ATTITUDE 0. 0. 0.
14.930 3 DL_VALUE 16 0.
14.930 3 WP_MOVED 3 641820. 5474501. 446. 32
14.946 3 COMMANDS 0,-12,-108
14.994 3 ATTITUDE 0. 0. 0.
15.026 3 NAVIGATION 10 0 0. 0. 0. 0. 0 25 25 1 0 0
15.062 3 GPS 0 0 0 0 0 0 0 0 0 0 0
15.063 3 SVINFO 0 0 0 0 0 0 0
15.073 3 DESIRED -0. -0.01 1. 57. 37. 436. 5. 15.
15.090 3 ATTITUDE 0. 0. 0.
15.120 3 LINK_REPORT 3 -1 15 0 14150 589 0 923. 38. 2 24.33
15.202 3 ATTITUDE 0. 0. 0.
15.234 3 FBW_STATUS 0 45 0 12.30815 0.
15.283 3 DESIRED -0. -0.01 1. 57. 37. 436. 5. 15.
15.284 3 IMU_ACCEL 1 -0.107422 0.772461 -9.796875
15.324 3 GPS 0 0 0 0 0 0 0 0 0 0 0
15.326 3 SVINFO 0 0 0 0 0 0 0
15.326 3 ATTITUDE 0. 0. 0.
15.327 3 ESTIMATOR 403.111267 83.209686
15.388 3 STATE_FILTER_STATUS 6 2 0
15.404 3 ATTITUDE 0. 0. 0.
15.420 3 WP_MOVED 4 641757.8125 5474491. 446. 32
15.494 3 CALIBRATION 0. 0
15.495 3 DESIRED -0. -0.01 1. 57. 37. 436. 5. 15.
15.496 3 IMU_GYRO 1 -0.234619 0.002197 -0.522461
15.496 3 ATTITUDE 0. 0. 0.
15.559 3 GPS 0 0 0 0 0 0 0 0 0 0 0
15.559 3 SVINFO 0 0 0 0 0 0 0
15.590 3 ATTITUDE 0. 0. 0.
15.669 3 PONG 
15.671 3 DESIRED -0. -0.01 1. 57. 37. 436. 5. 15.
15.702 3 ATTITUDE 0. 0. 0.
15.718 3 ENERGY 0 12.314335 0. 0. 0. 0. 0.
15.735 3 AIRSPEED 0. 0. 0. 0.
15.782 3 CIRCLE 2.8 -28.299999 60.
15.825 3 GPS 0 0 0 0 0 0 0 0 0 0 0
15.826 3 SVINFO 0 0 0 0 0 0 0
15.826 3 ATTITUDE 0. 0. 0.
15.841 3 GPS_SOL 0 0 0 0
15.841 3 ESTIMATOR 403.111267 83.209686
15.842 3 FBW_STATUS 0 45 0 12.314335 0.
15.873 3 DESIRED -0. -0.01 1. 57. 37. 436. 5. 15.
15.905 3 LOGGER_STATUS 0 0 0 none
15.905 3 ATTITUDE 0. 0. 0.
15.921 3 PPRZ_MODE 1 3 3 2 0 21
15.937 3 WP_MOVED 5 641729. 5474694.5 466. 32
15.938 3 ACTUATORS 1040,1494,1508
16.001 3 ATTITUDE 0. 0. 0.
16.033 3 NAVIGATION 10 0 0. 0. 0. 0. 0 26 26 1 0 0
16.065 3 GPS 0 0 0 0 0 0 0 0 0 0 0
16.066 3 SVINFO 0 0 0 0 0 0 0
16.096 3 DESIRED -0. -0.01 1. 57. 37. 436. 5. 15.
16.097 3 IMU_ACCEL 1 -0.617188 1.102539 -8.77832
16.097 3 IMU_GYRO 1 0.0354 -0.139893 -0.076416
16.097 3 IMU_MAG 0 0. 0. 0.
16.098 3 ATTITUDE 0. 0. 0.
16.120 3 LINK_REPORT 3 -1 16 0 15185 634 0 1035. 45. 3 43.17
16.192 3 ATTITUDE 0. 0. 0.
16.272 3 DESIRED -0. -0.01 1. 57. 37. 436. 5. 15.
16.304 3 GPS 0 0 0 0 0 0 0 0 0 0 0
16.320 3 SVINFO 0 0 0 0 0 0 0
16.321 3 ATTITUDE 0. 0. 0.
16.321 3 ESTIMATOR 401.743225 53.359581
16.400 3 ATTITUDE 0. 0. 0.
16.432 3 DL_VALUE 17 70.
16.432 3 WP_MOVED 6 641754.875 5474698.5 466. 32
16.480 3 DESIRED -0. -0.01 1. 57. 37. 436. 5. 15.
16.496 3 ATTITUDE 0. 0. 0.
16.560 3 GPS 0 0 0 0 0 0 0 0 0 0 0
16.561 3 SVINFO 0 0 0 0 0 0 0
16.592 3 ATTITUDE 0. 0. 0.
16.672 3 DESIRED -0. -0.01 1. 57. 37. 436. 5. 15.
16.688 3 IMU_GYRO 1 -0.218506 -1.233398 -0.047852
16.704 3 ATTITUDE 0. 0. 0.
16.736 3 AIRSPEED 0. 0. 0. 0.
16.816 3 GPS 0 0 0 0 0 0 0 0 0 0 0
16.817 3 SVINFO 0 0 0 0 0 0 0
16.824 3 ATTITUDE 0. 0. 0.
16.847 3 ENERGY 0 12.30815 0. 0. 0. 0. 0.
16.848 3 CIRCLE 2.8 -28.299999 60.
16.848 3 ESTIMATOR 393.532776 23.72691
16.894 3 PPRZ_MODE 1 3 3 2 0 21
16.895 3 DESIRED -0. -0.01 1. 57. 37. 436. 5. 15.
16.896 3 IMU_ACCEL 1 -5.383789 1.196289 -7.03125
16.896 3 ATTITUDE 0. 0. 0.
16.927 3 ALIVE 145,115,202,48,58,98,65,226,133,89,229,247,5,28,246,0
16.942 3 WP_MOVED 7 641788.1875 5474495. 446. 32
16.990 3 ATTITUDE 0. 0. 0.
17.040 3 NAVIGATION 10 0 0. 0. 0. 0. 0 27 27 1 0 0
17.055 3 GPS 0 0 0 0 0 0 0 0 0 0 0
17.055 3 SVINFO 0 0 0 0 0 0 0
17.071 3 DESIRED -0. -0.01 1. 57. 37. 436. 5. 15.
17.102 3 ATTITUDE 0. 0. 0.
17.121 3 LINK_REPORT 3 -1 17 0 16071 670 0 886. 36. 3 43.17
17.198 3 ATTITUDE 0. 0. 0.
17.231 3 FBW_STATUS 0 45 1 12.314335 0.
17.279 3 DESIRED -0. -0.01 1. 57. 37. 436. 5. 15.
17.280 3 IMU_GYRO 1 -0.019531 2.588135 0.57959
17.325 3 GPS 0 0 0 0 0 0 0 0 0 0 0
17.325 3 SVINFO 0 0 0 0 0 0 0
17.326 3 ATTITUDE 0. 0. 0.
17.326 3 ESTIMATOR 393.532776 23.72691
17.373 3 IMU_MAG 0 0. 0. 0.
17.389 3 ATTITUDE 0. 0. 0.
17.421 3 WP_MOVED 8 641844.1875 5474504.5 446. 32
17.469 3 DESIRED -0. -0.01 1. 57. 37. 436. 5. 15.
17.501 3 ATTITUDE 0. 0. 0.
17.565 3 GPS 0 0 0 0 0 0 0 0 0 0 0
17.566 3 SVINFO 0 0 0 0 0 0 0
17.566 3 CALIBRATION 0. 0
17.581 3 STATE_FILTER_STATUS 6 5 0
17.597 3 ATTITUDE 0. 0. 0.
17.677 3 DESIRED -0. -0.01 1. 57. 37. 436. 5. 15.
17.678 3 IMU_ACCEL 1 3.358398 -0.257812 -9.40332
17.693 3 ATTITUDE 0. 0. 0.
17.725 3 AIRSPEED 0. 0. 0. 0.
17.805 3 GPS 0 0 0 0 0 0 0 0 0 0 0
17.821 3 SVINFO 0 0 0 0 0 0 0
17.822 3 ATTITUDE 0. 0. 0.
17.837 3 GPS_SOL 0 0 0 0
17.838 3 ESTIMATOR 393.532776 23.72691
17.838 3 FBW_STATUS 0 45 1 12.314335 0.
17.895 3 DESIRED -0. -0.01 1. 57. 37. 436. 5. 15.
17.897 3 IMU_GYRO 1 -0.040771 -1.042236 0.242188
17.897 3 CIRCLE 2.8 -28.299999 60.
17.897 3 ATTITUDE 0. 0. 0.
17.927 3 ENERGY 0 12.30815 0. 0. 0. 0. 0.
17.928 3 DL_VALUE 18 0.
17.943 3 WP_MOVED 9 641814.5 5474703. 476. 32
17.991 3 ATTITUDE 0. 0. 0.
18.040 3 NAVIGATION 10 0 0. 0. 0. 0. 0 28 28 1 0 0
18.056 3 GPS 0 0 0 0 0 0 0 0 0 0 0
18.071 3 SVINFO 0 0 0 0 0 0 0
18.087 3 DESIRED -0. -0.01 1. 57. 37. 436. 5. 15.
18.103 3 ATTITUDE 0. 0. 0.
18.121 3 LINK_REPORT 3 -1 18 0 17042 711 0 971. 41. 3 43.17
18.199 3 ATTITUDE 0. 0. 0.
18.280 3 DESIRED -0. -0.01 1. 57. 37. 436. 5. 15.
18.321 3 GPS 0 0 0 0 0 0 0 0 0 0 0
18.322 3 SVINFO 0 0 0 0 0 0 0
18.323 3 ATTITUDE 0. 0. 0.
18.323 3 ESTIMATOR 393.532776 23.72691
18.401 3 ATTITUDE 0. 0. 0.
18.433 3 COMMANDS 0,-11,-192
18.434 3 WP_MOVED 10 641786.375 5474701. 476. 32
18.496 3 DESIRED -0. -0.01 1. 57. 37. 436. 5. 15.
18.496 3 IMU_ACCEL 1 -4.868164 1.334961 -7.387695
18.497 3 IMU_GYRO 1 -0.473389 -0.801758 -0.009033
18.497 3 ATTITUDE 0. 0. 0.
18.560 3 GPS 0 0 0 0 0 0 0 0 0 0 0
18.561 3 SVINFO 0 0 0 0 0 0 0
18.592 3 ATTITUDE 0. 0. 0.
18.671 3 DESIRED -0. -0.01 1. 57. 37. 436. 5. 15.
18.704 3 IMU_MAG 0 0. 0. 0.
18.720 3 ATTITUDE 0. 0. 0.
18.736 3 AIRSPEED 0. 0. 0. 0.
18.816 3 GPS 0 0 0 0 0 0 0 0 0 0 0
18.817 3 SVINFO 0 0 0 0 0 0 0
18.818 3 ATTITUDE 0. 0. 0.
18.832 3 ESTIMATOR 393.532776 23.72691
18.880 3 DESIRED -0. -0.01 1. 57. 37. 436. 5. 15.
18.896 3 ATTITUDE 0. 0. 0.
18.928 3 CIRCLE 2.8 -28.299999 60.
18.928 3 WP_MOVED 11 641807.5 5474574.5 436. 32
18.992 3 ATTITUDE 0. 0. 0.
19.024 3 ENERGY 0 12.32052 0. 0. 0. 0. 0.
19.040 3 NAVIGATION 10 0 0. 0. 0. 0. 0 29 29 1 0 0
19.056 3 GPS 0 0 0 0 0 0 0 0 0 0 0
19.057 3 SVINFO 0 0 0 0 0 0 0
19.072 3 DESIRED -0. -0.01 1. 57. 37. 436. 5. 15.
19.088 3 IMU_GYRO 1 0.10498 1.355469 0.039551
19.104 3 ATTITUDE 0. 0. 0.
19.122 3 LINK_REPORT 3 -1 19 0 17933 747 0 891. 36. 3 43.17
19.199 3 ATTITUDE 0. 0. 0.
19.232 3 FBW_STATUS 0 45 1 12.314335 0.
19.280 3 DESIRED -0. -0.01 1. 57. 37. 436. 5. 15.
19.281 3 IMU_ACCEL 1 -1.876953 0.75293 -7.505859
19.323 3 GPS 0 0 0 0 0 0 0 0 0 0 0
19.325 3 SVINFO 0 0 0 0 0 0 0
19.325 3 ATTITUDE 0. 0. 0.
19.325 3 ESTIMATOR 377.993774 0.977318
19.403 3 ATTITUDE 0. 0. 0.
19.435 3 DL_VALUE 19 2.
19.436 3 WP_MOVED 0 641794. 5474653. 436. 32
19.451 3 DATALINK_REPORT 4 3 0 938 0 0
19.483 3 DESIRED -0. -0.01 1. 57. 37. 436. 5. 15.
19.499 3 ATTITUDE 0. 0. 0.
19.563 3 GPS 0 0 0 0 0 0 0 0 0 0 0
19.564 3 SVINFO 0 0 0 0 0 0 0
19.595 3 ATTITUDE 0. 0. 0.
19.675 3 CALIBRATION 0. 0
19.691 3 DESIRED -0. -0.01 1. 57. 37. 436. 5. 15.
19.692 3 IMU_GYRO 1 0.130615 0.340088 0.068359
19.693 3 ATTITUDE 0. 0. 0.
19.723 3 AIRSPEED 0. 0. 0. 0.
19.787 3 STATE_FILTER_STATUS 6 2 0
19.804 3 GPS 0 0 0 0 0 0 0 0 0 0 0
19.820 3 SVINFO 0 0 0 0 0 0 0
19.820 3 ATTITUDE 0. 0. 0.
19.836 3 GPS_SOL 0 0 0 0
19.836 3 ESTIMATOR 377.993774 0.977318
19.836 3 FBW_STATUS 0 45 1 12.30815 0.
19.868 3 DESIRED -0. -0.01 1. 57. 37. 436. 5. 15.
19.899 3 ATTITUDE 0. 0. 0.
19.932 3 WP_MOVED 1 641794. 5474653. 436. 32
19.932 3 COMMANDS 0,-34,-192
19.980 3 IMU_MAG 0 0. 0. 0.
19.980 3 CIRCLE 2.8 -28.299999 60.
19.996 3 ATTITUDE 0. 0. 0.
20.028 3 NAVIGATION 10 0 0. 0. 0. 0. 0 30 30 1 0 0
20.060 3 GPS 0 0 0 0 0 0 0 0 0 0 0
20.061 3 SVINFO 0 0 0 0 0 0 0
20.076 3 DESIRED -0. -0.01 1. 57. 37. 436. 5. 15.
20.078 3 IMU_ACCEL 1 -0.109375 0.271484 -9.832031
20.091 3 ATTITUDE 0. 0. 0.
20.122 3 LINK_REPORT 3 -1 20 0 18905 789 0 972. 42. 3 43.17
20.123 3 ENERGY 0 12.314335 0. 0. 0. 0. 0.
20.203 3 ATTITUDE 0. 0. 0.
20.284 3 DESIRED -0. -0.01 1. 57. 37. 436. 5. 15.
20.285 3 IMU_GYRO 1 -0.048828 0.056641 -0.006348
20.316 3 GPS 0 0 0 0 0 0 0 0 0 0 0
20.316 3 SVINFO 0 0 0 0 0 0 0
20.317 3 ATTITUDE 0. 0. 0.
20.332 3 ESTIMATOR 377.993774 0.977318
20.396 3 ATTITUDE 0. 0. 0.
20.428 3 WP_MOVED 2 641796.8125 5474624.5 436. 32
20.476 3 DESIRED -0. -0.01 1. 57. 37. 436. 5. 15.
20.492 3 ATTITUDE 0. 0. 0.
20.556 3 GPS 0 0 0 0 0 0 0 0 0 0 0
20.557 3 SVINFO 0 0 0 0 0 0 0
20.604 3 ATTITUDE 0. 0. 0.
20.636 3 PONG 
20.667 3 DESIRED -0. -0.01 1. 57. 37. 436. 5. 15.
20.700 3 ATTITUDE 0. 0. 0.
20.732 3 AIRSPEED 0. 0. 0. 0.
20.764 3 PPRZ_MODE 0 3 3 2 0 17
20.824 3 GPS 0 0 0 0 0 0 0 0 0 0 0
20.825 3 SVINFO 0 0 0 0 0 0 0
20.826 3 ATTITUDE 0. 0. 0.
20.826 3 ESTIMATOR 377.993774 0.977318
20.898 3 DESIRED -0. -0.01 1. 57. 37. 436. 5. 15.
20.899 3 IMU_ACCEL 1 -0.50293 -0.301758 -9.302734
20.900 3 IMU_GYRO 1 -0.034912 -0.054199 0.037842
20.900 3 ATTITUDE 0. 0. 0.
20.946 3 NAVIGATION_REF 641794 5474653 32 356.
20.947 3 DL_VALUE 20 0.
20.947 3 WP_MOVED 3 641820. 5474501. 446. 32
20.948 3 ACTUATORS 1040,1498,1505
21.011 3 LOGGER_STATUS 1 0 8192 PPRZ\pprzlog_0157.LOG,FLIGHT_RECORDER\fr_0152.LOG
21.012 3 ATTITUDE 0. 0. 0.
21.026 3 CIRCLE 2.8 -28.299999 60.
21.042 3 NAVIGATION 10 0 0. 0. 0. 0. 0 31 31 1 0 0
21.058 3 GPS 0 0 0 0 0 0 0 0 0 0 0
21.059 3 SVINFO 0 0 0 0 0 0 0
21.074 3 DESIRED -0. -0.01 1. 57. 37. 436. 5. 15.
21.090 3 ATTITUDE 0. 0. 0.
21.123 3 LINK_REPORT 3 -1 21 0 19895 829 0 990. 40. 4 24.6
21.202 3 ATTITUDE 0. 0. 0.
21.218 3 ENERGY 0 12.314335 0. 0. 0. 0. 0.
21.234 3 FBW_STATUS 0 45 0 12.314335 0.
21.283 3 DESIRED -0. -0.01 1. 57. 37. 436. 5. 15.
21.283 3 IMU_MAG 0 0. 0. 0.
21.325 3 GPS 0 0 0 0 0 0 0 0 0 0 0
21.325 3 SVINFO 0 0 0 0 0 0 0
21.326 3 ATTITUDE 0. 0. 0.
21.326 3 ESTIMATOR 377.993774 0.977318
21.405 3 ATTITUDE 0. 0. 0.
21.421 3 WP_MOVED 4 641757.8125 5474491. 446. 32
21.485 3 DESIRED -0. -0.01 1. 57. 37. 436. 5. 15.
21.486 3 IMU_GYRO 1 -0.153564 0.098145 -0.031738
21.501 3 ATTITUDE 0. 0. 0.
21.549 3 GPS 0 0 0 0 0 0 0 0 0 0 0
21.565 3 SVINFO 0 0 0 0 0 0 0
21.597 3 ATTITUDE 0. 0. 0.
21.676 3 DESIRED -0. -0.01 1. 57. 37. 436. 5. 15.
21.692 3 IMU_ACCEL 1 -0.071289 -0.097656 -9.327148
21.693 3 PPRZ_MODE 1 3 3 2 0 21
21.693 3 ATTITUDE 0. 0. 0.
21.725 3 AIRSPEED 0. 0. 0. 0.
21.773 3 PPRZ_MODE 1 3 3 2 0 21
21.774 3 CALIBRATION 0. 0
21.805 3 GPS 0 0 0 0 0 0 0 0 0 0 0
21.821 3 SVINFO 0 0 0 0 0 0 0
21.822 3 ATTITUDE 0. 0. 0.
21.837 3 GPS_SOL 0 0 0 0
21.837 3 ESTIMATOR 363.56601 -7.860192
21.838 3 FBW_STATUS 0 45 1 12.32052 0.
21.869 3 DESIRED -0. -0.01 1. 57. 37. 436. 5. 15.
21.901 3 ATTITUDE 0. 0. 0.
21.933 3 WP_MOVED 5 641729. 5474694.5 466. 32
21.981 3 STATE_FILTER_STATUS 6 2 0
21.997 3 ATTITUDE 0. 0. 0.
22.013 3 ALIVE 145,115,202,48,58,98,65,226,133,89,229,247,5,28,246,0
22.045 3 NAVIGATION 10 0 0. 0. 0. 0. 0 32 32 1 0 0
22.061 3 GPS 0 0 0 0 0 0 0 0 0 0 0
22.062 3 SVINFO 0 0 0 0 0 0 0
22.077 3 DESIRED -0. -0.01 1. 57. 37. 436. 5. 15.
22.093 3 IMU_GYRO 1 -0.143555 0.052246 0.03418
22.094 3 CIRCLE 2.8 -28.299999 60.
22.094 3 ATTITUDE 0. 0. 0.
22.124 3 LINK_REPORT 3 -1 22 0 20906 872 0 1011. 43. 4 24.6
22.189 3 ATTITUDE 0. 0. 0.
22.269 3 DESIRED -0. -0.01 1. 57. 37. 436. 5. 15.
22.317 3 GPS 0 0 0 0 0 0 0 0 0 0 0
22.318 3 SVINFO 0 0 0 0 0 0 0
22.319 3 ATTITUDE 0. 0. 0.
22.333 3 ENERGY 0 12.314335 0. 0. 0. 0. 0.
22.334 3 ESTIMATOR 363.56601 -7.860192
22.397 3 PPRZ_MODE 0 3 3 2 0 17
22.413 3 ATTITUDE 0. 0. 0.
22.429 3 DL_VALUE 21 0.
22.430 3 WP_MOVED 6 641754.875 5474698.5 466. 32
22.478 3 DESIRED -0. -0.01 1. 57. 37. 436. 5. 15.
22.478 3 IMU_ACCEL 1 0.458008 0.396484 -9.243164
22.493 3 ATTITUDE 0. 0. 0.
22.558 3 GPS 0 0 0 0 0 0 0 0 0 0 0
22.558 3 SVINFO 0 0 0 0 0 0 0
22.573 3 IMU_MAG 0 0. 0. 0.
22.589 3 ATTITUDE 0. 0. 0.
22.685 3 DESIRED -0. -0.01 1. 57. 37. 436. 5. 15.
22.685 3 IMU_GYRO 1 -0.043945 0.037354 0.085938
22.701 3 ATTITUDE 0. 0. 0.
22.734 3 AIRSPEED 0. 0. 0. 0.
22.824 3 GPS 0 0 0 0 0 0 0 0 0 0 0
22.825 3 SVINFO 0 0 0 0 0 0 0
22.825 3 ATTITUDE 0. 0. 0.
22.826 3 ESTIMATOR 363.56601 -7.860192
22.872 3 DESIRED -0. -0.01 1. 57. 37. 436. 5. 15.
22.903 3 ATTITUDE 0. 0. 0.
22.920 3 WP_MOVED 7 641788.1875 5474495. 446. 32
23.000 3 ATTITUDE 0. 0. 0.
23.032 3 NAVIGATION 10 0 0. 0. 0. 0. 0 33 33 1 0 0
23.064 3 GPS 0 0 0 0 0 0 0 0 0 0 0
23.065 3 SVINFO 0 0 0 0 0 0 0
23.080 3 DESIRED -0. -0.01 1. 57. 37. 436. 5. 15.
23.096 3 ATTITUDE 0. 0. 0.
23.125 3 LINK_REPORT 3 -1 23 0 21768 907 0 862. 35. 4 24.6
23.128 3 CIRCLE 2.8 -28.299999 60.
23.191 3 ATTITUDE 0. 0. 0.
23.223 3 FBW_STATUS 0 45 0 12.32052 0.
23.288 3 DESIRED -0. -0.01 1. 57. 37. 436. 5. 15.
23.289 3 IMU_ACCEL 1 0.297852 0.089844 -9.216797
23.289 3 IMU_GYRO 1 -0.03125 0.059814 -0.038818
23.304 3 GPS 0 0 0 0 0 0 0 0 0 0 0
23.320 3 SVINFO 0 0 0 0 0 0 0
23.321 3 ATTITUDE 0. 0. 0.
23.321 3 ESTIMATOR 355.671661 -7.879677
23.400 3 ATTITUDE 0. 0. 0.
23.416 3 ENERGY 0 12.32052 0. 0. 0. 0. 0.
23.432 3 COMMANDS 0,-12,-108
23.448 3 WP_MOVED 8 641844.1875 5474504.5 446. 32
23.480 3 DESIRED -0. -0.01 1. 57. 37. 436. 5. 15.
23.496 3 ATTITUDE 0. 0. 0.
23.560 3 GPS 0 0 0 0 0 0 0 0 0 0 0
23.561 3 SVINFO 0 0 0 0 0 0 0
23.592 3 ATTITUDE 0. 0. 0.
23.672 3 DESIRED -0. -0.01 1. 57. 37. 436. 5. 15.
23.688 3 PPRZ_MODE 1 3 3 2 0 21
23.704 3 ATTITUDE 0. 0. 0.
23.736 3 AIRSPEED 0. 0. 0. 0.
23.816 3 GPS 0 0 0 0 0 0 0 0 0 0 0
23.818 3 SVINFO 0 0 0 0 0 0 0
23.818 3 ATTITUDE 0. 0. 0.
23.832 3 GPS_SOL 0 0 0 0
23.833 3 ESTIMATOR 353.980865 -5.261165
23.834 3 FBW_STATUS 0 45 1 12.32052 0.
23.896 3 CALIBRATION 0. 0
23.901 3 DESIRED -0. -0.01 1. 57. 37. 436. 5. 15.
23.902 3 IMU_GYRO 1 -0.130859 0.004395 -0.051514
23.903 3 IMU_MAG 0 0. 0. 0.
23.903 3 ATTITUDE 0. 0. 0.
23.928 3 DL_VALUE 22 0.
23.929 3 WP_MOVED 9 641814.5 5474703. 476. 32
23.992 3 ATTITUDE 0. 0. 0.
24.041 3 NAVIGATION 10 0 0. 0. 0. 0. 0 34 34 1 0 0
24.057 3 GPS 0 0 0 0 0 0 0 0 0 0 0
24.058 3 SVINFO 0 0 0 0 0 0 0
24.072 3 DESIRED -0. -0.01 1. 57. 37. 436. 5. 15.
24.088 3 IMU_ACCEL 1 0.211914 0.405273 -9.162109
24.104 3 ATTITUDE 0. 0. 0.
24.125 3 LINK_REPORT 3 -1 24 0 22777 950 0 1009. 43. 4 24.6
24.184 3 CIRCLE 2.8 -28.299999 60.
24.200 3 STATE_FILTER_STATUS 6 5 0
24.200 3 ATTITUDE 0. 0. 0.
24.281 3 DESIRED -0. -0.01 1. 57. 37. 436. 5. 15.
24.323 3 GPS 0 0 0 0 0 0 0 0 0 0 0
24.324 3 SVINFO 0 0 0 0 0 0 0
24.324 3 ATTITUDE 0. 0. 0.
24.324 3 ESTIMATOR 353.726776 -3.921665
24.403 3 ATTITUDE 0. 0. 0.
24.435 3 WP_MOVED 10 641786.375 5474701. 476. 32
24.483 3 DESIRED -0. -0.01 1. 57. 37. 436. 5. 15.
24.484 3 IMU_GYRO 1 -0.030273 0.001709 0.009277
24.499 3 ATTITUDE 0. 0. 0.
24.515 3 ENERGY 0 12.32052 0. 0. 0. 0. 0.
24.573 3 DATALINK_REPORT 4 4 0 28032 0 0
24.574 3 GPS 0 0 0 0 0 0 0 0 0 0 0
24.574 3 SVINFO 0 0 0 0 0 0 0
24.589 3 ATTITUDE 0. 0. 0.
24.668 3 DESIRED -0. -0.01 1. 57. 37. 436. 5. 15.
24.701 3 ATTITUDE 0. 0. 0.
24.733 3 AIRSPEED 0. 0. 0. 0.
24.823 3 GPS 0 0 0 0 0 0 0 0 0 0 0
24.824 3 SVINFO 0 0 0 0 0 0 0
24.825 3 ATTITUDE 0. 0. 0.
24.825 3 ESTIMATOR 353.854126 -2.443463
24.887 3 DESIRED -0. -0.01 1. 57. 37. 436. 5. 15.
24.888 3 IMU_ACCEL 1 0.410156 0.192383 -9.150391
24.903 3 ATTITUDE 0. 0. 0.
24.935 3 WP_MOVED 11 641807.5 5474574.5 436. 32
24.936 3 COMMANDS 0,-34,-192
24.967 3 AUTOPILOT_VERSION 60400 v6.4.0_stable
24.999 3 ATTITUDE 0. 0. 0.
25.032 3 NAVIGATION 10 0 0. 0. 0. 0. 0 35 35 1 0 0
25.064 3 GPS 0 0 0 0 0 0 0 0 0 0 0
25.065 3 SVINFO 0 0 0 0 0 0 0
25.079 3 DESIRED -0. -0.01 1. 57. 37. 436. 5. 15.
25.080 3 IMU_GYRO 1 -0.08667 0.010254 0.004395
25.095 3 ATTITUDE 0. 0. 0.
25.126 3 LINK_REPORT 3 -1 25 0 23704 988 0 927. 38. 4 24.6
25.175 3 IMU_MAG 0 0. 0. 0.
25.191 3 ATTITUDE 0. 0. 0.
25.223 3 FBW_STATUS 0 45 1 12.32052 0.
25.239 3 CIRCLE 2.8 -28.299999 60.
25.272 3 DESIRED -0. -0.01 1. 57. 37. 436. 5. 15.
25.304 3 GPS 0 0 0 0 0 0 0 0 0 0 0
25.319 3 SVINFO 0 0 0 0 0 0 0
25.320 3 ATTITUDE 0. 0. 0.
25.320 3 ESTIMATOR 353.854126 -2.443463
25.399 3 ATTITUDE 0. 0. 0.
25.431 3 DL_VALUE 23 0.
25.432 3 WP_MOVED 0 641794. 5474653. 436. 32
25.480 3 DESIRED -0. -0.01 1. 57. 37. 436. 5. 15.
25.496 3 ATTITUDE 0. 0. 0.
25.560 3 GPS 0 0 0 0 0 0 0 0 0 0 0
25.561 3 SVINFO 0 0 0 0 0 0 0
25.592 3 ATTITUDE 0. 0. 0.
25.624 3 ENERGY 0 12.314335 0. 0. 0. 0. 0.
25.655 3 PONG 
25.697 3 DESIRED -0. -0.01 1. 57. 37. 436. 5. 15.
25.697 3 IMU_ACCEL 1 0.551758 0.261719 -9.116211
25.698 3 IMU_GYRO 1 -0.049316 0.015625 0.019287
25.713 3 PPRZ_MODE 0 3 3 2 0 17
25.714 3 ATTITUDE 0. 0. 0.
25.729 3 AIRSPEED 0. 0. 0. 0.
25.822 3 GPS 0 0 0 0 0 0 0 0 0 0 0
25.823 3 SVINFO 0 0 0 0 0 0 0
25.823 3 ATTITUDE 0. 0. 0.
25.839 3 GPS_SOL 0 0 0 0
25.839 3 ESTIMATOR 354.079346 -1.443153
25.839 3 FBW_STATUS 0 45 0 12.32052 0.
25.870 3 DESIRED -0. -0.01 1. 57. 37. 436. 5. 15.
25.902 3 ATTITUDE 0. 0. 0.
25.934 3 WP_MOVED 1 641794. 5474653. 436. 32
25.935 3 ACTUATORS 1040,1498,1505
25.966 3 CALIBRATION 0. 0
25.998 3 ATTITUDE 0. 0. 0.
26.030 3 NAVIGATION 10 0 0. 0. 0. 0. 0 36 36 1 0 0
26.062 3 GPS 0 0 0 0 0 0 0 0 0 0 0
26.063 3 SVINFO 0 0 0 0 0 0 0
26.078 3 DESIRED -0. -0.01 1. 57. 37. 436. 5. 15.
26.107 3 LOGGER_STATUS 1 0 40960 PPRZ\pprzlog_0157.LOG,FLIGHT_RECORDER\fr_0152.LOG
26.107 3 ATTITUDE 0. 0. 0.
26.127 3 LINK_REPORT 3 -1 26 0 24743 1031 0 1039. 43. 5 43.3
26.201 3 ATTITUDE 0. 0. 0.
26.293 3 DESIRED -0. -0.01 1. 57. 37. 436. 5. 15.
26.294 3 IMU_GYRO 1 -0.084961 0.010254 -0.013184
26.295 3 CIRCLE 2.8 -28.299999 60.
26.324 3 GPS 0 0 0 0 0 0 0 0 0 0 0
26.325 3 SVINFO 0 0 0 0 0 0 0
26.326 3 ATTITUDE 0. 0. 0.
26.326 3 ESTIMATOR 354.568481 -0.647412
26.388 3 STATE_FILTER_STATUS 6 5 0
26.404 3 ATTITUDE 0. 0. 0.
26.436 3 WP_MOVED 2 641796.8125 5474624.5 436. 32
26.496 3 DESIRED -0. -0.01 1. 57. 37. 436. 5. 15.
26.497 3 IMU_ACCEL 1 0.422852 0.331055 -10.958008
26.498 3 IMU_MAG 0 0. 0. 0.
26.512 3 ATTITUDE 0. 0. 0.
26.560 3 GPS 0 0 0 0 0 0 0 0 0 0 0
26.561 3 SVINFO 0 0 0 0 0 0 0
26.592 3 ATTITUDE 0. 0. 0.
26.672 3 PPRZ_MODE 0 3 3 2 0 17
26.688 3 DESIRED -0. -0.01 1. 57. 37. 436. 5. 15.
26.688 3 ATTITUDE 0. 0. 0.
26.720 3 ENERGY 0 12.314335 0. 0. 0. 0. 0.
26.736 3 AIRSPEED 0. 0. 0. 0.
26.817 3 GPS 0 0 0 0 0 0 0 0 0 0 0
26.817 3 SVINFO 0 0 0 0 0 0 0
26.818 3 ATTITUDE 0. 0. 0.
26.832 3 ESTIMATOR 354.568481 -0.647412
26.881 3 DESIRED -0. -0.01 1. 57. 37. 436. 5. 15.
26.882 3 IMU_GYRO 1 -0.110107 -1.663818 -0.155762
26.896 3 ATTITUDE 0. 0. 0.
26.928 3 DL_VALUE 24 0.
26.929 3 WP_MOVED 3 641820. 5474501. 446. 32
26.993 3 ATTITUDE 0. 0. 0.
27.041 3 NAVIGATION 10 0 0. 0. 0. 0. 0 37 37 1 0 0
27.057 3 GPS 0 0 0 0 0 0 0 0 0 0 0
27.058 3 SVINFO 0 0 0 0 0 0 0
27.073 3 DESIRED -0. -0.01 1. 57. 37. 436. 5. 15.
27.105 3 ALIVE 145,115,202,48,58,98,65,226,133,89,229,247,5,28,246,0
27.106 3 ATTITUDE 0. 0. 0.
27.128 3 LINK_REPORT 3 -1 27 0 25683 1070 0 940. 39. 5 43.3
27.200 3 ATTITUDE 0. 0. 0.
27.232 3 FBW_STATUS 0 45 0 12.30815 0.
27.281 3 DESIRED -0. -0.01 1. 57. 37. 436. 5. 15.
27.282 3 IMU_ACCEL 1 -2.501953 -0.196289 -7.450195
27.323 3 GPS 0 0 0 0 0 0 0 0 0 0 0
27.324 3 SVINFO 0 0 0 0 0 0 0
27.324 3 ATTITUDE 0. 0. 0.
27.339 3 CIRCLE 2.8 -28.299999 60.
27.339 3 ESTIMATOR 355.315796 0.17041
27.403 3 ATTITUDE 0. 0. 0.
27.435 3 WP_MOVED 4 641757.8125 5474491. 446. 32
27.483 3 DESIRED -0. -0.01 1. 57. 37. 436. 5. 15.
27.484 3 IMU_GYRO 1 0.004883 0.279541 0.052246
27.499 3 ATTITUDE 0. 0. 0.
27.563 3 GPS 0 0 0 0 0 0 0 0 0 0 0
27.564 3 SVINFO 0 0 0 0 0 0 0
27.595 3 ATTITUDE 0. 0. 0.
27.675 3 DESIRED -0. -0.01 1. 57. 37. 436. 5. 15.
27.691 3 ATTITUDE 0. 0. 0.
27.723 3 AIRSPEED 0. 0. 0. 0.
27.771 3 IMU_MAG 0 0. 0. 0.
27.803 3 GPS 0 0 0 0 0 0 0 0 0 0 0
27.819 3 SVINFO 0 0 0 0 0 0 0
27.820 3 ATTITUDE 0. 0. 0.
27.848 3 ENERGY 0 12.314335 0. 0. 0. 0. 0.
27.849 3 GPS_SOL 0 0 0 0
27.849 3 ESTIMATOR 355.315796 0.17041
27.850 3 FBW_STATUS 0 45 0 12.314335 0.
27.880 3 DESIRED -0. -0.01 1. 57. 37. 436. 5. 15.
27.896 3 ATTITUDE 0. 0. 0.
27.928 3 WP_MOVED 5 641729. 5474694.5 466. 32
27.992 3 ATTITUDE 0. 0. 0.
28.040 3 NAVIGATION 10 0 0. 0. 0. 0. 0 38 38 1 0 0
28.056 3 GPS 0 0 0 0 0 0 0 0 0 0 0
28.057 3 SVINFO 0 0 0 0 0 0 0
28.072 3 CALIBRATION 0. 0
28.098 3 DESIRED -0. -0.01 1. 57. 37. 436. 5. 15.
28.099 3 IMU_ACCEL 1 -1.499023 -0.222656 -8.924805
28.100 3 IMU_GYRO 1 -0.001465 -0.320801 -0.12915
28.100 3 ATTITUDE 0. 0. 0.
28.129 3 LINK_REPORT 3 -1 28 0 26650 1110 0 967. 40. 5 43.3
28.194 3 ATTITUDE 0. 0. 0.
28.275 3 DESIRED -0. -0.01 1. 57. 37. 436. 5. 15.
28.307 3 GPS 0 0 0 0 0 0 0 0 0 0 0
28.307 3 SVINFO 0 0 0 0 0 0 0
28.322 3 ATTITUDE 0. 0. 0.
28.323 3 ESTIMATOR 355.98526 0.483847
28.370 3 CIRCLE 2.8 -28.299999 60.
28.402 3 ATTITUDE 0. 0. 0.
28.434 3 COMMANDS 0,-12,-108
28.435 3 DL_VALUE 25 0.
28.435 3 WP_MOVED 6 641754.875 5474698.5 466. 32
28.467 3 DESIRED -0. -0.01 1. 57. 37. 436. 5. 15.
28.499 3 ATTITUDE 0. 0. 0.
28.563 3 GPS 0 0 0 0 0 0 0 0 0 0 0
28.564 3 SVINFO 0 0 0 0 0 0 0
28.578 3 STATE_FILTER_STATUS 6 2 0
28.595 3 ATTITUDE 0. 0. 0.
28.674 3 DESIRED -0. -0.01 1. 57. 37. 436. 5. 15.
28.690 3 IMU_GYRO 1 0.028809 0.157715 0.328369
28.690 3 ATTITUDE 0. 0. 0.
28.723 3 AIRSPEED 0. 0. 0. 0.
28.803 3 GPS 0 0 0 0 0 0 0 0 0 0 0
28.819 3 SVINFO 0 0 0 0 0 0 0
28.820 3 ATTITUDE 0. 0. 0.
28.820 3 ESTIMATOR 355.942627 0.288448
28.883 3 DESIRED -0. -0.01 1. 57. 37. 436. 5. 15.
28.884 3 IMU_ACCEL 1 -0.188477 -0.171875 -7.553711
28.899 3 ATTITUDE 0. 0. 0.
28.915 3 ENERGY 0 12.314335 0. 0. 0. 0. 0.
28.931 3 WP_MOVED 7 641788.1875 5474495. 446. 32
28.995 3 ATTITUDE 0. 0. 0.
29.027 3 NAVIGATION 10 0 0. 0. 0. 0. 0 39 39 1 0 0
29.059 3 GPS 0 0 0 0 0 0 0 0 0 0 0
29.060 3 SVINFO 0 0 0 0 0 0 0
29.075 3 DESIRED -0. -0.01 1. 57. 37. 436. 5. 15.
29.091 3 IMU_MAG 0 0. 0. 0.
29.107 3 ATTITUDE 0. 0. 0.
29.130 3 LINK_REPORT 3 -1 29 0 27545 1147 0 895. 37. 5 43.3
29.203 3 ATTITUDE 0. 0. 0.
29.219 3 FBW_STATUS 0 45 0 12.32052 0.
29.283 3 DESIRED -0. -0.01 1. 57. 37. 436. 5. 15.
29.284 3 IMU_GYRO 1 -0.142578 -0.345703 -0.064209
29.315 3 GPS 0 0 0 0 0 0 0 0 0 0 0
29.316 3 SVINFO 0 0 0 0 0 0 0
29.317 3 ATTITUDE 0. 0. 0.
29.331 3 ESTIMATOR 355.986633 0.209315
29.395 3 ATTITUDE 0. 0. 0.
29.427 3 CIRCLE 2.8 -28.299999 60.
29.428 3 WP_MOVED 8 641844.1875 5474504.5 446. 32
29.475 3 DESIRED -0. -0.01 1. 57. 37. 436. 5. 15.
29.491 3 ATTITUDE 0. 0. 0.
29.555 3 GPS 0 0 0 0 0 0 0 0 0 0 0
29.556 3 SVINFO 0 0 0 0 0 0 0
29.603 3 ATTITUDE 0. 0. 0.
29.635 3 DATALINK_REPORT 4 5 0 61880 0 0
29.683 3 DESIRED -0. -0.01 1. 57. 37. 436. 5. 15.
29.683 3 IMU_ACCEL 1 -3.151367 0.978516 -8.344727
29.699 3 ATTITUDE 0. 0. 0.
29.732 3 AIRSPEED 0. 0. 0. 0.
29.825 3 GPS 0 0 0 0 0 0 0 0 0 0 0
29.825 3 SVINFO 0 0 0 0 0 0 0
29.826 3 ATTITUDE 0. 0. 0.
29.840 3 GPS_SOL 0 0 0 0
29.841 3 ESTIMATOR 355.986633 0.209315
29.841 3 FBW_STATUS 0 45 0 12.314335 0.
29.873 3 DESIRED -0. -0.01 1. 57. 37. 436. 5. 15.
29.888 3 IMU_GYRO 1 -0.125488 0.496094 0.07251
29.904 3 ATTITUDE 0. 0. 0.
29.937 3 NAVIGATION_REF 641794 5474653 32 356.
29.937 3 DL_VALUE 26 0.
29.953 3 WP_MOVED 9 641814.5 5474703. 476. 32
29.953 3 COMMANDS 0,-36,1020
30.000 3 ATTITUDE 0. 0. 0.
30.017 3 ENERGY 0 12.314335 0. 0. 0. 0. 0.
30.049 3 NAVIGATION 10 0 0. 0. 0. 0. 0 40 40 1 0 0
30.065 3 GPS 0 0 0 0 0 0 0 0 0 0 0
30.066 3 SVINFO 0 0 0 0 0 0 0
30.081 3 DESIRED -0. -0.01 1. 57. 37. 436. 5. 15.
30.096 3 ATTITUDE 0. 0. 0.
30.130 3 LINK_REPORT 3 -1 30 0 28525 1188 0 980. 41. 5 43.3
30.161 3 CALIBRATION 0. 0
30.192 3 ATTITUDE 0. 0. 0.
30.273 3 DESIRED -0. -0.01 1. 57. 37. 436. 5. 15.
30.305 3 GPS 0 0 0 0 0 0 0 0 0 0 0
30.306 3 SVINFO 0 0 0 0 0 0 0
30.321 3 ATTITUDE 0. 0. 0.
30.321 3 ESTIMATOR 355.986633 0.209315
30.369 3 IMU_MAG 0 0. 0. 0.
30.401 3 ATTITUDE 0. 0. 0.
30.433 3 WP_MOVED 10 641786.375 5474701. 476. 32
30.495 3 DESIRED -0. -0.01 1. 57. 37. 436. 5. 15.
30.496 3 IMU_ACCEL 1 -0.842773 0.624023 -9.084961
30.496 3 IMU_GYRO 1 -0.005127 0.092285 -0.204102
30.497 3 CIRCLE 2.8 -28.299999 60.
30.497 3 ATTITUDE 0. 0. 0.
30.559 3 GPS 0 0 0 0 0 0 0 0 0 0 0
30.560 3 SVINFO 0 0 0 0 0 0 0
30.591 3 ATTITUDE 0. 0. 0.
30.655 3 PONG 
30.670 3 DESIRED -0. -0.01 1. 57. 37. 436. 5. 15.
30.703 3 ATTITUDE 0. 0. 0.
30.735 3 AIRSPEED 0. 0. 0. 0.
30.783 3 STATE_FILTER_STATUS 6 5 0
30.815 3 GPS 0 0 0 0 0 0 0 0 0 0 0
30.816 3 SVINFO 0 0 0 0 0 0 0
30.817 3 ATTITUDE 0. 0. 0.
30.831 3 ESTIMATOR 355.783966 -0.031131
30.880 3 DESIRED -0. -0.01 1. 57. 37. 436. 5. 15.
30.895 3 ATTITUDE 0. 0. 0.
30.927 3 WP_MOVED 11 641807.5 5474574.5 436. 32
30.928 3 ACTUATORS 1040,1541,1462
30.991 3 ATTITUDE 0. 0. 0.
31.040 3 NAVIGATION 10 0 0. 0. 0. 0. 0 41 41 1 0 0
31.056 3 GPS 0 0 0 0 0 0 0 0 0 0 0
31.071 3 SVINFO 0 0 0 0 0 0 0
31.088 3 DESIRED -0. -0.01 1. 57. 37. 436. 5. 15.
31.088 3 IMU_GYRO 1 -0.062744 0.19873 -0.106934
31.103 3 ATTITUDE 0. 0. 0.
31.119 3 ENERGY 0 12.314335 0. 0. 0. 0. 0.
31.131 3 LINK_REPORT 3 -1 31 0 29449 1227 0 924. 39. 6 41.51
31.185 3 LOGGER_STATUS 1 0 73728 PPRZ\pprzlog_0157.LOG,FLIGHT_RECORDER\fr_0152.LOG
31.199 3 ATTITUDE 0. 0. 0.
31.231 3 FBW_STATUS 0 45 0 12.314335 0.
31.280 3 DESIRED -0. -0.01 1. 57. 37. 436. 5. 15.
31.281 3 IMU_ACCEL 1 0.166016 -0.59375 -9.080078
31.322 3 GPS 0 0 0 0 0 0 0 0 0 0 0
31.322 3 SVINFO 0 0 0 0 0 0 0
31.323 3 ATTITUDE 0. 0. 0.
31.323 3 ESTIMATOR 355.783966 -0.031131
31.402 3 ATTITUDE 0. 0. 0.
31.434 3 DL_VALUE 27 140.
31.434 3 WP_MOVED 0 641794. 5474653. 436. 32
31.482 3 DESIRED -0. -0.01 1. 57. 37. 436. 5. 15.
31.498 3 ATTITUDE 0. 0. 0.
31.530 3 CIRCLE 2.8 -28.299999 60.
31.562 3 GPS 0 0 0 0 0 0 0 0 0 0 0
31.563 3 SVINFO 0 0 0 0 0 0 0
31.563 3 PPRZ_MODE 0 3 3 2 0 17
31.594 3 ATTITUDE 0. 0. 0.
31.689 3 DESIRED -0. -0.01 1. 57. 37. 436. 5. 15.
31.690 3 IMU_GYRO 1 0.190674 -0.010986 -0.345703
31.690 3 IMU_MAG 0 0. 0. 0.
31.705 3 ATTITUDE 0. 0. 0.
31.722 3 AIRSPEED 0. 0. 0. 0.
31.818 3 GPS 0 0 0 0 0 0 0 0 0 0 0
31.819 3 SVINFO 0 0 0 0 0 0 0
31.820 3 ATTITUDE 0. 0. 0.
31.834 3 GPS_SOL 0 0 0 0
31.835 3 ESTIMATOR 355.783966 -0.031131
31.835 3 FBW_STATUS 0 45 0 12.314335 0.
31.882 3 DESIRED -0. -0.01 1. 57. 37. 436. 5. 15.
31.898 3 ATTITUDE 0. 0. 0.
31.930 3 WP_MOVED 1 641794. 5474653. 436. 32
31.994 3 ATTITUDE 0. 0. 0.
32.027 3 NAVIGATION 10 0 0. 0. 0. 0. 0 42 42 1 0 0
32.058 3 GPS 0 0 0 0 0 0 0 0 0 0 0
32.059 3 SVINFO 0 0 0 0 0 0 0
32.074 3 DESIRED -0. -0.01 1. 57. 37. 436. 5. 15.
32.090 3 IMU_ACCEL 1 2.21875 -1.388672 -9.777344
32.091 3 ATTITUDE 0. 0. 0.
32.132 3 LINK_REPORT 3 -1 32 0 30440 1267 0 991. 40. 6 41.51
32.187 3 ALIVE 145,115,202,48,58,98,65,226,133,89,229,247,5,28,246,0
32.202 3 ATTITUDE 0. 0. 0.
32.218 3 ENERGY 0 12.32052 0. 0. 0. 0. 0.
32.293 3 CALIBRATION 0. 0
32.294 3 DESIRED -0. -0.01 1. 57. 37. 436. 5. 15.
32.294 3 IMU_GYRO 1 -0.176514 -0.089844 -0.460205
32.322 3 GPS 0 0 0 0 0 0 0 0 0 0 0
32.323 3 SVINFO 0 0 0 0 0 0 0
32.324 3 ATTITUDE 0. 0. 0.
32.324 3 ESTIMATOR 355.789032 -0.010295
32.402 3 ATTITUDE 0. 0. 0.
32.434 3 WP_MOVED 2 641796.8125 5474624.5 436. 32
32.482 3 DESIRED -0. -0.01 1. 57. 37. 436. 5. 15.
32.502 3 ATTITUDE 0. 0. 0.
32.562 3 GPS 0 0 0 0 0 0 0 0 0 0 0
32.564 3 SVINFO 0 0 0 0 0 0 0
32.578 3 CIRCLE 2.8 -28.299999 60.
32.594 3 ATTITUDE 0. 0. 0.
32.674 3 DESIRED -0. -0.01 1. 57. 37. 436. 5. 15.
32.690 3 ATTITUDE 0. 0. 0.
32.722 3 AIRSPEED 0. 0. 0. 0.
32.819 3 GPS 0 0 0 0 0 0 0 0 0 0 0
32.820 3 SVINFO 0 0 0 0 0 0 0
32.821 3 ATTITUDE 0. 0. 0.
32.821 3 ESTIMATOR 355.651825 -0.085744
32.895 3 DESIRED -0. -0.01 1. 57. 37. 436. 5. 15.
32.896 3 IMU_ACCEL 1 1.382812 -0.473633 -9.099609
32.896 3 IMU_GYRO 1 -0.067383 0.151855 0.099121
32.897 3 ATTITUDE 0. 0. 0.
32.926 3 DL_VALUE 28 0.
32.927 3 WP_MOVED 3 641820. 5474501. 446. 32
32.975 3 IMU_MAG 0 0. 0. 0.
32.991 3 STATE_FILTER_STATUS 6 5 0
33.007 3 ATTITUDE 0. 0. 0.
33.039 3 NAVIGATION 10 0 0. 0. 0. 0. 0 43 43 1 0 0
33.055 3 GPS 0 0 0 0 0 0 0 0 0 0 0
33.056 3 SVINFO 0 0 0 0 0 0 0
33.071 3 DESIRED -0. -0.01 1. 57. 37. 436. 5. 15.
33.103 3 ATTITUDE 0. 0. 0.
33.133 3 LINK_REPORT 3 -1 33 0 31379 1306 0 939. 39. 6 41.51
33.198 3 ATTITUDE 0. 0. 0.
33.231 3 FBW_STATUS 0 45 0 12.32052 0.
33.279 3 DESIRED -0. -0.01 1. 57. 37. 436. 5. 15.
33.322 3 GPS 0 0 0 0 0 0 0 0 0 0 0
33.323 3 SVINFO 0 0 0 0 0 0 0
33.323 3 ATTITUDE 0. 0. 0.
33.324 3 ENERGY 0 12.314335 0. 0. 0. 0. 0.
33.338 3 ESTIMATOR 355.379578 -0.235202
33.402 3 ATTITUDE 0. 0. 0.
33.434 3 COMMANDS 0,-36,1020
33.434 3 WP_MOVED 4 641757.8125 5474491. 446. 32
33.482 3 DESIRED -0. -0.01 1. 57. 37. 436. 5. 15.
33.483 3 IMU_GYRO 1 0.020996 0.04541 -0.017334
33.498 3 ATTITUDE 0. 0. 0.
33.562 3 GPS 0 0 0 0 0 0 0 0 0 0 0
33.563 3 SVINFO 0 0 0 0 0 0 0
33.594 3 ATTITUDE 0. 0. 0.
33.626 3 CIRCLE 2.8 -28.299999 60.
33.674 3 DESIRED -0. -0.01 1. 57. 37. 436. 5. 15.
33.689 3 IMU_ACCEL 1 1.788086 -0.950195 -9.135742
33.690 3 ATTITUDE 0. 0. 0.
33.722 3 AIRSPEED 0. 0. 0. 0.
33.818 3 GPS 0 0 0 0 0 0 0 0 0 0 0
33.819 3 SVINFO 0 0 0 0 0 0 0
33.820 3 ATTITUDE 0. 0. 0.
33.834 3 GPS_SOL 0 0 0 0
33.835 3 ESTIMATOR 355.379578 -0.235202
33.835 3 FBW_STATUS 0 45 0 12.314335 0.
33.866 3 DESIRED -0. -0.01 1. 57. 37. 436. 5. 15.
33.898 3 ATTITUDE 0. 0. 0.
33.930 3 WP_MOVED 5 641729. 5474694.5 466. 32
33.994 3 ATTITUDE 0. 0. 0.
34.027 3 NAVIGATION 10 0 0. 0. 0. 0. 0 44 44 1 0 0
34.059 3 GPS 0 0 0 0 0 0 0 0 0 0 0
34.059 3 SVINFO 0 0 0 0 0 0 0
34.075 3 DESIRED -0. -0.01 1. 57. 37. 436. 5. 15.
34.090 3 IMU_GYRO 1 -0.030273 0.046875 -0.006348
34.091 3 ATTITUDE 0. 0. 0.
34.135 3 LINK_REPORT 3 -1 34 0 32306 1344 0 927. 38. 6 41.51
34.202 3 ATTITUDE 0. 0. 0.
34.283 3 DESIRED -0. -0.01 1. 57. 37. 436. 5. 15.
34.284 3 IMU_MAG 0 0. 0. 0.
34.315 3 GPS 0 0 0 0 0 0 0 0 0 0 0
34.316 3 SVINFO 0 0 0 0 0 0 0
34.316 3 ATTITUDE 0. 0. 0.
34.331 3 ESTIMATOR 355.10553 -0.261046
34.362 3 CALIBRATION 0. 0
34.411 3 ATTITUDE 0. 0. 0.
34.427 3 ENERGY 0 12.314335 0. 0. 0. 0. 0.
34.443 3 DL_VALUE 29 0.
34.443 3 WP_MOVED 6 641754.875 5474698.5 466. 32
34.475 3 DESIRED -0. -0.01 1. 57. 37. 436. 5. 15.
34.476 3 IMU_ACCEL 1 1.371094 -1.041016 -9.005859
34.491 3 ATTITUDE 0. 0. 0.
34.555 3 GPS 0 0 0 0 0 0 0 0 0 0 0
34.556 3 SVINFO 0 0 0 0 0 0 0
34.603 3 ATTITUDE 0. 0. 0.
34.692 3 DESIRED -0. -0.01 1. 57. 37. 436. 5. 15.
34.693 3 IMU_GYRO 1 -0.080811 0.114014 -0.023193
34.693 3 CIRCLE 2.8 -28.299999 60.
34.693 3 ATTITUDE 0. 0. 0.
34.725 3 DATALINK_REPORT 4 6 0 45048 0 0
34.741 3 AIRSPEED 0. 0. 0. 0.
34.805 3 GPS 0 0 0 0 0 0 0 0 0 0 0
34.821 3 SVINFO 0 0 0 0 0 0 0
34.822 3 ATTITUDE 0. 0. 0.
34.822 3 ESTIMATOR 355.10553 -0.261046
34.869 3 DESIRED -0. -0.01 1. 57. 37. 436. 5. 15.
34.901 3 ATTITUDE 0. 0. 0.
34.933 3 WP_MOVED 7 641788.1875 5474495. 446. 32
34.934 3 COMMANDS 0,-36,1020
34.997 3 ATTITUDE 0. 0. 0.
35.029 3 NAVIGATION 10 0 0. 0. 0. 0. 0 45 45 1 0 0
35.061 3 GPS 0 0 0 0 0 0 0 0 0 0 0
35.062 3 SVINFO 0 0 0 0 0 0 0
35.077 3 DESIRED -0. -0.01 1. 57. 37. 436. 5. 15.
35.093 3 ATTITUDE 0. 0. 0.
35.135 3 LINK_REPORT 3 -1 35 0 33221 1382 0 915. 38. 6 41.51
35.198 3 STATE_FILTER_STATUS 6 2 0
35.205 3 ATTITUDE 0. 0. 0.
35.221 3 FBW_STATUS 0 45 0 12.314335 0.
35.295 3 DESIRED -0. -0.01 1. 57. 37. 436. 5. 15.
35.296 3 IMU_ACCEL 1 2.711914 -0.811523 -8.695312
35.297 3 IMU_GYRO 1 -0.144043 0.095947 -0.004639
35.324 3 GPS 0 0 0 0 0 0 0 0 0 0 0
35.324 3 SVINFO 0 0 0 0 0 0 0
35.325 3 ATTITUDE 0. 0. 0.
35.325 3 ESTIMATOR 355.210175 -0.092125
35.403 3 ATTITUDE 0. 0. 0.
35.419 3 WP_MOVED 8 641844.1875 5474504.5 446. 32
35.468 3 DESIRED -0. -0.01 1. 57. 37. 436. 5. 15.
35.499 3 ATTITUDE 0. 0. 0.
35.516 3 ENERGY 0 12.32052 0. 0. 0. 0. 0.
35.564 3 GPS 0 0 0 0 0 0 0 0 0 0 0
35.565 3 SVINFO 0 0 0 0 0 0 0
35.579 3 IMU_MAG 0 0. 0. 0.
35.595 3 ATTITUDE 0. 0. 0.
35.643 3 PONG 
35.678 3 DESIRED -0. -0.01 1. 57. 37. 436. 5. 15.
35.691 3 ATTITUDE 0. 0. 0.
35.739 3 CIRCLE 2.8 -28.299999 60.
35.740 3 AIRSPEED 0. 0. 0. 0.
35.804 3 GPS 0 0 0 0 0 0 0 0 0 0 0
35.820 3 SVINFO 0 0 0 0 0 0 0
35.821 3 ATTITUDE 0. 0. 0.
35.836 3 GPS_SOL 0 0 0 0
35.836 3 ESTIMATOR 355.210175 -0.092125
35.837 3 FBW_STATUS 0 45 0 12.32052 0.
35.884 3 DESIRED -0. -0.01 1. 57. 37. 436. 5. 15.
35.885 3 IMU_GYRO 1 -0.161621 0.108643 0.00708
35.900 3 ATTITUDE 0. 0. 0.
35.932 3 DL_VALUE 30 0.
35.932 3 WP_MOVED 9 641814.5 5474703. 476. 32
35.933 3 ACTUATORS 1040,1541,1462
35.996 3 ATTITUDE 0. 0. 0.
36.028 3 NAVIGATION 10 0 0. 0. 0. 0. 0 46 46 1 0 0
36.074 3 AUTOPILOT_VERSION 60400 v6.4.0_stable
36.075 3 GPS 0 0 0 0 0 0 0 0 0 0 0
36.076 3 SVINFO 0 0 0 0 0 0 0
36.077 3 DESIRED -0. -0.01 1. 57. 37. 436. 5. 15.
36.090 3 IMU_ACCEL 1 1.452148 -0.275391 -7.431641
36.090 3 ATTITUDE 0. 0. 0.
36.136 3 LINK_REPORT 3 -1 36 0 34249 1426 0 1028. 44. 7 29.26
36.201 3 ATTITUDE 0. 0. 0.
36.283 3 LOGGER_STATUS 1 0 106496 PPRZ\pprzlog_0157.LOG,FLIGHT_RECORDER\fr_0152.LOG
36.330 3 DESIRED -0. -0.01 1. 57. 37. 436. 5. 15.
36.360 3 GPS 0 0 0 0 0 0 0 0 0 0 0
36.361 3 SVINFO 0 0 0 0 0 0 0
36.361 3 ATTITUDE 0. 0. 0.
36.362 3 ESTIMATOR 355.210175 -0.092125
36.392 3 ATTITUDE 0. 0. 0.
36.424 3 WP_MOVED 10 641786.375 5474701. 476. 32
36.472 3 PPRZ_MODE 0 3 3 2 0 17
36.473 3 CALIBRATION 0. 0
36.503 3 DESIRED -0. -0.01 1. 57. 37. 436. 5. 15.
36.504 3 IMU_GYRO 1 0.097656 -0.324463 0.217285
36.505 3 ATTITUDE 0. 0. 0.
36.551 3 GPS 0 0 0 0 0 0 0 0 0 0 0
36.552 3 SVINFO 0 0 0 0 0 0 0
36.599 3 ATTITUDE 0. 0. 0.
36.615 3 ENERGY 0 12.32052 0. 0. 0. 0. 0.
36.679 3 DESIRED -0. -0.01 1. 57. 37. 436. 5. 15.
36.694 3 ATTITUDE 0. 0. 0.
36.727 3 AIRSPEED 0. 0. 0. 0.
36.775 3 CIRCLE 2.8 -28.299999 60.
36.822 3 GPS 0 0 0 0 0 0 0 0 0 0 0
36.822 3 SVINFO 0 0 0 0 0 0 0
36.823 3 ATTITUDE 0. 0. 0.
36.823 3 ESTIMATOR 355.210175 -0.092125
36.896 3 DESIRED -0. -0.01 1. 57. 37. 436. 5. 15.
36.896 3 IMU_ACCEL 1 2.647461 -0.538086 -9.408203
36.897 3 IMU_MAG 0 0. 0. 0.
36.897 3 ATTITUDE 0. 0. 0.
36.928 3 WP_MOVED 11 641807.5 5474574.5 436. 32
36.991 3 ATTITUDE 0. 0. 0.
37.040 3 NAVIGATION 10 0 0. 0. 0. 0. 0 47 47 1 0 0
37.056 3 GPS 0 0 0 0 0 0 0 0 0 0 0
37.057 3 SVINFO 0 0 0 0 0 0 0
37.071 3 DESIRED -0. -0.01 1. 57. 37. 436. 5. 15.
37.088 3 IMU_GYRO 1 -0.458496 0.003906 0.103516
37.103 3 ATTITUDE 0. 0. 0.
37.137 3 LINK_REPORT 3 -1 37 0 35216 1464 0 967. 38. 7 29.26
37.199 3 ATTITUDE 0. 0. 0.
37.231 3 FBW_STATUS 0 45 0 12.314335 0.
37.280 3 DESIRED -0. -0.01 1. 57. 37. 436. 5. 15.
37.296 3 ALIVE 145,115,202,48,58,98,65,226,133,89,229,247,5,28,246,0
37.328 3 GPS 0 0 0 0 0 0 0 0 0 0 0
37.329 3 SVINFO 0 0 0 0 0 0 0
37.329 3 ATTITUDE 0. 0. 0.
37.330 3 ESTIMATOR 355.210175 -0.092125
37.392 3 STATE_FILTER_STATUS 6 5 0
37.408 3 ATTITUDE 0. 0. 0.
37.424 3 DL_VALUE 31 0.18
37.424 3 WP_MOVED 0 641794. 5474653. 436. 32
37.472 3 DESIRED -0. -0.01 1. 57. 37. 436. 5. 15.
37.504 3 ATTITUDE 0. 0. 0.
37.552 3 GPS 0 0 0 0 0 0 0 0 0 0 0
37.553 3 SVINFO 0 0 0 0 0 0 0
37.600 3 ATTITUDE 0. 0. 0.
37.692 3 DESIRED -0. -0.01 1. 57. 37. 436. 5. 15.
37.693 3 IMU_ACCEL 1 1.620117 0.03418 -8.131836
37.693 3 IMU_GYRO 1 -0.065918 0.037354 -0.028076
37.693 3 ATTITUDE 0. 0. 0.
37.725 3 ENERGY 0 12.32052 0. 0. 0. 0. 0.
37.741 3 AIRSPEED 0. 0. 0. 0.
37.820 3 GPS 0 0 0 0 0 0 0 0 0 0 0
37.821 3 SVINFO 0 0 0 0 0 0 0
37.829 3 ATTITUDE 0. 0. 0.
37.836 3 GPS_SOL 0 0 0 0
37.837 3 CIRCLE 2.8 -28.299999 60.
37.837 3 ESTIMATOR 355.210175 -0.092125
37.852 3 FBW_STATUS 0 45 0 12.314335 0.
37.868 3 DESIRED -0. -0.01 1. 57. 37. 436. 5. 15.
37.900 3 ATTITUDE 0. 0. 0.
37.932 3 WP_MOVED 1 641794. 5474653. 436. 32
37.996 3 ATTITUDE 0. 0. 0.
38.028 3 NAVIGATION 10 0 0. 0. 0. 0. 0 48 48 1 0 0
38.060 3 GPS 0 0 0 0 0 0 0 0 0 0 0
38.061 3 SVINFO 0 0 0 0 0 0 0
38.076 3 DESIRED -0. -0.01 1. 57. 37. 436. 5. 15.
38.092 3 ATTITUDE 0. 0. 0.
38.138 3 LINK_REPORT 3 -1 38 0 36157 1503 0 941. 39. 7 29.26
38.185 3 IMU_MAG 0 0. 0. 0.
38.188 3 ATTITUDE 0. 0. 0.
38.284 3 DESIRED -0. -0.01 1. 57. 37. 436. 5. 15.
38.285 3 IMU_GYRO 1 -0.149414 0.118896 -0.068604
38.316 3 GPS 0 0 0 0 0 0 0 0 0 0 0
38.317 3 SVINFO 0 0 0 0 0 0 0
38.318 3 ATTITUDE 0. 0. 0.
38.318 3 ESTIMATOR 354.893311 -0.222468
38.396 3 ATTITUDE 0. 0. 0.
38.428 3 COMMANDS 0,-36,1020
38.429 3 WP_MOVED 2 641796.8125 5474624.5 436. 32
38.477 3 DESIRED -0. -0.01 1. 57. 37. 436. 5. 15.
38.478 3 IMU_ACCEL 1 -1.357422 -0.049805 -9.061523
38.492 3 ATTITUDE 0. 0. 0.
38.557 3 GPS 0 0 0 0 0 0 0 0 0 0 0
38.557 3 SVINFO 0 0 0 0 0 0 0
38.572 3 CALIBRATION 0. 0
38.589 3 ATTITUDE 0. 0. 0.
38.669 3 DESIRED -0. -0.01 1. 57. 37. 436. 5. 15.
38.700 3 ATTITUDE 0. 0. 0.
38.732 3 AIRSPEED 0. 0. 0. 0.
38.823 3 GPS 0 0 0 0 0 0 0 0 0 0 0
38.824 3 SVINFO 0 0 0 0 0 0 0
38.824 3 ATTITUDE 0. 0. 0.
38.825 3 ENERGY 0 12.314335 0. 0. 0. 0. 0.
38.839 3 ESTIMATOR 354.458191 -0.397786
38.900 3 DESIRED -0. -0.01 1. 57. 37. 436. 5. 15.
38.901 3 IMU_GYRO 1 -0.062744 0.002197 -0.006836
38.901 3 CIRCLE 2.8 -28.299999 60.
38.902 3 ATTITUDE 0. 0. 0.
38.932 3 NAVIGATION_REF 641794 5474653 32 356.
38.933 3 DL_VALUE 32 0.
38.948 3 WP_MOVED 3 641820. 5474501. 446. 32
38.996 3 ATTITUDE 0. 0. 0.
39.028 3 NAVIGATION 10 0 0. 0. 0. 0. 0 49 49 1 0 0
39.060 3 GPS 0 0 0 0 0 0 0 0 0 0 0
39.061 3 SVINFO 0 0 0 0 0 0 0
39.076 3 DESIRED -0. -0.01 1. 57. 37. 436. 5. 15.
39.092 3 ATTITUDE 0. 0. 0.
39.139 3 LINK_REPORT 3 -1 39 0 37095 1542 0 938. 39. 7 29.26
39.203 3 ATTITUDE 0. 0. 0.
39.219 3 FBW_STATUS 0 45 0 12.314335 0.
39.284 3 DESIRED -0. -0.01 1. 57. 37. 436. 5. 15.
39.285 3 IMU_ACCEL 1 -1.405273 -0.069336 -9.104492
39.316 3 GPS 0 0 0 0 0 0 0 0 0 0 0
39.317 3 SVINFO 0 0 0 0 0 0 0
39.318 3 ATTITUDE 0. 0. 0.
39.332 3 ESTIMATOR 354.523407 -0.245706
39.396 3 ATTITUDE 0. 0. 0.
39.428 3 WP_MOVED 4 641757.8125 5474491. 446. 32
39.477 3 DESIRED -0. -0.01 1. 57. 37. 436. 5. 15.
39.492 3 IMU_GYRO 1 -0.062256 0.002197 -0.006836
39.493 3 IMU_MAG 0 0. 0. 0.
39.495 3 ATTITUDE 0. 0. 0.
39.556 3 GPS 0 0 0 0 0 0 0 0 0 0 0
39.557 3 SVINFO 0 0 0 0 0 0 0
39.588 3 STATE_FILTER_STATUS 6 5 0
39.604 3 ATTITUDE 0. 0. 0.
39.669 3 DESIRED -0. -0.01 1. 57. 37. 436. 5. 15.
39.700 3 ATTITUDE 0. 0. 0.
39.732 3 AIRSPEED 0. 0. 0. 0.
39.824 3 GPS 0 0 0 0 0 0 0 0 0 0 0
39.825 3 SVINFO 0 0 0 0 0 0 0
39.825 3 ATTITUDE 0. 0. 0.
39.849 3 DATALINK_REPORT 5 7 0 34389 0 0
39.850 3 GPS_SOL 0 0 0 0
39.850 3 ESTIMATOR 354.127838 -0.391599
39.851 3 FBW_STATUS 0 45 0 12.32052 0.
39.881 3 DESIRED -0. -0.01 1. 57. 37. 436. 5. 15.
39.897 3 ATTITUDE 0. 0. 0.
39.930 3 ENERGY 0 12.32052 0. 0. 0. 0. 0.
39.946 3 CIRCLE 2.8 -28.299999 60.
39.946 3 WP_MOVED 5 641729. 5474694.5 466. 32
39.947 3 COMMANDS 0,-36,1020
39.993 3 ATTITUDE 0. 0. 0.
40.026 3 NAVIGATION 10 0 0. 0. 0. 0. 0 50 50 1 0 0
40.058 3 GPS 0 0 0 0 0 0 0 0 0 0 0
40.059 3 SVINFO 0 0 0 0 0 0 0
40.103 3 DESIRED -0. -0.01 1. 57. 37. 436. 5. 15.
40.104 3 IMU_ACCEL 1 -1.367188 -0.097656 -9.119141
40.105 3 IMU_GYRO 1 -0.062744 0.003906 -0.006836
40.105 3 ATTITUDE 0. 0. 0.
40.139 3 LINK_REPORT 3 -1 40 0 38095 1584 0 1000. 42. 7 29.26
40.198 3 ATTITUDE 0. 0. 0.
40.279 3 DESIRED -0. -0.01 1. 57. 37. 436. 5. 15.
40.323 3 GPS 0 0 0 0 0 0 0 0 0 0 0
40.324 3 SVINFO 0 0 0 0 0 0 0
40.325 3 ATTITUDE 0. 0. 0.
40.325 3 ESTIMATOR 354.127838 -0.391599
40.403 3 ATTITUDE 0. 0. 0.
40.435 3 DL_VALUE 33 0.4
40.435 3 WP_MOVED 6 641754.875 5474698.5 466. 32
40.467 3 DESIRED -0. -0.01 1. 57. 37. 436. 5. 15.
40.499 3 ATTITUDE 0. 0. 0.
40.563 3 GPS 0 0 0 0 0 0 0 0 0 0 0
40.564 3 SVINFO 0 0 0 0 0 0 0
40.595 3 ATTITUDE 0. 0. 0.
40.659 3 PONG 
40.675 3 CALIBRATION 0. 0
40.685 3 DESIRED -0. -0.01 1. 57. 37. 436. 5. 15.
40.690 3 IMU_GYRO 1 -0.062744 0.002197 -0.006836
40.690 3 ATTITUDE 0. 0. 0.
40.722 3 AIRSPEED 0. 0. 0. 0.
40.771 3 IMU_MAG 0 0. 0. 0.
40.803 3 GPS 0 0 0 0 0 0 0 0 0 0 0
40.819 3 SVINFO 0 0 0 0 0 0 0
40.820 3 ATTITUDE 0. 0. 0.
40.820 3 ESTIMATOR 353.475769 -0.603829
40.883 3 DESIRED -0. -0.01 1. 57. 37. 436. 5. 15.
40.884 3 IMU_ACCEL 1 -1.369141 -0.064453 -9.111328
40.899 3 ATTITUDE 0. 0. 0.
40.931 3 WP_MOVED 7 641788.1875 5474495. 446. 32
40.932 3 ACTUATORS 1040,1541,1462
40.979 3 CIRCLE 2.8 -28.299999 60.
40.995 3 ATTITUDE 0. 0. 0.
41.027 3 ENERGY 0 12.32052 0. 0. 0. 0. 0.
41.044 3 NAVIGATION 10 0 0. 0. 0. 0. 0 51 51 1 0 0
41.060 3 GPS 0 0 0 0 0 0 0 0 0 0 0
41.061 3 SVINFO 0 0 0 0 0 0 0
41.075 3 DESIRED -0. -0.01 1. 57. 37. 436. 5. 15.
41.091 3 ATTITUDE 0. 0. 0.
41.140 3 LINK_REPORT 3 -1 41 0 38999 1622 0 904. 38. 8 44.19
41.203 3 ATTITUDE 0. 0. 0.
41.219 3 FBW_STATUS 0 45 0 12.32052 0.
41.284 3 DESIRED -0. -0.01 1. 57. 37. 436. 5. 15.
41.284 3 IMU_GYRO 1 -0.062744 0.002197 -0.006348
41.330 3 GPS 0 0 0 0 0 0 0 0 0 0 0
41.331 3 SVINFO 0 0 0 0 0 0 0
41.332 3 ATTITUDE 0. 0. 0.
41.332 3 ESTIMATOR 353.475769 -0.603829
41.382 3 LOGGER_STATUS 1 0 147456 PPRZ\pprzlog_0157.LOG,FLIGHT_RECORDER\fr_0152.LOG
41.383 3 PPRZ_MODE 0 3 3 2 0 17
41.393 3 ATTITUDE 0. 0. 0.
41.426 3 WP_MOVED 8 641844.1875 5474504.5 446. 32
41.474 3 DESIRED -0. -0.01 1. 57. 37. 436. 5. 15.
41.489 3 ATTITUDE 0. 0. 0.
41.554 3 GPS 0 0 0 0 0 0 0 0 0 0 0
41.555 3 SVINFO 0 0 0 0 0 0 0
41.601 3 ATTITUDE 0. 0. 0.
41.686 3 DESIRED -0. -0.01 1. 57. 37. 436. 5. 15.
41.686 3 IMU_ACCEL 1 -1.398438 -0.074219 -9.111328
41.697 3 ATTITUDE 0. 0. 0.
41.729 3 AIRSPEED 0. 0. 0. 0.
41.778 3 STATE_FILTER_STATUS 6 5 0
41.810 3 GPS 0 0 0 0 0 0 0 0 0 0 0
41.826 3 SVINFO 0 0 0 0 0 0 0
41.826 3 ATTITUDE 0. 0. 0.
41.842 3 GPS_SOL 0 0 0 0
41.842 3 ESTIMATOR 353.475769 -0.603829
41.843 3 FBW_STATUS 0 45 0 12.30815 0.
41.874 3 DESIRED -0. -0.01 1. 57. 37. 436. 5. 15.
41.890 3 IMU_GYRO 1 -0.062744 0.003906 -0.007324
41.890 3 ATTITUDE 0. 0. 0.
41.922 3 DL_VALUE 34 0.5
41.938 3 WP_MOVED 9 641814.5 5474703. 476. 32
42.002 3 ATTITUDE 0. 0. 0.
42.034 3 CIRCLE 2.8 -28.299999 60.
42.035 3 NAVIGATION 10 0 0. 0. 0. 0. 0 52 52 1 0 0
42.050 3 GPS 0 0 0 0 0 0 0 0 0 0 0
42.051 3 SVINFO 0 0 0 0 0 0 0
42.082 3 DESIRED -0. -0.01 1. 57. 37. 436. 5. 15.
42.083 3 IMU_MAG 0 0. 0. 0.
42.098 3 ATTITUDE 0. 0. 0.
42.130 3 ENERGY 0 12.32052 0. 0. 0. 0. 0.
42.141 3 LINK_REPORT 3 -1 42 0 40035 1664 0 1036. 42. 8 44.19
42.193 3 ATTITUDE 0. 0. 0.
42.274 3 DESIRED -0. -0.01 1. 57. 37. 436. 5. 15.
42.321 3 GPS 0 0 0 0 0 0 0 0 0 0 0
42.322 3 SVINFO 0 0 0 0 0 0 0
42.323 3 ATTITUDE 0. 0. 0.
42.323 3 ESTIMATOR 353.475769 -0.603829
42.369 3 ALIVE 145,115,202,48,58,98,65,226,133,89,229,247,5,28,246,0
42.401 3 ATTITUDE 0. 0. 0.
42.433 3 WP_MOVED 10 641786.375 5474701. 476. 32
42.494 3 DESIRED -0. -0.01 1. 57. 37. 436. 5. 15.
42.495 3 IMU_ACCEL 1 -1.381836 -0.061523 -9.101562
42.496 3 IMU_GYRO 1 -0.062744 0.00293 -0.007324
42.496 3 ATTITUDE 0. 0. 0.
42.558 3 GPS 0 0 0 0 0 0 0 0 0 0 0
42.559 3 SVINFO 0 0 0 0 0 0 0
42.590 3 ATTITUDE 0. 0. 0.
42.671 3 DESIRED -0. -0.01 1. 57. 37. 436. 5. 15.
42.702 3 ATTITUDE 0. 0. 0.
42.734 3 AIRSPEED 0. 0. 0. 0.
42.766 3 CALIBRATION 0. 0
42.830 3 GPS 0 0 0 0 0 0 0 0 0 0 0
42.831 3 SVINFO 0 0 0 0 0 0 0
42.831 3 ATTITUDE 0. 0. 0.
42.832 3 ESTIMATOR 353.50061 -0.238158
42.878 3 DESIRED -0. -0.01 1. 57. 37. 436. 5. 15.
42.893 3 ATTITUDE 0. 0. 0.
42.926 3 WP_MOVED 11 641807.5 5474574.5 436. 32
42.989 3 ATTITUDE 0. 0. 0.
43.038 3 NAVIGATION 10 0 0. 0. 0. 0. 0 53 53 1 0 0
43.054 3 GPS 0 0 0 0 0 0 0 0 0 0 0
43.055 3 SVINFO 0 0 0 0 0 0 0
43.096 3 DESIRED -0. -0.01 1. 57. 37. 436. 5. 15.
43.097 3 IMU_GYRO 1 -0.062744 0.002197 -0.006836
43.097 3 CIRCLE 2.8 -28.299999 60.
43.098 3 ATTITUDE 0. 0. 0.
43.142 3 LINK_REPORT 3 -1 43 0 40895 1699 0 860. 35. 8 44.19
43.193 3 ATTITUDE 0. 0. 0.
43.223 3 ENERGY 0 12.32052 0. 0. 0. 0. 0.
43.239 3 FBW_STATUS 0 45 0 12.32052 0.
43.272 3 DESIRED -0. -0.01 1. 57. 37. 436. 5. 15.
43.288 3 IMU_ACCEL 1 -1.355469 -0.092773 -9.109375
43.304 3 GPS 0 0 0 0 0 0 0 0 0 0 0
43.320 3 SVINFO 0 0 0 0 0 0 0
43.320 3 ATTITUDE 0. 0. 0.
43.328 3 ESTIMATOR 353.50061 -0.238158
43.384 3 IMU_MAG 0 0. 0. 0.
43.400 3 ATTITUDE 0. 0. 0.
43.432 3 COMMANDS 0,-36,1020
43.432 3 DL_VALUE 35 0.45
43.433 3 WP_MOVED 0 641794. 5474653. 436. 32
43.480 3 DESIRED -0. -0.01 1. 57. 37. 436. 5. 15.
43.496 3 ATTITUDE 0. 0. 0.
43.560 3 GPS 0 0 0 0 0 0 0 0 0 0 0
43.561 3 SVINFO 0 0 0 0 0 0 0
43.592 3 ATTITUDE 0. 0. 0.
43.672 3 DESIRED -0. -0.01 1. 57. 37. 436. 5. 15.
43.690 3 IMU_GYRO 1 -0.062256 0.002197 -0.006348
43.703 3 ATTITUDE 0. 0. 0.
43.720 3 AIRSPEED 0. 0. 0. 0.
43.816 3 GPS 0 0 0 0 0 0 0 0 0 0 0
43.817 3 SVINFO 0 0 0 0 0 0 0
43.818 3 ATTITUDE 0. 0. 0.
43.832 3 GPS_SOL 0 0 0 0
43.833 3 ESTIMATOR 353.50061 -0.238158
43.833 3 FBW_STATUS 0 45 0 12.32052 0.
43.880 3 DESIRED -0. -0.01 1. 57. 37. 436. 5. 15.
43.896 3 ATTITUDE 0. 0. 0.
43.928 3 WP_MOVED 1 641794. 5474653. 436. 32
43.976 3 STATE_FILTER_STATUS 6 5 0
43.992 3 ATTITUDE 0. 0. 0.
44.025 3 NAVIGATION 10 0 0. 0. 0. 0. 0 54 54 1 0 0
44.056 3 GPS 0 0 0 0 0 0 0 0 0 0 0
44.057 3 SVINFO 0 0 0 0 0 0 0
44.072 3 DESIRED -0. -0.01 1. 57. 37. 436. 5. 15.
44.088 3 IMU_ACCEL 1 -1.355469 -0.071289 -9.150391
44.089 3 ATTITUDE 0. 0. 0.
44.120 3 CIRCLE 2.8 -28.299999 60.
44.143 3 LINK_REPORT 3 -1 44 0 41868 1740 0 973. 41. 8 44.19
44.201 3 ATTITUDE 0. 0. 0.
44.281 3 DESIRED -0. -0.01 1. 57. 37. 436. 5. 15.
44.281 3 IMU_GYRO 1 -0.064209 -0.003662 -0.009033
44.323 3 GPS 0 0 0 0 0 0 0 0 0 0 0
44.324 3 SVINFO 0 0 0 0 0 0 0
44.324 3 ATTITUDE 0. 0. 0.
44.325 3 ENERGY 0 12.32052 0. 0. 0. 0. 0.
44.338 3 ESTIMATOR 353.631287 -0.026205
44.402 3 ATTITUDE 0. 0. 0.
44.435 3 WP_MOVED 2 641796.8125 5474624.5 436. 32
44.483 3 DESIRED -0. -0.01 1. 57. 37. 436. 5. 15.
44.499 3 ATTITUDE 0. 0. 0.
44.563 3 GPS 0 0 0 0 0 0 0 0 0 0 0
44.564 3 SVINFO 0 0 0 0 0 0 0
44.595 3 ATTITUDE 0. 0. 0.
44.675 3 DESIRED -0. -0.01 1. 57. 37. 436. 5. 15.
44.691 3 IMU_MAG 0 0. 0. 0.
44.706 3 ATTITUDE 0. 0. 0.
44.722 3 AIRSPEED 0. 0. 0. 0.
44.803 3 GPS 0 0 0 0 0 0 0 0 0 0 0
44.819 3 SVINFO 0 0 0 0 0 0 0
44.820 3 ATTITUDE 0. 0. 0.
44.820 3 ESTIMATOR 353.979675 0.18718
44.894 3 CALIBRATION 0. 0
44.895 3 DESIRED -0. -0.01 1. 57. 37. 436. 5. 15.
44.896 3 IMU_ACCEL 1 -1.367188 -0.051758 -9.089844
44.896 3 IMU_GYRO 1 -0.061523 0.00293 -0.007324
44.897 3 ATTITUDE 0. 0. 0.
44.910 3 DATALINK_REPORT 5 8 0 27181 0 0
44.926 3 DL_VALUE 36 0.
44.942 3 WP_MOVED 3 641820. 5474501. 446. 32
44.943 3 COMMANDS 0,-36,1020
45.006 3 ATTITUDE 0. 0. 0.
45.038 3 NAVIGATION 10 0 0. 0. 0. 0. 0 55 55 1 0 0
45.054 3 GPS 0 0 0 0 0 0 0 0 0 0 0
45.056 3 SVINFO 0 0 0 0 0 0 0
45.070 3 DESIRED -0. -0.01 1. 57. 37. 436. 5. 15.
45.102 3 ATTITUDE 0. 0. 0.
45.144 3 LINK_REPORT 3 -1 45 0 42784 1778 0 916. 38. 8 44.19
45.182 3 CIRCLE 2.8 -28.299999 60.
45.197 3 ATTITUDE 0. 0. 0.
45.229 3 FBW_STATUS 0 45 0 12.32052 0.
45.278 3 DESIRED -0. -0.01 1. 57. 37. 436. 5. 15.
45.321 3 GPS 0 0 0 0 0 0 0 0 0 0 0
45.322 3 SVINFO 0 0 0 0 0 0 0
45.323 3 ATTITUDE 0. 0. 0.
45.323 3 ESTIMATOR 354.055695 0.179177
45.401 3 ATTITUDE 0. 0. 0.
45.417 3 ENERGY 0 12.32052 0. 0. 0. 0. 0.
45.433 3 WP_MOVED 4 641757.8125 5474491. 446. 32
45.482 3 DESIRED -0. -0.01 1. 57. 37. 436. 5. 15.
45.482 3 IMU_GYRO 1 -0.061035 0.00293 -0.006348
45.497 3 ATTITUDE 0. 0. 0.
45.562 3 GPS 0 0 0 0 0 0 0 0 0 0 0
45.562 3 SVINFO 0 0 0 0 0 0 0
45.593 3 ATTITUDE 0. 0. 0.
45.641 3 PONG 
45.674 3 DESIRED -0. -0.01 1. 57. 37. 436. 5. 15.
45.674 3 IMU_ACCEL 1 -1.367188 -0.047852 -9.119141
45.691 3 ATTITUDE 0. 0. 0.
45.721 3 AIRSPEED 0. 0. 0. 0.
45.802 3 GPS 0 0 0 0 0 0 0 0 0 0 0
45.818 3 SVINFO 0 0 0 0 0 0 0
45.818 3 ATTITUDE 0. 0. 0.
45.834 3 GPS_SOL 0 0 0 0
45.834 3 ESTIMATOR 354.055695 0.179177
45.835 3 FBW_STATUS 0 45 0 12.314335 0.
45.866 3 DESIRED -0. -0.01 1. 57. 37. 436. 5. 15.
45.898 3 ATTITUDE 0. 0. 0.
45.930 3 WP_MOVED 5 641729. 5474694.5 466. 32
45.930 3 ACTUATORS 1040,1541,1462
45.978 3 IMU_MAG 0 0. 0. 0.
45.994 3 ATTITUDE 0. 0. 0.
46.026 3 NAVIGATION 10 0 0. 0. 0. 0. 0 56 56 1 0 0
46.058 3 GPS 0 0 0 0 0 0 0 0 0 0 0
46.059 3 SVINFO 0 0 0 0 0 0 0
46.074 3 DESIRED -0. -0.01 1. 57. 37. 436. 5. 15.
46.090 3 IMU_GYRO 1 -0.062256 0.003906 -0.007324
46.090 3 ATTITUDE 0. 0. 0.
46.145 3 LINK_REPORT 3 -1 46 0 43740 1818 0 956. 40. 9 25.34
46.198 3 STATE_FILTER_STATUS 6 5 0
46.201 3 ATTITUDE 0. 0. 0.
46.233 3 CIRCLE 2.8 -28.299999 60.
46.266 3 PPRZ_MODE 0 3 3 2 0 17
46.282 3 DESIRED -0. -0.01 1. 57. 37. 436. 5. 15.
46.314 3 GPS 0 0 0 0 0 0 0 0 0 0 0
46.315 3 SVINFO 0 0 0 0 0 0 0
46.315 3 ATTITUDE 0. 0. 0.
46.330 3 ESTIMATOR 354.166199 0.168038
46.394 3 ATTITUDE 0. 0. 0.
46.426 3 DL_VALUE 37 0.04
46.442 3 WP_MOVED 6 641754.875 5474698.5 466. 32
46.459 3 LOGGER_STATUS 1 0 180224 PPRZ\pprzlog_0157.LOG,FLIGHT_RECORDER\fr_0152.LOG
46.474 3 DESIRED -0. -0.01 1. 57. 37. 436. 5. 15.
46.490 3 IMU_ACCEL 1 -1.381836 -0.061523 -9.111328
46.490 3 ATTITUDE 0. 0. 0.
46.522 3 ENERGY 0 12.32052 0. 0. 0. 0. 0.
46.554 3 GPS 0 0 0 0 0 0 0 0 0 0 0
46.555 3 SVINFO 0 0 0 0 0 0 0
46.602 3 ATTITUDE 0. 0. 0.
46.682 3 DESIRED -0. -0.01 1. 57. 37. 436. 5. 15.
46.683 3 IMU_GYRO 1 -0.062256 0.002197 -0.006836
46.699 3 ATTITUDE 0. 0. 0.
46.729 3 AIRSPEED 0. 0. 0. 0.
46.822 3 GPS 0 0 0 0 0 0 0 0 0 0 0
46.823 3 SVINFO 0 0 0 0 0 0 0
46.824 3 ATTITUDE 0. 0. 0.
46.824 3 ESTIMATOR 354.466949 0.28697
46.870 3 DESIRED -0. -0.01 1. 57. 37. 436. 5. 15.
46.902 3 ATTITUDE 0. 0. 0.
46.934 3 WP_MOVED 7 641788.1875 5474495. 446. 32
46.966 3 CALIBRATION 0. 0
46.998 3 ATTITUDE 0. 0. 0.
47.031 3 NAVIGATION 10 0 0. 0. 0. 0. 0 57 57 1 0 0
47.062 3 GPS 0 0 0 0 0 0 0 0 0 0 0
47.063 3 SVINFO 0 0 0 0 0 0 0
47.079 3 DESIRED -0. -0.01 1. 57. 37. 436. 5. 15.
47.094 3 ATTITUDE 0. 0. 0.
47.142 3 AUTOPILOT_VERSION 60400 v6.4.0_stable
47.147 3 LINK_REPORT 3 -1 47 0 44716 1857 0 976. 39. 9 25.34
47.203 3 ATTITUDE 0. 0. 0.
47.222 3 FBW_STATUS 0 45 0 12.32052 0.
47.296 3 DESIRED -0. -0.01 1. 57. 37. 436. 5. 15.
47.297 3 IMU_ACCEL 1 -1.388672 -0.066406 -9.066406
47.298 3 IMU_GYRO 1 -0.062744 0.002197 -0.007324
47.298 3 IMU_MAG 0 0. 0. 0.
47.322 3 CIRCLE 2.8 -28.299999 60.
47.323 3 GPS 0 0 0 0 0 0 0 0 0 0 0
47.323 3 SVINFO 0 0 0 0 0 0 0
47.324 3 ATTITUDE 0. 0. 0.
47.324 3 ESTIMATOR 354.306427 0.09005
47.403 3 ATTITUDE 0. 0. 0.
47.435 3 WP_MOVED 8 641844.1875 5474504.5 446. 32
47.451 3 ALIVE 145,115,202,48,58,98,65,226,133,89,229,247,5,28,246,0
47.483 3 DESIRED -0. -0.01 1. 57. 37. 436. 5. 15.
47.499 3 ATTITUDE 0. 0. 0.
47.563 3 GPS 0 0 0 0 0 0 0 0 0 0 0
47.564 3 SVINFO 0 0 0 0 0 0 0
47.595 3 ATTITUDE 0. 0. 0.
47.627 3 ENERGY 0 12.314335 0. 0. 0. 0. 0.
47.675 3 DESIRED -0. -0.01 1. 57. 37. 436. 5. 15.
47.704 3 ATTITUDE 0. 0. 0.
47.722 3 AIRSPEED 0. 0. 0. 0.
47.803 3 GPS 0 0 0 0 0 0 0 0 0 0 0
47.819 3 SVINFO 0 0 0 0 0 0 0
47.819 3 ATTITUDE 0. 0. 0.
47.835 3 GPS_SOL 0 0 0 0
47.835 3 ESTIMATOR 353.970062 -0.139814
47.836 3 FBW_STATUS 0 45 0 12.32052 0.
47.883 3 DESIRED -0. -0.01 1. 57. 37. 436. 5. 15.
47.884 3 IMU_GYRO 1 -0.062744 0.003418 -0.006348
47.899 3 ATTITUDE 0. 0. 0.
47.931 3 NAVIGATION_REF 641794 5474653 32 356.
47.932 3 DL_VALUE 38 0.
47.947 3 WP_MOVED 9 641814.5 5474703. 476. 32
47.995 3 ATTITUDE 0. 0. 0.
48.027 3 NAVIGATION 10 0 0. 0. 0. 0. 0 58 58 1 0 0
48.059 3 GPS 0 0 0 0 0 0 0 0 0 0 0
48.060 3 SVINFO 0 0 0 0 0 0 0
48.075 3 DESIRED -0. -0.01 1. 57. 37. 436. 5. 15.
48.076 3 IMU_ACCEL 1 -1.383789 -0.097656 -9.12793
48.091 3 ATTITUDE 0. 0. 0.
48.147 3 LINK_REPORT 3 -1 48 0 45729 1899 0 1013. 42. 9 25.34
48.187 3 ATTITUDE 0. 0. 0.
48.267 3 DESIRED -0. -0.01 1. 57. 37. 436. 5. 15.
48.315 3 GPS 0 0 0 0 0 0 0 0 0 0 0
48.316 3 SVINFO 0 0 0 0 0 0 0
48.317 3 ATTITUDE 0. 0. 0.
48.331 3 CIRCLE 2.8 -28.299999 60.
48.332 3 ESTIMATOR 353.970062 -0.139814
48.379 3 STATE_FILTER_STATUS 6 5 0
48.395 3 ATTITUDE 0. 0. 0.
48.427 3 COMMANDS 0,-36,1020
48.428 3 WP_MOVED 10 641786.375 5474701. 476. 32
48.476 3 DESIRED -0. -0.01 1. 57. 37. 436. 5. 15.
48.476 3 IMU_GYRO 1 -0.062744 0.003418 -0.006348
48.491 3 ATTITUDE 0. 0. 0.
48.556 3 GPS 0 0 0 0 0 0 0 0 0 0 0
48.556 3 SVINFO 0 0 0 0 0 0 0
48.571 3 IMU_MAG 0 0. 0. 0.
48.603 3 ATTITUDE 0. 0. 0.
48.668 3 DESIRED -0. -0.01 1. 57. 37. 436. 5. 15.
48.706 3 ATTITUDE 0. 0. 0.
48.715 3 ENERGY 0 12.32052 0. 0. 0. 0. 0.
48.731 3 AIRSPEED 0. 0. 0. 0.
48.822 3 GPS 0 0 0 0 0 0 0 0 0 0 0
48.823 3 SVINFO 0 0 0 0 0 0 0
48.823 3 ATTITUDE 0. 0. 0.
48.824 3 ESTIMATOR 354.220551 0.087579
48.886 3 DESIRED -0. -0.01 1. 57. 37. 436. 5. 15.
48.894 3 IMU_ACCEL 1 -1.383789 -0.074219 -9.071289
48.901 3 ATTITUDE 0. 0. 0.
48.934 3 WP_MOVED 11 641807.5 5474574.5 436. 32
48.998 3 ATTITUDE 0. 0. 0.
49.030 3 NAVIGATION 10 0 0. 0. 0. 0. 0 59 59 1 0 0
49.062 3 GPS 0 0 0 0 0 0 0 0 0 0 0
49.063 3 SVINFO 0 0 0 0 0 0 0
49.091 3 CALIBRATION 0. 0
49.093 3 DESIRED -0. -0.01 1. 57. 37. 436. 5. 15.
49.094 3 IMU_GYRO 1 -0.061523 0.003418 -0.007324
49.094 3 ATTITUDE 0. 0. 0.
49.147 3 LINK_REPORT 3 -1 49 0 46645 1937 0 916. 38. 9 25.34
49.203 3 ATTITUDE 0. 0. 0.
49.219 3 FBW_STATUS 0 45 0 12.32052 0.
49.267 3 DESIRED -0. -0.01 1. 57. 37. 436. 5. 15.
49.316 3 GPS 0 0 0 0 0 0 0 0 0 0 0
49.317 3 SVINFO 0 0 0 0 0 0 0
49.317 3 ATTITUDE 0. 0. 0.
49.332 3 ESTIMATOR 354.220551 0.087579
49.380 3 CIRCLE 2.8 -28.299999 60.
49.396 3 ATTITUDE 0. 0. 0.
49.428 3 DL_VALUE 39 0.04
49.428 3 WP_MOVED 0 641794. 5474653. 436. 32
49.476 3 DESIRED -0. -0.01 1. 57. 37. 436. 5. 15.
49.492 3 ATTITUDE 0. 0. 0.
49.556 3 GPS 0 0 0 0 0 0 0 0 0 0 0
49.557 3 SVINFO 0 0 0 0 0 0 0
49.604 3 ATTITUDE 0. 0. 0.
49.698 3 DESIRED -0. -0.01 1. 57. 37. 436. 5. 15.
49.698 3 IMU_ACCEL 1 -1.37207 -0.021484 -9.140625
49.698 3 IMU_GYRO 1 -0.062256 0.003418 -0.006836
49.709 3 ATTITUDE 0. 0. 0.
49.726 3 AIRSPEED 0. 0. 0. 0.
49.820 3 GPS 0 0 0 0 0 0 0 0 0 0 0
49.821 3 SVINFO 0 0 0 0 0 0 0
49.822 3 ATTITUDE 0. 0. 0.
49.847 3 ENERGY 0 12.32052 0. 0. 0. 0. 0.
49.848 3 GPS_SOL 0 0 0 0
49.849 3 ESTIMATOR 354.220551 0.087579
49.849 3 FBW_STATUS 0 45 0 12.32052 0.
49.879 3 DESIRED -0. -0.01 1. 57. 37. 436. 5. 15.
49.895 3 IMU_MAG 0 0. 0. 0.
49.911 3 ATTITUDE 0. 0. 0.
49.927 3 WP_MOVED 1 641794. 5474653. 436. 32
49.928 3 COMMANDS 0,-36,1020
49.991 3 DATALINK_REPORT 5 9 0 21917 0 0
50.007 3 ATTITUDE 0. 0. 0.
50.024 3 NAVIGATION 10 0 0. 0. 0. 0. 0 60 60 1 0 0
50.056 3 GPS 0 0 0 0 0 0 0 0 0 0 0
50.057 3 SVINFO 0 0 0 0 0 0 0
50.075 3 DESIRED -0. -0.01 1. 57. 37. 436. 5. 15.
50.103 3 ATTITUDE 0. 0. 0.
50.148 3 LINK_REPORT 3 -1 50 0 47604 1977 0 959. 40. 9 25.34
50.199 3 ATTITUDE 0. 0. 0.
50.280 3 DESIRED -0. -0.01 1. 57. 37. 436. 5. 15.
50.281 3 IMU_GYRO 1 -0.062256 -0.002441 -0.006836
50.322 3 GPS 0 0 0 0 0 0 0 0 0 0 0
50.323 3 SVINFO 0 0 0 0 0 0 0
50.323 3 ATTITUDE 0. 0. 0.
50.324 3 ESTIMATOR 353.306122 -0.490481
50.402 3 ATTITUDE 0. 0. 0.
50.434 3 CIRCLE 2.8 -28.299999 60.
50.434 3 WP_MOVED 2 641796.8125 5474624.5 436. 32
50.482 3 DESIRED -0. -0.01 1. 57. 37. 436. 5. 15.
50.483 3 IMU_ACCEL 1 -1.405273 -0.143555 -9.226562
50.498 3 ATTITUDE 0. 0. 0.
50.562 3 GPS 0 0 0 0 0 0 0 0 0 0 0
50.564 3 SVINFO 0 0 0 0 0 0 0
50.578 3 STATE_FILTER_STATUS 6 5 0
50.610 3 ATTITUDE 0. 0. 0.
50.658 3 PONG 
50.674 3 DESIRED -0. -0.01 1. 57. 37. 436. 5. 15.
50.690 3 ATTITUDE 0. 0. 0.
50.721 3 AIRSPEED 0. 0. 0. 0.
50.802 3 GPS 0 0 0 0 0 0 0 0 0 0 0
50.818 3 SVINFO 0 0 0 0 0 0 0
50.819 3 ATTITUDE 0. 0. 0.
50.819 3 ESTIMATOR 353.306122 -0.490481
50.882 3 DESIRED -0. -0.01 1. 57. 37. 436. 5. 15.
50.883 3 IMU_GYRO 1 -0.060547 0.003906 -0.006348
50.898 3 ATTITUDE 0. 0. 0.
50.914 3 ENERGY 0 12.32052 0. 0. 0. 0. 0.
50.930 3 DL_VALUE 40 0.002
50.946 3 WP_MOVED 3 641820. 5474501. 446. 32
50.947 3 ACTUATORS 1040,1541,1462
50.994 3 ATTITUDE 0. 0. 0.
51.026 3 NAVIGATION 10 0 0. 0. 0. 0. 0 61 61 1 0 0
51.058 3 GPS 0 0 0 0 0 0 0 0 0 0 0
51.059 3 SVINFO 0 0 0 0 0 0 0
51.074 3 DESIRED -0. -0.01 1. 57. 37. 436. 5. 15.
51.090 3 ATTITUDE 0. 0. 0.
51.149 3 LINK_REPORT 3 -1 51 0 48507 2015 0 903. 38. 10 41.48
51.170 3 PPRZ_MODE 0 3 3 2 0 17
51.171 3 CALIBRATION 0. 0
51.186 3 IMU_MAG 0 0. 0. 0.
51.201 3 ATTITUDE 0. 0. 0.
51.217 3 FBW_STATUS 0 45 0 12.314335 0.
51.282 3 DESIRED -0. -0.01 1. 57. 37. 436. 5. 15.
51.283 3 IMU_ACCEL 1 -1.37207 -0.109375 -9.157227
51.314 3 GPS 0 0 0 0 0 0 0 0 0 0 0
51.315 3 SVINFO 0 0 0 0 0 0 0
51.316 3 ATTITUDE 0. 0. 0.
51.330 3 ESTIMATOR 353.642822 -0.017966
51.394 3 ATTITUDE 0. 0. 0.
51.426 3 WP_MOVED 4 641757.8125 5474491. 446. 32
51.475 3 DESIRED -0. -0.01 1. 57. 37. 436. 5. 15.
51.490 3 IMU_GYRO 1 -0.063232 0.001709 -0.007324
51.491 3 CIRCLE 2.8 -28.299999 60.
51.491 3 ATTITUDE 0. 0. 0.
51.553 3 LOGGER_STATUS 1 0 212992 PPRZ\pprzlog_0157.LOG,FLIGHT_RECORDER\fr_0152.LOG
51.553 3 GPS 0 0 0 0 0 0 0 0 0 0 0
51.567 3 SVINFO 0 0 0 0 0 0 0
51.599 3 ATTITUDE 0. 0. 0.
51.680 3 DESIRED -0. -0.01 1. 57. 37. 436. 5. 15.
51.708 3 ATTITUDE 0. 0. 0.
51.727 3 AIRSPEED 0. 0. 0. 0.
51.820 3 GPS 0 0 0 0 0 0 0 0 0 0 0
51.821 3 SVINFO 0 0 0 0 0 0 0
51.821 3 ATTITUDE 0. 0. 0.
51.836 3 GPS_SOL 0 0 0 0
51.836 3 ESTIMATOR 353.561188 -0.060312
51.836 3 FBW_STATUS 0 45 0 12.314335 0.
51.868 3 DESIRED -0. -0.01 1. 57. 37. 436. 5. 15.
51.900 3 ATTITUDE 0. 0. 0.
51.932 3 WP_MOVED 5 641729. 5474694.5 466. 32
51.996 3 ATTITUDE 0. 0. 0.
52.028 3 ENERGY 0 12.32052 0. 0. 0. 0. 0.
52.045 3 NAVIGATION 10 0 0. 0. 0. 0. 0 62 62 1 0 0
52.060 3 GPS 0 0 0 0 0 0 0 0 0 0 0
52.061 3 SVINFO 0 0 0 0 0 0 0
52.076 3 DESIRED -0. -0.01 1. 57. 37. 436. 5. 15.
52.092 3 IMU_ACCEL 1 -1.378906 -0.069336 -8.972656
52.092 3 IMU_GYRO 1 -0.072754 -0.010986 -0.007812
52.099 3 ATTITUDE 0. 0. 0.
52.149 3 LINK_REPORT 3 -1 52 0 49552 2057 0 1045. 42. 10 41.48
52.188 3 ATTITUDE 0. 0. 0.
52.268 3 DESIRED -0. -0.01 1. 57. 37. 436. 5. 15.
52.316 3 GPS 0 0 0 0 0 0 0 0 0 0 0
52.317 3 SVINFO 0 0 0 0 0 0 0
52.317 3 ATTITUDE 0. 0. 0.
52.332 3 ESTIMATOR 353.561188 -0.060312
52.396 3 ATTITUDE 0. 0. 0.
52.428 3 DL_VALUE 41 0.004
52.428 3 WP_MOVED 6 641754.875 5474698.5 466. 32
52.476 3 DESIRED -0. -0.01 1. 57. 37. 436. 5. 15.
52.492 3 IMU_MAG 0 0. 0. 0.
52.508 3 ATTITUDE 0. 0. 0.
52.524 3 CIRCLE 2.8 -28.299999 60.
52.556 3 ALIVE 145,115,202,48,58,98,65,226,133,89,229,247,5,28,246,0
52.572 3 GPS 0 0 0 0 0 0 0 0 0 0 0
52.573 3 SVINFO 0 0 0 0 0 0 0
52.588 3 ATTITUDE 0. 0. 0.
52.684 3 DESIRED -0. -0.01 1. 57. 37. 436. 5. 15.
52.685 3 IMU_GYRO 1 -0.101074 0.05542 -0.02124
52.704 3 ATTITUDE 0. 0. 0.
52.732 3 AIRSPEED 0. 0. 0. 0.
52.780 3 STATE_FILTER_STATUS 6 5 0
52.822 3 GPS 0 0 0 0 0 0 0 0 0 0 0
52.823 3 SVINFO 0 0 0 0 0 0 0
52.824 3 ATTITUDE 0. 0. 0.
52.824 3 ESTIMATOR 353.561188 -0.060312
52.870 3 DESIRED -0. -0.01 1. 57. 37. 436. 5. 15.
52.886 3 IMU_ACCEL 1 -1.297852 0.091797 -9.211914
52.902 3 ATTITUDE 0. 0. 0.
52.935 3 WP_MOVED 7 641788.1875 5474495. 446. 32
52.998 3 ATTITUDE 0. 0. 0.
53.031 3 NAVIGATION 10 0 0. 0. 0. 0. 0 63 63 1 0 0
53.063 3 GPS 0 0 0 0 0 0 0 0 0 0 0
53.065 3 SVINFO 0 0 0 0 0 0 0
53.078 3 DESIRED -0. -0.01 1. 57. 37. 436. 5. 15.
53.094 3 ATTITUDE 0. 0. 0.
53.126 3 ENERGY 0 12.314335 0. 0. 0. 0. 0.
53.150 3 LINK_REPORT 3 -1 53 0 50457 2094 0 905. 37. 10 41.48
53.190 3 ATTITUDE 0. 0. 0.
53.223 3 FBW_STATUS 0 45 0 12.32052 0.
53.271 3 CALIBRATION 0. 0
53.287 3 DESIRED -0. -0.01 1. 57. 37. 436. 5. 15.
53.288 3 IMU_GYRO 1 -0.039795 -0.012695 0.00708
53.303 3 GPS 0 0 0 0 0 0 0 0 0 0 0
53.319 3 SVINFO 0 0 0 0 0 0 0
53.319 3 ATTITUDE 0. 0. 0.
53.320 3 ESTIMATOR 353.462311 -0.082912
53.399 3 ATTITUDE 0. 0. 0.
53.431 3 COMMANDS 0,-36,1020
53.431 3 WP_MOVED 8 641844.1875 5474504.5 446. 32
53.479 3 DESIRED -0. -0.01 1. 57. 37. 436. 5. 15.
53.495 3 ATTITUDE 0. 0. 0.
54.151 3 LINK_REPORT 3 -1 54 0 50774 2108 0 317. 14. 10 41.48
55.152 3 LINK_REPORT 3 -1 55 1 50774 2108 0 0. 0. 10 41.48
