5.603 3 LINK_REPORT 3 -1 5 0 4931 207 0 988. 41. 0 0.
5.617 3 AUTOPILOT_VERSION 60400 v6.4.0_stable
5.618 3 IMU_MAG 0 0. 0. 0.
5.636 3 DESIRED 0.36 0.15 0.8 60. 60. 2595. 5. 15.
5.636 3 PPRZ_MODE 2 3 3 2 0 4
5.650 3 ATTITUDE 0.004783 -3.140221 0.132626
5.651 3 PONG 
5.730 3 ESTIMATOR 2558.36377 -21.631201
5.757 3 GPS 0 0 0 0 0 0 0 0 0 0 0
5.757 3 SVINFO 0 0 0 0 0 0 0
5.757 3 ATTITUDE 0.004772 -3.140181 0.132671
5.772 3 FBW_STATUS 2 0 1 11.44225 0.
5.805 3 DESIRED 0.36 0.15 0.8 60. 60. 2595. 5. 15.
5.820 3 WP_MOVED 1 649123. 5253077. 2595. 32
5.836 3 ATTITUDE 0.004757 -3.140162 0.13264
5.885 3 NAVIGATION 9 0 0. 0. 0. 0. 0 12 12 1 0 0
5.916 3 STATE_FILTER_STATUS 6 3 0
5.933 3 SHT_STATUS 0 0 0.1 -39.66
5.933 3 ATTITUDE 0.004752 -3.140112 0.132653
5.980 3 NAVIGATION_REF 649123 5253077 32 2575.
6.010 3 CIRCLE 0. 0. -60.
6.011 3 GPS 0 0 0 0 0 0 0 0 0 0 0
6.011 3 SVINFO 0 0 0 0 0 0 0
6.011 3 DESIRED 0.36 0.15 0.8 60. 60. 2595. 5. 15.
6.026 3 ATTITUDE 0.004794 -3.140072 0.132674
6.111 3 LINK_REPORT 3 -1 6 0 5958 251 0 1027. 44. 1 43.1
6.138 3 ATTITUDE 0.00482 -3.140026 0.132657
6.154 3 IMU_GYRO 1 -0.028076 0.02417 -0.04248
6.203 3 DESIRED 0.36 0.15 0.8 60. 60. 2595. 5. 15.
6.234 3 ESTIMATOR 2560.9375 -13.401584
6.251 3 GPS 0 0 0 0 0 0 0 0 0 0 0
6.251 3 SVINFO 0 0 0 0 0 0 0
6.252 3 ATTITUDE 0.004834 -3.139997 0.13263
6.331 3 WP_MOVED 2 649046.125 5253124. 2595. 32
6.346 3 ATTITUDE 0.004856 -3.139957 0.132609
6.347 3 IMU_ACCEL 1 1.222656 -0.035156 -9.526367
6.362 3 ENERGY 0 11.44225 0. 0. 0. 0. 0.
6.395 3 DESIRED 0.36 0.15 0.8 60. 60. 2595. 5. 15.
6.426 3 SHT_STATUS 0 0 0.1 -39.66
6.443 3 ATTITUDE 0.004865 -3.139936 0.132606
6.491 3 GPS 0 0 0 0 0 0 0 0 0 0 0
6.492 3 SVINFO 0 0 0 0 0 0 0
6.539 3 ATTITUDE 0.004876 -3.139898 0.132595
6.571 3 AIRSPEED 0. 0. 0. 0.
6.604 3 DESIRED 0.36 0.15 0.8 60. 60. 2595. 5. 15.
6.619 3 CALIBRATION -150. 0
6.635 3 ATTITUDE 0.004863 -3.139869 0.132582
6.731 3 DL_VALUE 8 1.
6.731 3 ESTIMATOR 2563.411621 -9.02813
6.761 3 GPS 0 0 0 0 0 0 0 0 0 0 0
6.762 3 SVINFO 0 0 0 0 0 0 0
6.763 3 ATTITUDE 0.004899 -3.139823 0.132587
6.763 3 IMU_GYRO 1 -0.028564 0.024658 -0.041992
6.809 3 DESIRED 0.36 0.15 0.8 60. 60. 2595. 5. 15.
6.825 3 WP_MOVED 0 649123. 5253077. 2595. 32
6.841 3 ATTITUDE 0.004872 -3.139766 0.132608
6.889 3 COMMANDS 0,3150,250
6.890 3 NAVIGATION 9 0 0. 0. 0. 0. 0 13 13 1 0 0
6.905 3 IMU_MAG 0 0. 0. 0.
6.937 3 SHT_STATUS 0 0 0.1 -39.66
6.937 3 ATTITUDE 0.004893 -3.139746 0.132616
6.985 3 FBW_STATUS 2 0 1 11.436065 0.
6.986 3 GPS 0 0 0 0 0 0 0 0 0 0 0
7.001 3 SVINFO 0 0 0 0 0 0 0
7.002 3 DESIRED 0.36 0.15 0.8 60. 60. 2595. 5. 15.
7.017 3 CIRCLE 0. 0. -60.
7.033 3 ATTITUDE 0.004881 -3.139706 0.132608
7.113 3 LINK_REPORT 3 -1 7 0 6934 292 0 976. 41. 1 43.1
7.145 3 ATTITUDE 0.004888 -3.139671 0.132601
7.145 3 IMU_ACCEL 1 1.227539 -0.018555 -9.523438
7.209 3 DESIRED 0.36 0.15 0.8 60. 60. 2595. 5. 15.
7.253 3 ESTIMATOR 2567.327637 -4.122364
7.254 3 GPS 0 0 0 0 0 0 0 0 0 0 0
7.255 3 SVINFO 0 0 0 0 0 0 0
7.256 3 ATTITUDE 0.004899 -3.13965 0.132631
7.333 3 WP_MOVED 1 649123. 5253077. 2595. 32
7.349 3 ATTITUDE 0.004902 -3.139624 0.13262
7.350 3 IMU_GYRO 1 -0.029053 0.02417 -0.04248
7.398 3 DESIRED 0.36 0.15 0.8 60. 60. 2595. 4.8 15.
7.429 3 SHT_STATUS 0 0 0.1 -39.66
7.445 3 ATTITUDE 0.004914 -3.139604 0.132615
7.461 3 ENERGY 0 11.448435 0. 0. 0. 0. 0.
7.494 3 GPS 0 0 0 0 0 0 0 0 0 0 0
7.495 3 SVINFO 0 0 0 0 0 0 0
7.541 3 ATTITUDE 0.00492 -3.139527 0.132655
7.573 3 GPS_SOL 0 0 0 0
7.589 3 AIRSPEED 0. 0. 0. 0.
7.616 3 DESIRED 0.36 0.14 0.8 60. 60. 2595. 4.5 15.
7.637 3 DATALINK_REPORT 2 1 0 990 0 0
7.637 3 ATTITUDE 0.004938 -3.139493 0.132605
7.733 3 ESTIMATOR 2569.746094 -1.85387
7.750 3 GPS 0 0 0 0 0 0 0 0 0 0 0
7.751 3 SVINFO 0 0 0 0 0 0 0
7.751 3 ATTITUDE 0.004969 -3.139436 0.132582
7.782 3 FBW_STATUS 2 0 1 11.436065 0.
7.798 3 DESIRED 0.36 0.14 0.8 60. 60. 2595. 4.4 15.
7.829 3 WP_MOVED 2 649046.125 5253124. 2595. 32
7.845 3 ATTITUDE 0.004983 -3.139392 0.132617
7.878 3 NAVIGATION 9 0 0. 0. 0. 0. 0 14 14 1 0 0
7.925 3 SHT_STATUS 0 0 0.1 -39.66
7.957 3 ATTITUDE 0.004977 -3.139368 0.132645
7.958 3 IMU_ACCEL 1 1.253906 -0.044922 -9.49707
7.974 3 IMU_GYRO 1 -0.028564 0.023682 -0.04248
7.990 3 GPS 0 0 0 0 0 0 0 0 0 0 0
7.991 3 SVINFO 0 0 0 0 0 0 0
8.006 3 DESIRED 0.36 0.13 0.8 60. 60. 2595. 4.2 15.
8.038 3 ATTITUDE 0.004977 -3.139342 0.132624
8.069 3 CIRCLE 0. 0. -60.
8.117 3 LINK_REPORT 3 -1 8 0 7907 332 0 973. 40. 1 43.1
8.118 3 STATE_FILTER_STATUS 6 3 0
8.133 3 ATTITUDE 0.005 -3.139313 0.132641
8.197 3 IMU_MAG 0 0. 0. 0.
8.214 3 DESIRED 0.36 0.13 0.8 60. 60. 2595. 4.1 15.
8.230 3 DL_VALUE 9 2595.
8.256 3 ESTIMATOR 2572.437988 0.13252
8.256 3 GPS 0 0 0 0 0 0 0 0 0 0 0
8.257 3 SVINFO 0 0 0 0 0 0 0
8.258 3 ATTITUDE 0.005034 -3.139246 0.132605
8.320 3 WP_MOVED 0 649123. 5253077. 2595. 32
8.336 3 ATTITUDE 0.005035 -3.139188 0.13263
8.400 3 DESIRED 0.36 0.12 0.8 60. 60. 2595. 3.9 15.
8.432 3 SHT_STATUS 0 0 0.1 -39.66
8.433 3 ATTITUDE 0.005045 -3.139159 0.132646
8.480 3 GPS 0 0 0 0 0 0 0 0 0 0 0
8.481 3 SVINFO 0 0 0 0 0 0 0
8.528 3 ATTITUDE 0.005053 -3.139114 0.132647
8.560 3 ENERGY 0 11.436065 0. 0. 0. 0. 0.
8.576 3 IMU_GYRO 1 -0.028564 0.024658 -0.041504
8.576 3 AIRSPEED 0. 0. 0. 0.
8.616 3 DESIRED 0.36 0.12 0.8 60. 60. 2595. 3.8 15.
8.640 3 ATTITUDE 0.005065 -3.139066 0.132658
8.703 3 CALIBRATION -150. 0
8.736 3 ESTIMATOR 2573.844971 0.889804
8.764 3 GPS 0 0 0 0 0 0 0 0 0 0 0
8.765 3 SVINFO 0 0 0 0 0 0 0
8.766 3 ATTITUDE 0.005069 -3.139029 0.132656
8.766 3 IMU_ACCEL 1 1.217773 -0.02832 -9.523438
8.796 3 DESIRED 0.36 0.11 0.8 60. 60. 2595. 3.7 15.
8.828 3 WP_MOVED 1 649123. 5253077. 2595. 32
8.844 3 ATTITUDE 0.005084 -3.139004 0.132639
8.876 3 NAVIGATION 9 0 0. 0. 0. 0. 0 15 15 1 0 0
8.892 3 COMMANDS 0,3148,-291
8.924 3 SHT_STATUS 0 0 0.1 -39.66
8.940 3 ATTITUDE 0.00512 -3.138943 0.132666
9.001 3 FBW_STATUS 2 0 1 11.44225 0.
9.002 3 GPS 0 0 0 0 0 0 0 0 0 0 0
9.003 3 SVINFO 0 0 0 0 0 0 0
9.004 3 DESIRED 0.36 0.11 0.8 60. 60. 2595. 3.6 15.
9.033 3 ATTITUDE 0.005139 -3.138909 0.132657
9.116 3 LINK_REPORT 3 -1 9 0 8854 372 0 947. 40. 1 43.1
9.129 3 CIRCLE 0. 0. -60.
9.144 3 ATTITUDE 0.005163 -3.138861 0.132683
9.160 3 LOGGER_STATUS 0 0 0 none
9.160 3 IMU_GYRO 1 -0.028564 0.025146 -0.041504
9.208 3 DESIRED 0.36 0.11 0.8 60. 60. 2595. 3.5 15.
9.250 3 ESTIMATOR 2575.525879 1.489651
9.251 3 GPS 0 0 0 0 0 0 0 0 0 0 0
9.251 3 SVINFO 0 0 0 0 0 0 0
9.252 3 ATTITUDE 0.005181 -3.138819 0.132667
9.331 3 WP_MOVED 2 649046.125 5253124. 2595. 32
9.347 3 ATTITUDE 0.005217 -3.138789 0.132678
9.395 3 DESIRED 0.36 0.11 0.8 60. 60. 2595. 3.4 15.
9.443 3 SHT_STATUS 0 0 0.1 -39.66
9.444 3 ATTITUDE 0.005256 -3.13873 0.132674
9.491 3 GPS 0 0 0 0 0 0 0 0 0 0 0
9.492 3 SVINFO 0 0 0 0 0 0 0
9.493 3 IMU_MAG 0 0. 0. 0.
9.539 3 ATTITUDE 0.005273 -3.138682 0.132689
9.540 3 IMU_ACCEL 1 1.260742 -0.044922 -9.561523
9.588 3 GPS_SOL 0 0 0 0
9.588 3 AIRSPEED 0. 0. 0. 0.
9.604 3 DESIRED 0.36 0.1 0.8 60. 60. 2595. 3.4 15.
9.635 3 ATTITUDE 0.005261 -3.138632 0.132719
9.667 3 ENERGY 0 11.398955 0. 0. 0. 0. 0.
9.731 3 DL_VALUE 10 0.
9.757 3 ESTIMATOR 2576.269531 1.567946
9.758 3 GPS 0 0 0 0 0 0 0 0 0 0 0
9.759 3 SVINFO 0 0 0 0 0 0 0
9.760 3 ATTITUDE 0.005263 -3.138603 0.132696
9.761 3 IMU_GYRO 1 -0.029053 0.025146 -0.04248
9.773 3 FBW_STATUS 2 0 1 11.448435 0.
9.805 3 DESIRED 0.36 0.1 0.8 60. 60. 2595. 3.3 15.
9.821 3 WP_MOVED 0 649123. 5253077. 2595. 32
9.837 3 ATTITUDE 0.005307 -3.138535 0.13269
9.886 3 NAVIGATION 9 0 0. 0. 0. 0. 0 16 16 1 0 0
9.887 3 ACTUATORS 1040,1360,1395
9.933 3 SHT_STATUS 0 0 0.1 -39.66
9.933 3 ATTITUDE 0.00527 -3.138507 0.132678
9.981 3 GPS 0 0 0 0 0 0 0 0 0 0 0
9.981 3 SVINFO 0 0 0 0 0 0 0
9.997 3 DESIRED 0.36 0.1 0.8 60. 60. 2595. 3.3 15.
10.029 3 ATTITUDE 0.005296 -3.138422 0.132673
10.118 3 LINK_REPORT 3 -1 10 0 9855 414 0 1001. 42. 1 43.1
10.141 3 ATTITUDE 0.005279 -3.138374 0.132651
10.174 3 ALIVE 8,144,6,66,11,198,81,189,7,217,216,157,220,111,57,170
10.189 3 CIRCLE 0. 0. -60.
10.205 3 DESIRED 0.36 0.1 0.8 60. 60. 2595. 3.2 15.
10.252 3 ESTIMATOR 2576.958984 1.428948
10.252 3 GPS 0 0 0 0 0 0 0 0 0 0 0
10.252 3 SVINFO 0 0 0 0 0 0 0
10.253 3 ATTITUDE 0.005304 -3.138318 0.132637
10.316 3 STATE_FILTER_STATUS 6 3 0
10.332 3 WP_MOVED 1 649123. 5253077. 2595. 32
10.348 3 ATTITUDE 0.005323 -3.138278 0.132655
10.349 3 IMU_ACCEL 1 1.265625 -0.044922 -9.516602
10.364 3 IMU_GYRO 1 -0.028564 0.024658 -0.041504
10.397 3 DESIRED 0.36 0.1 0.8 60. 60. 2595. 3.2 15.
10.428 3 SHT_STATUS 0 0 0.1 -39.66
10.444 3 ATTITUDE 0.005352 -3.13821 0.132654
10.493 3 GPS 0 0 0 0 0 0 0 0 0 0 0
10.494 3 SVINFO 0 0 0 0 0 0 0
10.525 3 PPRZ_MODE 2 3 3 2 0 4
10.540 3 ATTITUDE 0.005388 -3.138146 0.132612
10.572 3 AIRSPEED 0. 0. 0. 0.
10.605 3 DESIRED 0.36 0.1 0.8 60. 60. 2595. 3.2 15.
10.636 3 ATTITUDE 0.005377 -3.138132 0.132592
10.652 3 PONG 
10.733 3 ESTIMATOR 2577.192139 1.23949
10.749 3 GPS 0 0 0 0 0 0 0 0 0 0 0
10.749 3 SVINFO 0 0 0 0 0 0 0
10.750 3 ATTITUDE 0.005351 -3.138094 0.132558
10.764 3 ENERGY 0 11.436065 0. 0. 0. 0. 0.
10.822 3 IMU_MAG 0 0. 0. 0.
10.823 3 DESIRED 0.36 0.1 0.8 60. 60. 2595. 3.2 15.
10.825 3 CALIBRATION -150. 0
10.826 3 WP_MOVED 2 649046.125 5253124. 2595. 32
10.839 3 ATTITUDE 0.00536 -3.138031 0.132532
10.887 3 NAVIGATION 9 0 0. 0. 0. 0. 0 17 17 1 0 0
10.935 3 SHT_STATUS 0 0 0.1 -39.66
10.935 3 ATTITUDE 0.005392 -3.137993 0.13253
10.950 3 IMU_GYRO 1 -0.028564 0.025146 -0.041504
10.983 3 FBW_STATUS 2 0 1 11.44225 0.
10.999 3 GPS 0 0 0 0 0 0 0 0 0 0 0
11.000 3 SVINFO 0 0 0 0 0 0 0
11.015 3 DESIRED 0.36 0.1 0.8 60. 60. 2595. 3.1 15.
11.030 3 ATTITUDE 0.005422 -3.137908 0.132543
11.122 3 LINK_REPORT 3 -1 11 0 10862 457 0 1007. 43. 2 43.92
11.142 3 ATTITUDE 0.005426 -3.137874 0.132557
11.144 3 IMU_ACCEL 1 1.244141 -0.056641 -9.5
11.207 3 DESIRED 0.36 0.09 0.8 60. 60. 2595. 3.1 15.
11.239 3 DL_VALUE 11 0.
11.239 3 CIRCLE 0. 0. -60.
11.240 3 ESTIMATOR 2577.760498 1.144834
11.266 3 GPS 0 0 0 0 0 0 0 0 0 0 0
11.266 3 SVINFO 0 0 0 0 0 0 0
11.267 3 ATTITUDE 0.005438 -3.137811 0.132525
11.329 3 WP_MOVED 0 649123. 5253077. 2595. 32
11.345 3 ATTITUDE 0.005454 -3.137772 0.132526
11.410 3 DESIRED 0.36 0.09 0.8 60. 60. 2595. 3.1 15.
11.426 3 SHT_STATUS 0 0 0.1 -39.66
11.441 3 ATTITUDE 0.005475 -3.137702 0.132495
11.490 3 GPS 0 0 0 0 0 0 0 0 0 0 0
11.491 3 SVINFO 0 0 0 0 0 0 0
11.537 3 ATTITUDE 0.005464 -3.137673 0.132482
11.553 3 IMU_GYRO 1 -0.029053 0.024658 -0.041992
11.585 3 GPS_SOL 0 0 0 0
11.586 3 AIRSPEED 0. 0. 0. 0.
11.602 3 DESIRED 0.36 0.09 0.8 60. 60. 2595. 3.1 15.
11.633 3 ATTITUDE 0.005502 -3.137588 0.132431
11.730 3 ESTIMATOR 2577.787109 0.903426
11.746 3 GPS 0 0 0 0 0 0 0 0 0 0 0
11.747 3 SVINFO 0 0 0 0 0 0 0
11.749 3 ATTITUDE 0.005532 -3.137521 0.132431
11.778 3 FBW_STATUS 2 0 1 11.42988 0.
11.794 3 DESIRED 0.36 0.09 0.8 60. 60. 2595. 3.1 15.
11.826 3 WP_MOVED 1 649123. 5253077. 2595. 32
11.842 3 ATTITUDE 0.005511 -3.137455 0.132415
11.858 3 ENERGY 0 11.436065 0. 0. 0. 0. 0.
11.874 3 COMMANDS 0,3144,-549
11.890 3 NAVIGATION 9 0 0. 0. 0. 0. 0 18 18 1 0 0
11.938 3 SHT_STATUS 0 0 0.1 -39.66
11.939 3 ATTITUDE 0.00556 -3.137405 0.132418
11.954 3 IMU_ACCEL 1 1.249023 -0.049805 -9.549805
11.986 3 GPS 0 0 0 0 0 0 0 0 0 0 0
11.987 3 SVINFO 0 0 0 0 0 0 0
12.002 3 DESIRED 0.36 0.09 0.8 60. 60. 2595. 3.1 15.
12.034 3 ATTITUDE 0.005569 -3.137349 0.132429
12.098 3 IMU_MAG 0 0. 0. 0.
12.120 3 LINK_REPORT 3 -1 12 0 11844 498 0 982. 41. 2 43.92
12.130 3 ATTITUDE 0.005522 -3.137285 0.132401
12.161 3 IMU_GYRO 1 -0.028564 0.023682 -0.041992
12.210 3 DESIRED 0.36 0.09 0.8 60. 60. 2595. 3.1 15.
12.254 3 ESTIMATOR 2577.867188 0.656908
12.255 3 GPS 0 0 0 0 0 0 0 0 0 0 0
12.256 3 SVINFO 0 0 0 0 0 0 0
12.258 3 ATTITUDE 0.005523 -3.137216 0.132369
12.270 3 CIRCLE 0. 0. -60.
12.334 3 WP_MOVED 2 649046.125 5253124. 2595. 32
12.334 3 ATTITUDE 0.005548 -3.137152 0.132313
12.398 3 DESIRED 0.36 0.09 0.8 60. 60. 2595. 3.1 15.
12.430 3 SHT_STATUS 0 0 0.1 -39.66
12.446 3 ATTITUDE 0.005555 -3.137125 0.132309
12.478 3 GPS 0 0 0 0 0 0 0 0 0 0 0
12.494 3 SVINFO 0 0 0 0 0 0 0
12.510 3 STATE_FILTER_STATUS 6 3 0
12.542 3 ATTITUDE 0.005535 -3.137047 0.132262
12.574 3 AIRSPEED 0. 0. 0. 0.
12.606 3 DESIRED 0.36 0.09 0.8 60. 60. 2595. 3.1 15.
12.647 3 ATTITUDE 0.005531 -3.137014 0.132228
12.734 3 DATALINK_REPORT 2 2 0 960 0 0
12.776 3 DL_VALUE 12 0.
12.776 3 ESTIMATOR 2577.710693 0.420032
12.777 3 GPS 0 0 0 0 0 0 0 0 0 0 0
12.778 3 SVINFO 0 0 0 0 0 0 0
12.779 3 ATTITUDE 0.005557 -3.136955 0.132235
12.779 3 IMU_ACCEL 1 1.249023 -0.054688 -9.526367
12.780 3 IMU_GYRO 1 -0.028564 0.02417 -0.041992
12.808 3 DESIRED 0.36 0.09 0.8 60. 60. 2595. 3.1 15.
12.824 3 WP_MOVED 0 649123. 5253077. 2595. 32
12.840 3 ATTITUDE 0.005536 -3.136909 0.132239
12.889 3 NAVIGATION 9 0 0. 0. 0. 0. 0 19 19 1 0 0
12.904 3 CALIBRATION -150. 0
12.936 3 SHT_STATUS 0 0 0.1 -39.66
12.952 3 ATTITUDE 0.005553 -3.136792 0.132233
12.968 3 ENERGY 0 11.44225 0. 0. 0. 0. 0.
12.999 3 FBW_STATUS 2 0 1 11.44225 0.
13.000 3 GPS 0 0 0 0 0 0 0 0 0 0 0
13.001 3 SVINFO 0 0 0 0 0 0 0
13.002 3 DESIRED 0.36 0.09 0.8 60. 60. 2595. 3.1 15.
13.031 3 ATTITUDE 0.005578 -3.136727 0.132217
13.128 3 LINK_REPORT 3 -1 13 0 12815 539 0 971. 41. 2 43.92
13.142 3 ATTITUDE 0.00554 -3.136677 0.132215
13.208 3 DESIRED 0.36 0.09 0.8 60. 60. 2595. 3.1 15.
13.252 3 ESTIMATOR 2577.587646 0.220546
13.253 3 GPS 0 0 0 0 0 0 0 0 0 0 0
13.255 3 SVINFO 0 0 0 0 0 0 0
13.255 3 ATTITUDE 0.005524 -3.136628 0.132201
13.332 3 CIRCLE 0. 0. -60.
13.333 3 WP_MOVED 1 649123. 5253077. 2595. 32
13.348 3 ATTITUDE 0.00553 -3.13658 0.132186
13.364 3 IMU_GYRO 1 -0.030273 0.024658 -0.041992
13.396 3 IMU_MAG 0 0. 0. 0.
13.412 3 DESIRED 0.36 0.09 0.8 60. 60. 2595. 3.2 15.
13.444 3 SHT_STATUS 0 0 0.1 -39.66
13.445 3 ATTITUDE 0.005528 -3.136512 0.132184
13.476 3 GPS 0 0 0 0 0 0 0 0 0 0 0
13.492 3 SVINFO 0 0 0 0 0 0 0
13.540 3 ATTITUDE 0.005527 -3.136469 0.132183
13.541 3 IMU_ACCEL 1 1.250977 -0.05957 -9.511719
13.588 3 GPS_SOL 0 0 0 0
13.589 3 AIRSPEED 0. 0. 0. 0.
13.605 3 DESIRED 0.36 0.1 0.8 60. 60. 2595. 3.2 15.
13.636 3 ATTITUDE 0.005554 -3.136401 0.132174
13.732 3 ESTIMATOR 2577.460938 0.106843
13.749 3 GPS 0 0 0 0 0 0 0 0 0 0 0
13.750 3 SVINFO 0 0 0 0 0 0 0
13.751 3 ATTITUDE 0.005533 -3.136339 0.132135
13.780 3 FBW_STATUS 2 0 1 11.44225 0.
13.796 3 DESIRED 0.36 0.1 0.8 60. 60. 2595. 3.2 15.
13.828 3 WP_MOVED 2 649046.125 5253124. 2595. 32
13.844 3 ATTITUDE 0.005548 -3.136269 0.132153
13.876 3 NAVIGATION 9 0 0. 0. 0. 0. 0 20 20 1 0 0
13.892 3 COMMANDS 0,3144,-512
13.940 3 SHT_STATUS 0 0 0.1 -39.66
13.941 3 ATTITUDE 0.005537 -3.136189 0.132154
13.956 3 IMU_GYRO 1 -0.028564 0.024658 -0.041992
13.989 3 GPS 0 0 0 0 0 0 0 0 0 0 0
13.990 3 SVINFO 0 0 0 0 0 0 0
14.005 3 DESIRED 0.36 0.1 0.8 60. 60. 2595. 3.2 15.
14.036 3 ATTITUDE 0.005552 -3.136132 0.132135
14.069 3 ENERGY 0 11.436065 0. 0. 0. 0. 0.
14.123 3 LINK_REPORT 3 -1 14 0 13784 579 0 969. 40. 2 43.92
14.133 3 ATTITUDE 0.005572 -3.136045 0.132173
14.196 3 DESIRED 0.36 0.1 0.8 60. 60. 2595. 3.2 15.
14.255 3 DL_VALUE 13 70.
14.256 3 ESTIMATOR 2577.197266 -0.062643
14.259 3 GPS 0 0 0 0 0 0 0 0 0 0 0
14.260 3 SVINFO 0 0 0 0 0 0 0
14.261 3 ATTITUDE 0.005585 -3.135997 0.132197
14.261 3 LOGGER_STATUS 0 0 0 none
14.319 3 WP_MOVED 0 649123. 5253077. 2595. 32
14.334 3 ATTITUDE 0.005604 -3.135902 0.13222
14.350 3 IMU_ACCEL 1 1.253906 -0.066406 -9.533203
14.366 3 CIRCLE 0. 0. -60.
14.398 3 DESIRED 0.36 0.1 0.8 60. 60. 2595. 3.2 15.
14.430 3 SHT_STATUS 0 0 0.1 -39.66
14.451 3 ATTITUDE 0.005645 -3.135829 0.13222
14.479 3 GPS 0 0 0 0 0 0 0 0 0 0 0
14.494 3 SVINFO 0 0 0 0 0 0 0
14.526 3 ATTITUDE 0.005654 -3.135771 0.132216
14.558 3 IMU_GYRO 1 -0.028076 0.025146 -0.041992
14.574 3 AIRSPEED 0. 0. 0. 0.
14.607 3 DESIRED 0.36 0.1 0.8 60. 60. 2595. 3.2 15.
14.638 3 ATTITUDE 0.005699 -3.135713 0.132192
14.686 3 IMU_MAG 0 0. 0. 0.
14.718 3 STATE_FILTER_STATUS 6 3 0
14.734 3 ESTIMATOR 2577.084961 -0.111815
14.751 3 GPS 0 0 0 0 0 0 0 0 0 0 0
14.752 3 SVINFO 0 0 0 0 0 0 0
14.753 3 ATTITUDE 0.005697 -3.135658 0.132197
14.799 3 DESIRED 0.36 0.1 0.8 60. 60. 2595. 3.2 15.
14.831 3 WP_MOVED 1 649123. 5253077. 2595. 32
14.847 3 ATTITUDE 0.005699 -3.135582 0.132197
14.879 3 NAVIGATION 9 0 0. 0. 0. 0. 0 21 21 1 0 0
14.894 3 ACTUATORS 1040,1359,1397
14.943 3 SHT_STATUS 0 0 0.1 -39.66
14.944 3 ATTITUDE 0.005697 -3.135502 0.132187
15.017 3 NAVIGATION_REF 649123 5253077 32 2575.
15.018 3 FBW_STATUS 2 0 1 11.44225 0.
15.019 3 GPS 0 0 0 0 0 0 0 0 0 0 0
15.020 3 SVINFO 0 0 0 0 0 0 0
15.022 3 DESIRED 0.36 0.1 0.8 60. 60. 2595. 3.3 15.
15.023 3 CALIBRATION -150. 0
15.032 3 ATTITUDE 0.005708 -3.135416 0.132189
15.127 3 LINK_REPORT 3 -1 15 0 14758 621 0 974. 42. 2 43.92
15.144 3 ATTITUDE 0.005733 -3.135352 0.132184
15.145 3 IMU_ACCEL 1 1.255859 -0.071289 -9.530273
15.160 3 ENERGY 0 11.44225 0. 0. 0. 0. 0.
15.176 3 IMU_GYRO 1 -0.029053 0.025635 -0.041504
15.209 3 DESIRED 0.36 0.1 0.8 60. 60. 2595. 3.3 15.
15.252 3 ESTIMATOR 2576.902344 -0.165845
15.253 3 GPS 0 0 0 0 0 0 0 0 0 0 0
15.254 3 SVINFO 0 0 0 0 0 0 0
15.255 3 ATTITUDE 0.005718 -3.135265 0.132173
15.257 3 ALIVE 8,144,6,66,11,198,81,189,7,217,216,157,220,111,57,170
15.332 3 WP_MOVED 2 649046.125 5253124. 2595. 32
15.347 3 ATTITUDE 0.005718 -3.13519 0.132135
15.396 3 DESIRED 0.36 0.1 0.8 60. 60. 2595. 3.3 15.
15.428 3 PPRZ_MODE 2 3 3 2 0 4
15.444 3 CIRCLE 0. 0. -60.
15.445 3 SHT_STATUS 0 0 0.1 -39.66
15.445 3 ATTITUDE 0.00573 -3.135133 0.132159
15.476 3 GPS 0 0 0 0 0 0 0 0 0 0 0
15.492 3 SVINFO 0 0 0 0 0 0 0
15.540 3 ATTITUDE 0.005727 -3.135057 0.13219
15.572 3 GPS_SOL 0 0 0 0
15.588 3 AIRSPEED 0. 0. 0. 0.
15.604 3 DESIRED 0.36 0.1 0.8 60. 60. 2595. 3.3 15.
15.636 3 ATTITUDE 0.005732 -3.134975 0.132228
15.651 3 PONG 
15.732 3 DL_VALUE 14 0.
15.733 3 ESTIMATOR 2576.759766 -0.202538
15.763 3 GPS 0 0 0 0 0 0 0 0 0 0 0
15.765 3 SVINFO 0 0 0 0 0 0 0
15.766 3 ATTITUDE 0.005719 -3.134908 0.132247
15.766 3 IMU_GYRO 1 -0.029053 0.025635 -0.041504
15.779 3 FBW_STATUS 2 0 1 11.436065 0.
15.811 3 DESIRED 0.36 0.1 0.8 60. 60. 2595. 3.3 15.
15.827 3 WP_MOVED 0 649123. 5253077. 2595. 32
15.842 3 ATTITUDE 0.005735 -3.134809 0.132245
15.875 3 NAVIGATION 9 0 0. 0. 0. 0. 0 22 22 1 0 0
15.939 3 SHT_STATUS 0 0 0.1 -39.66
15.955 3 ATTITUDE 0.005758 -3.13474 0.132223
15.955 3 IMU_ACCEL 1 1.267578 -0.051758 -9.544922
15.987 3 GPS 0 0 0 0 0 0 0 0 0 0 0
15.988 3 SVINFO 0 0 0 0 0 0 0
16.003 3 IMU_MAG 0 0. 0. 0.
16.003 3 DESIRED 0.36 0.1 0.8 60. 60. 2595. 3.3 15.
16.035 3 ATTITUDE 0.005746 -3.134603 0.132239
16.091 3 WIND_INFO 3 5 0. 0. 0. 0.
16.136 3 LINK_REPORT 3 -1 16 0 15793 665 0 1035. 44. 4 42.81
16.136 3 ATTITUDE 0.005774 -3.134522 0.132251
16.211 3 DESIRED 0.36 0.1 0.8 60. 60. 2595. 3.3 15.
16.253 3 ESTIMATOR 2576.397217 -0.325653
16.254 3 GPS 0 0 0 0 0 0 0 0 0 0 0
16.255 3 SVINFO 0 0 0 0 0 0 0
16.256 3 ATTITUDE 0.005761 -3.134454 0.13222
16.269 3 ENERGY 0 11.42988 0. 0. 0. 0. 0.
16.318 3 WP_MOVED 1 649123. 5253077. 2595. 32
16.333 3 ATTITUDE 0.00575 -3.134353 0.132265
16.349 3 IMU_GYRO 1 -0.028564 0.025146 -0.041992
16.397 3 DESIRED 0.36 0.1 0.8 60. 60. 2595. 3.3 15.
16.429 3 SHT_STATUS 0 0 0.1 -39.66
16.445 3 ATTITUDE 0.005766 -3.1343 0.132249
16.493 3 CIRCLE 0. 0. -60.
16.494 3 GPS 0 0 0 0 0 0 0 0 0 0 0
16.496 3 SVINFO 0 0 0 0 0 0 0
16.541 3 ATTITUDE 0.005799 -3.134221 0.132253
16.573 3 AIRSPEED 0. 0. 0. 0.
16.605 3 DESIRED 0.36 0.1 0.8 60. 60. 2595. 3.3 15.
16.637 3 ATTITUDE 0.005765 -3.134136 0.132269
16.685 3 AUTOPILOT_VERSION 60400 v6.4.0_stable
16.733 3 ESTIMATOR 2576.426758 -0.242702
16.764 3 GPS 0 0 0 0 0 0 0 0 0 0 0
16.765 3 SVINFO 0 0 0 0 0 0 0
16.766 3 ATTITUDE 0.005768 -3.134065 0.132255
16.767 3 IMU_ACCEL 1 1.239258 -0.038086 -9.574219
16.811 3 DESIRED 0.36 0.1 0.8 60. 60. 2595. 3.3 15.
16.826 3 WP_MOVED 2 649046.125 5253124. 2595. 32
16.842 3 ATTITUDE 0.005753 -3.133987 0.132226
16.874 3 COMMANDS 0,3142,-440
16.891 3 NAVIGATION 9 0 0. 0. 0. 0. 0 23 23 1 0 0
16.906 3 STATE_FILTER_STATUS 6 3 0
16.938 3 SHT_STATUS 0 0 0.1 -39.66
16.939 3 ATTITUDE 0.005774 -3.133922 0.132174
16.954 3 IMU_GYRO 1 -0.028564 0.024658 -0.041992
16.999 3 FBW_STATUS 2 0 1 11.436065 0.
17.002 3 GPS 0 0 0 0 0 0 0 0 0 0 0
17.003 3 SVINFO 0 0 0 0 0 0 0
17.004 3 DESIRED 0.36 0.1 0.8 60. 60. 2595. 3.3 15.
17.031 3 ATTITUDE 0.005773 -3.133835 0.132137
17.095 3 CALIBRATION -150. 0
17.129 3 LINK_REPORT 3 -1 17 0 16773 706 0 980. 41. 4 42.81
17.129 3 ATTITUDE 0.005744 -3.133734 0.132069
17.207 3 DESIRED 0.36 0.1 0.8 60. 60. 2595. 3.3 15.
17.253 3 DL_VALUE 15 70.
17.254 3 ESTIMATOR 2576.531494 -0.112347
17.255 3 GPS 0 0 0 0 0 0 0 0 0 0 0
17.256 3 SVINFO 0 0 0 0 0 0 0
17.257 3 ATTITUDE 0.005769 -3.133667 0.132051
17.301 3 IMU_MAG 0 0. 0. 0.
17.333 3 WP_MOVED 0 649123. 5253077. 2595. 32
17.349 3 ATTITUDE 0.00576 -3.133576 0.131996
17.366 3 ENERGY 0 11.44225 0. 0. 0. 0. 0.
17.398 3 DESIRED 0.36 0.1 0.8 60. 60. 2595. 3.3 15.
17.429 3 SHT_STATUS 0 0 0.1 -39.66
17.445 3 ATTITUDE 0.005757 -3.133504 0.131969
17.478 3 GPS 0 0 0 0 0 0 0 0 0 0 0
17.493 3 SVINFO 0 0 0 0 0 0 0
17.525 3 CIRCLE 0. 0. -60.
17.541 3 ATTITUDE 0.005753 -3.133449 0.13191
17.542 3 IMU_ACCEL 1 1.244141 -0.061523 -9.540039
17.557 3 IMU_GYRO 1 -0.029785 0.02417 -0.041504
17.573 3 GPS_SOL 0 0 0 0
17.589 3 AIRSPEED 0. 0. 0. 0.
17.606 3 DESIRED 0.36 0.1 0.8 60. 60. 2595. 3.3 15.
17.637 3 ATTITUDE 0.00573 -3.133356 0.131866
17.733 3 ESTIMATOR 2576.556152 -0.078813
17.750 3 GPS 0 0 0 0 0 0 0 0 0 0 0
17.751 3 SVINFO 0 0 0 0 0 0 0
17.752 3 ATTITUDE 0.005742 -3.133289 0.131838
17.781 3 FBW_STATUS 2 0 1 11.44225 0.
17.798 3 DESIRED 0.36 0.1 0.8 60. 60. 2595. 3.3 15.
17.813 3 DATALINK_REPORT 2 4 0 1015 0 0
17.829 3 WP_MOVED 1 649123. 5253077. 2595. 32
17.845 3 ATTITUDE 0.005765 -3.133204 0.131832
17.878 3 NAVIGATION 9 0 0. 0. 0. 0. 0 24 24 1 0 0
17.941 3 SHT_STATUS 0 0 0.1 -39.66
17.942 3 ATTITUDE 0.005775 -3.133083 0.131815
17.990 3 GPS 0 0 0 0 0 0 0 0 0 0 0
17.991 3 SVINFO 0 0 0 0 0 0 0
18.005 3 DESIRED 0.36 0.1 0.8 60. 60. 2595. 3.3 15.
18.037 3 ATTITUDE 0.005808 -3.133004 0.131801
18.128 3 LINK_REPORT 3 -1 18 0 17738 746 0 965. 40. 4 42.81
18.133 3 ATTITUDE 0.00584 -3.132925 0.131756
18.149 3 IMU_GYRO 1 -0.029053 0.02417 -0.041992
18.198 3 DESIRED 0.36 0.1 0.8 60. 60. 2595. 3.3 15.
18.229 3 ESTIMATOR 2576.585938 -0.029827
18.256 3 GPS 0 0 0 0 0 0 0 0 0 0 0
18.258 3 SVINFO 0 0 0 0 0 0 0
18.259 3 ATTITUDE 0.005809 -3.132834 0.131727
18.319 3 WP_MOVED 2 649046.125 5253124. 2595. 32
18.335 3 ATTITUDE 0.005829 -3.132754 0.131682
18.336 3 IMU_ACCEL 1 1.267578 -0.076172 -9.547852
18.400 3 DESIRED 0.36 0.1 0.8 60. 60. 2595. 3.3 15.
18.432 3 SHT_STATUS 0 0 0.1 -39.66
18.433 3 ATTITUDE 0.005827 -3.132671 0.131679
18.464 3 ENERGY 0 11.44225 0. 0. 0. 0. 0.
18.480 3 GPS 0 0 0 0 0 0 0 0 0 0 0
18.481 3 SVINFO 0 0 0 0 0 0 0
18.527 3 ATTITUDE 0.00583 -3.13257 0.131663
18.576 3 CIRCLE 0. 0. -60.
18.591 3 AIRSPEED 0. 0. 0. 0.
18.607 3 IMU_MAG 0 0. 0. 0.
18.608 3 DESIRED 0.36 0.1 0.8 60. 60. 2595. 3.3 15.
18.640 3 ATTITUDE 0.005832 -3.132495 0.131643
18.735 3 DL_VALUE 16 0.
18.736 3 ESTIMATOR 2576.63501 -6e-05
18.752 3 GPS 0 0 0 0 0 0 0 0 0 0 0
18.753 3 SVINFO 0 0 0 0 0 0 0
18.754 3 ATTITUDE 0.005845 -3.132417 0.131623
18.767 3 IMU_GYRO 1 -0.029053 0.02417 -0.041992
18.800 3 DESIRED 0.36 0.1 0.8 60. 60. 2595. 3.3 15.
18.832 3 WP_MOVED 0 649123. 5253077. 2595. 32
18.848 3 ATTITUDE 0.005845 -3.132312 0.131623
18.880 3 NAVIGATION 9 0 0. 0. 0. 0. 0 25 25 1 0 0
18.881 3 COMMANDS 0,3141,-445
18.928 3 SHT_STATUS 0 0 0.1 -39.66
18.944 3 ATTITUDE 0.005873 -3.13223 0.13162
19.005 3 FBW_STATUS 2 0 1 11.448435 0.
19.007 3 GPS 0 0 0 0 0 0 0 0 0 0 0
19.008 3 SVINFO 0 0 0 0 0 0 0
19.009 3 DESIRED 0.36 0.1 0.8 60. 60. 2595. 3.3 15.
19.037 3 ATTITUDE 0.005887 -3.132152 0.131603
19.117 3 STATE_FILTER_STATUS 6 3 0
19.129 3 LINK_REPORT 3 -1 19 0 18713 787 0 975. 41. 4 42.81
19.132 3 ATTITUDE 0.005873 -3.132079 0.131622
19.148 3 IMU_ACCEL 1 1.258789 -0.071289 -9.556641
19.196 3 DESIRED 0.36 0.1 0.8 60. 60. 2595. 3.3 15.
19.213 3 CALIBRATION -150. 0
19.229 3 ESTIMATOR 2576.452637 -0.096179
19.255 3 GPS 0 0 0 0 0 0 0 0 0 0 0
19.257 3 SVINFO 0 0 0 0 0 0 0
19.259 3 ATTITUDE 0.005877 -3.131984 0.131632
19.318 3 WP_MOVED 1 649123. 5253077. 2595. 32
19.334 3 LOGGER_STATUS 0 0 0 none
19.350 3 ATTITUDE 0.00588 -3.131891 0.1316
19.350 3 IMU_GYRO 1 -0.028076 0.024658 -0.041504
19.398 3 DESIRED 0.36 0.1 0.8 60. 60. 2595. 3.3 15.
19.431 3 SHT_STATUS 0 0 0.1 -39.66
19.447 3 ATTITUDE 0.005896 -3.131796 0.131593
19.479 3 GPS 0 0 0 0 0 0 0 0 0 0 0
19.480 3 SVINFO 0 0 0 0 0 0 0
19.543 3 ATTITUDE 0.005881 -3.1317 0.131605
19.559 3 ENERGY 0 11.44225 0. 0. 0. 0. 0.
19.575 3 GPS_SOL 0 0 0 0
19.591 3 AIRSPEED 0. 0. 0. 0.
19.607 3 DESIRED 0.36 0.1 0.8 60. 60. 2595. 3.3 15.
19.642 3 CIRCLE 0. 0. -60.
19.643 3 ATTITUDE 0.005887 -3.131598 0.131542
19.735 3 ESTIMATOR 2576.559326 -0.015613
19.736 3 GPS 0 0 0 0 0 0 0 0 0 0 0
19.751 3 SVINFO 0 0 0 0 0 0 0
19.752 3 ATTITUDE 0.005901 -3.131496 0.131578
19.767 3 FBW_STATUS 2 0 1 11.436065 0.
19.799 3 DESIRED 0.36 0.1 0.8 60. 60. 2595. 3.3 15.
19.831 3 WP_MOVED 2 649046.125 5253124. 2595. 32
19.847 3 ATTITUDE 0.005941 -3.131383 0.131544
19.879 3 NAVIGATION 9 0 0. 0. 0. 0. 0 26 26 1 0 0
19.881 3 ACTUATORS 1040,1361,1395
19.895 3 IMU_MAG 0 0. 0. 0.
19.943 3 SHT_STATUS 0 0 0.1 -39.66
19.944 3 ATTITUDE 0.005957 -3.131279 0.131551
19.944 3 IMU_ACCEL 1 1.253906 -0.05957 -9.55957
19.959 3 IMU_GYRO 1 -0.028564 0.024658 -0.040771
19.990 3 GPS 0 0 0 0 0 0 0 0 0 0 0
19.991 3 SVINFO 0 0 0 0 0 0 0
20.007 3 DESIRED 0.36 0.1 0.8 60. 60. 2595. 3.3 15.
20.039 3 ATTITUDE 0.005974 -3.131175 0.131548
20.130 3 LINK_REPORT 3 -1 20 0 19735 830 0 1022. 43. 4 42.81
20.135 3 ATTITUDE 0.005998 -3.131052 0.131516
20.199 3 DESIRED 0.36 0.1 0.8 60. 60. 2595. 3.3 15.
20.231 3 DL_VALUE 17 2.
20.257 3 ESTIMATOR 2576.663574 0.041899
20.259 3 GPS 0 0 0 0 0 0 0 0 0 0 0
20.260 3 SVINFO 0 0 0 0 0 0 0
20.261 3 ATTITUDE 0.006024 -3.130934 0.131485
20.321 3 PPRZ_MODE 2 3 3 2 0 4
20.337 3 WP_MOVED 0 649123. 5253077. 2595. 32
20.353 3 ATTITUDE 0.00604 -3.130847 0.131464
20.354 3 ALIVE 8,144,6,66,11,198,81,189,7,217,216,157,220,111,57,170
20.401 3 DESIRED 0.36 0.1 0.8 60. 60. 2595. 3.3 15.
20.433 3 SHT_STATUS 0 0 0.1 -39.66
20.434 3 ATTITUDE 0.006054 -3.13074 0.131467
20.481 3 GPS 0 0 0 0 0 0 0 0 0 0 0
20.482 3 SVINFO 0 0 0 0 0 0 0
20.529 3 ATTITUDE 0.00606 -3.130641 0.131488
20.561 3 IMU_GYRO 1 -0.029053 0.02417 -0.041504
20.577 3 AIRSPEED 0. 0. 0. 0.
20.610 3 DESIRED 0.36 0.1 0.8 60. 60. 2595. 3.3 15.
20.641 3 ATTITUDE 0.006062 -3.130542 0.131473
20.657 3 PONG 
20.658 3 ENERGY 0 11.44225 0. 0. 0. 0. 0.
20.672 3 CIRCLE 0. 0. -60.
20.737 3 ESTIMATOR 2576.740723 0.074486
20.739 3 GPS 0 0 0 0 0 0 0 0 0 0 0
20.753 3 SVINFO 0 0 0 0 0 0 0
20.754 3 ATTITUDE 0.006083 -3.130431 0.131446
20.755 3 IMU_ACCEL 1 1.250977 -0.054688 -9.571289
20.802 3 DESIRED 0.36 0.1 0.8 60. 60. 2595. 3.3 15.
20.817 3 WP_MOVED 1 649123. 5253077. 2595. 32
20.833 3 ATTITUDE 0.006102 -3.130367 0.131444
20.882 3 NAVIGATION 9 0 0. 0. 0. 0. 0 27 27 1 0 0
20.929 3 SHT_STATUS 0 0 0.1 -39.66
20.945 3 ATTITUDE 0.006121 -3.130261 0.131443
20.978 3 FBW_STATUS 2 0 1 11.436065 0.
20.993 3 GPS 0 0 0 0 0 0 0 0 0 0 0
20.995 3 SVINFO 0 0 0 0 0 0 0
21.009 3 DESIRED 0.36 0.1 0.8 60. 60. 2595. 3.3 15.
21.041 3 ATTITUDE 0.006143 -3.130158 0.131444
21.135 3 LINK_REPORT 3 -1 21 0 20688 870 0 953. 40. 5 46.86
21.137 3 ATTITUDE 0.006147 -3.130048 0.131411
21.153 3 IMU_GYRO 1 -0.027588 0.025146 -0.040771
21.201 3 IMU_MAG 0 0. 0. 0.
21.218 3 DESIRED 0.36 0.1 0.8 60. 60. 2595. 3.3 15.
21.233 3 ESTIMATOR 2576.712158 0.048137
21.249 3 GPS 0 0 0 0 0 0 0 0 0 0 0
21.250 3 SVINFO 0 0 0 0 0 0 0
21.251 3 ATTITUDE 0.006168 -3.129922 0.131414
21.297 3 CALIBRATION -150. 0
21.313 3 STATE_FILTER_STATUS 6 3 0
21.345 3 WP_MOVED 2 649046.125 5253124. 2595. 32
21.346 3 ATTITUDE 0.006162 -3.129831 0.131395
21.394 3 DESIRED 0.36 0.1 0.8 60. 60. 2595. 3.3 15.
21.442 3 SHT_STATUS 0 0 0.1 -39.66
21.442 3 ATTITUDE 0.006164 -3.129712 0.131383
21.490 3 GPS 0 0 0 0 0 0 0 0 0 0 0
21.491 3 SVINFO 0 0 0 0 0 0 0
21.537 3 ATTITUDE 0.006181 -3.129603 0.131354
21.538 3 IMU_ACCEL 1 1.255859 -0.056641 -9.571289
21.585 3 GPS_SOL 0 0 0 0
21.586 3 AIRSPEED 0. 0. 0. 0.
21.602 3 DESIRED 0.36 0.1 0.8 60. 60. 2595. 3.3 15.
21.633 3 ATTITUDE 0.006217 -3.129511 0.131339
21.756 3 DL_VALUE 18 0.
21.756 3 CIRCLE 0. 0. -60.
21.757 3 ESTIMATOR 2576.611572 -0.020346
21.764 3 GPS 0 0 0 0 0 0 0 0 0 0 0
21.766 3 SVINFO 0 0 0 0 0 0 0
21.783 3 ATTITUDE 0.0062 -3.129364 0.131328
21.784 3 ENERGY 0 11.44225 0. 0. 0. 0. 0.
21.785 3 IMU_GYRO 1 -0.028076 0.02417 -0.041504
21.786 3 FBW_STATUS 2 0 1 11.44225 0.
21.800 3 DESIRED 0.36 0.1 0.8 60. 60. 2595. 3.3 15.
21.831 3 WP_MOVED 0 649123. 5253077. 2595. 32
21.847 3 ATTITUDE 0.006216 -3.129271 0.131322
21.879 3 COMMANDS 0,3138,-434
21.881 3 NAVIGATION 9 0 0. 0. 0. 0. 0 28 28 1 0 0
21.928 3 SHT_STATUS 0 0 0.1 -39.66
21.943 3 ATTITUDE 0.00625 -3.129184 0.131289
21.978 3 GPS 0 0 0 0 0 0 0 0 0 0 0
21.992 3 SVINFO 0 0 0 0 0 0 0
22.008 3 DESIRED 0.36 0.1 0.8 60. 60. 2595. 3.3 15.
22.039 3 ATTITUDE 0.00625 -3.12906 0.131277
22.128 3 LINK_REPORT 3 -1 22 0 21695 913 0 1007. 43. 5 46.86
22.135 3 ATTITUDE 0.006269 -3.128976 0.131256
22.199 3 DESIRED 0.36 0.1 0.8 60. 60. 2595. 3.3 15.
22.232 3 ESTIMATOR 2576.705566 0.040367
22.248 3 GPS 0 0 0 0 0 0 0 0 0 0 0
22.249 3 SVINFO 0 0 0 0 0 0 0
22.250 3 ATTITUDE 0.006248 -3.128865 0.131199
22.327 3 WP_MOVED 1 649123. 5253077. 2595. 32
22.343 3 ATTITUDE 0.006215 -3.128777 0.131184
22.344 3 IMU_ACCEL 1 1.241211 -0.038086 -9.547852
22.359 3 IMU_GYRO 1 -0.029053 0.02417 -0.040771
22.408 3 DESIRED 0.36 0.1 0.8 60. 60. 2595. 3.3 15.
22.423 3 SHT_STATUS 0 0 0.1 -39.66
22.440 3 ATTITUDE 0.006184 -3.128641 0.131162
22.488 3 GPS 0 0 0 0 0 0 0 0 0 0 0
22.489 3 SVINFO 0 0 0 0 0 0 0
22.503 3 IMU_MAG 0 0. 0. 0.
22.535 3 ATTITUDE 0.006168 -3.128551 0.131161
22.567 3 AIRSPEED 0. 0. 0. 0.
22.600 3 DESIRED 0.36 0.1 0.8 60. 60. 2595. 3.3 15.
22.635 3 ATTITUDE 0.00616 -3.128446 0.131159
22.728 3 ESTIMATOR 2576.669922 0.006919
22.754 3 GPS 0 0 0 0 0 0 0 0 0 0 0
22.755 3 SVINFO 0 0 0 0 0 0 0
22.756 3 ATTITUDE 0.006162 -3.128349 0.131168
22.769 3 CIRCLE 0. 0. -60.
22.802 3 DESIRED 0.36 0.1 0.8 60. 60. 2595. 3.3 15.
22.817 3 WP_MOVED 2 649046.125 5253124. 2595. 32
22.849 3 ATTITUDE 0.006185 -3.128239 0.131162
22.865 3 ENERGY 0 11.44225 0. 0. 0. 0. 0.
22.882 3 NAVIGATION 9 0 0. 0. 0. 0. 0 29 29 1 0 0
22.897 3 DATALINK_REPORT 3 5 0 972 0 0
22.929 3 SHT_STATUS 0 0 0.1 -39.66
22.945 3 ATTITUDE 0.006188 -3.128113 0.131137
22.962 3 IMU_GYRO 1 -0.029053 0.025635 -0.040771
22.977 3 FBW_STATUS 2 0 1 11.44225 0.
23.009 3 GPS 0 0 0 0 0 0 0 0 0 0 0
23.010 3 SVINFO 0 0 0 0 0 0 0
23.010 3 DESIRED 0.36 0.1 0.8 60. 60. 2595. 3.3 15.
23.040 3 ATTITUDE 0.006161 -3.127995 0.131162
23.124 3 LINK_REPORT 3 -1 23 0 22649 952 0 954. 39. 5 46.86
23.145 3 ATTITUDE 0.006139 -3.127878 0.131162
23.145 3 IMU_ACCEL 1 1.260742 -0.071289 -9.585938
23.202 3 DESIRED 0.36 0.1 0.8 60. 60. 2595. 3.3 15.
23.232 3 DL_VALUE 19 0.
23.233 3 ESTIMATOR 2576.425049 -0.120241
23.261 3 GPS 0 0 0 0 0 0 0 0 0 0 0
23.262 3 SVINFO 0 0 0 0 0 0 0
23.263 3 ATTITUDE 0.006189 -3.127762 0.131128
23.325 3 WP_MOVED 0 649123. 5253077. 2595. 32
23.341 3 ATTITUDE 0.006191 -3.12762 0.131124
23.404 3 DESIRED 0.36 0.1 0.8 60. 60. 2595. 3.3 15.
23.420 3 CALIBRATION -150. 0
23.436 3 SHT_STATUS 0 0 0.1 -39.66
23.436 3 ATTITUDE 0.006229 -3.127502 0.131117
23.484 3 GPS 0 0 0 0 0 0 0 0 0 0 0
23.485 3 SVINFO 0 0 0 0 0 0 0
23.517 3 STATE_FILTER_STATUS 6 3 0
23.532 3 ATTITUDE 0.006263 -3.127391 0.131113
23.549 3 IMU_GYRO 1 -0.029053 0.02417 -0.040771
23.581 3 GPS_SOL 0 0 0 0
23.582 3 AIRSPEED 0. 0. 0. 0.
23.597 3 DESIRED 0.36 0.1 0.8 60. 60. 2595. 3.4 15.
23.635 3 ATTITUDE 0.00626 -3.127287 0.131077
23.752 3 ESTIMATOR 2576.295898 -0.16793
23.753 3 GPS 0 0 0 0 0 0 0 0 0 0 0
23.754 3 SVINFO 0 0 0 0 0 0 0
23.754 3 ATTITUDE 0.00629 -3.127194 0.131086
23.768 3 FBW_STATUS 2 0 1 11.436065 0.
23.800 3 IMU_MAG 0 0. 0. 0.
23.816 3 DESIRED 0.36 0.1 0.8 60. 60. 2595. 3.4 15.
23.832 3 CIRCLE 0. 0. -60.
23.832 3 WP_MOVED 1 649123. 5253077. 2595. 32
23.848 3 ATTITUDE 0.006314 -3.127076 0.131044
23.880 3 NAVIGATION 9 0 0. 0. 0. 0. 0 30 30 1 0 0
23.882 3 COMMANDS 0,3137,-409
23.928 3 SHT_STATUS 0 0 0.1 -39.66
23.960 3 ATTITUDE 0.006324 -3.126941 0.131015
23.961 3 IMU_ACCEL 1 1.241211 -0.02832 -9.552734
23.976 3 ENERGY 0 11.44225 0. 0. 0. 0. 0.
24.002 3 NAVIGATION_REF 649123 5253077 32 2575.
24.003 3 GPS 0 0 0 0 0 0 0 0 0 0 0
24.004 3 SVINFO 0 0 0 0 0 0 0
24.005 3 DESIRED 0.36 0.1 0.8 60. 60. 2595. 3.4 15.
24.034 3 ATTITUDE 0.006378 -3.126817 0.131023
24.125 3 LINK_REPORT 3 -1 24 0 23677 996 0 1028. 44. 5 46.86
24.135 3 ATTITUDE 0.006378 -3.126669 0.131006
24.162 3 IMU_GYRO 1 -0.028076 0.025146 -0.041504
24.210 3 DESIRED 0.36 0.1 0.8 60. 60. 2595. 3.4 15.
24.253 3 ESTIMATOR 2576.209229 -0.158938
24.255 3 GPS 0 0 0 0 0 0 0 0 0 0 0
24.256 3 SVINFO 0 0 0 0 0 0 0
24.258 3 ATTITUDE 0.006393 -3.12658 0.13098
24.333 3 WP_MOVED 2 649046.125 5253124. 2595. 32
24.349 3 ATTITUDE 0.006384 -3.126474 0.130985
24.397 3 DESIRED 0.36 0.1 0.8 60. 60. 2595. 3.4 15.
24.456 3 LOGGER_STATUS 1 0 0 PPRZ\pprzlog_0123.LOG,FLIGHT_RECORDER\fr_0127.LOG
24.457 3 SHT_STATUS 0 0 0.1 -39.66
24.458 3 ATTITUDE 0.006403 -3.126342 0.130978
24.487 3 GPS 0 0 0 0 0 0 0 0 0 0 0
24.488 3 SVINFO 0 0 0 0 0 0 0
24.535 3 ATTITUDE 0.006415 -3.126212 0.130956
24.583 3 AIRSPEED 0. 0. 0. 0.
24.600 3 DESIRED 0.36 0.1 0.8 60. 60. 2595. 3.4 15.
24.636 3 ATTITUDE 0.006416 -3.126081 0.130927
24.770 3 DL_VALUE 20 0.
24.770 3 ESTIMATOR 2576.274902 -0.082057
24.771 3 GPS 0 0 0 0 0 0 0 0 0 0 0
24.772 3 SVINFO 0 0 0 0 0 0 0
24.773 3 ATTITUDE 0.006415 -3.125974 0.130885
24.773 3 IMU_ACCEL 1 1.244141 -0.05957 -9.595703
24.774 3 IMU_GYRO 1 -0.029785 0.02417 -0.041504
24.803 3 DESIRED 0.36 0.1 0.8 60. 60. 2595. 3.4 15.
24.834 3 WP_MOVED 0 649123. 5253077. 2595. 32
24.850 3 ATTITUDE 0.006392 -3.125856 0.130876
24.882 3 CIRCLE 0. 0. -60.
24.899 3 NAVIGATION 9 0 0. 0. 0. 0. 0 31 31 1 0 0
24.900 3 ACTUATORS 1040,1362,1394
24.930 3 SHT_STATUS 0 0 0.1 -39.66
24.946 3 ATTITUDE 0.006397 -3.125729 0.130843
24.979 3 FBW_STATUS 2 0 1 11.44225 0.
25.011 3 GPS 0 0 0 0 0 0 0 0 0 0 0
25.011 3 SVINFO 0 0 0 0 0 0 0
25.012 3 DESIRED 0.36 0.1 0.8 60. 60. 2595. 3.3 15.
25.041 3 ATTITUDE 0.006413 -3.125583 0.130844
25.058 3 ENERGY 0 11.44225 0. 0. 0. 0. 0.
25.089 3 IMU_MAG 0 0. 0. 0.
25.125 3 LINK_REPORT 3 -1 25 0 24704 1037 0 1027. 41. 5 46.86
25.141 3 ATTITUDE 0.006416 -3.125461 0.130812
25.201 3 DESIRED 0.36 0.1 0.8 60. 60. 2595. 3.3 15.
25.233 3 PPRZ_MODE 2 3 3 2 0 4
25.260 3 ESTIMATOR 2576.487549 0.051588
25.261 3 GPS 0 0 0 0 0 0 0 0 0 0 0
25.262 3 SVINFO 0 0 0 0 0 0 0
25.263 3 ATTITUDE 0.006426 -3.125328 0.13077
25.324 3 WP_MOVED 1 649123. 5253077. 2595. 32
25.340 3 ATTITUDE 0.006442 -3.125188 0.130783
25.356 3 IMU_GYRO 1 -0.029053 0.024658 -0.041504
25.405 3 DESIRED 0.36 0.1 0.8 60. 60. 2595. 3.3 15.
25.436 3 SHT_STATUS 0 0 0.1 -39.66
25.453 3 ALIVE 8,144,6,66,11,198,81,189,7,217,216,157,220,111,57,170
25.454 3 ATTITUDE 0.006442 -3.125049 0.130806
25.485 3 GPS 0 0 0 0 0 0 0 0 0 0 0
25.486 3 SVINFO 0 0 0 0 0 0 0
25.500 3 CALIBRATION -150. 0
25.532 3 ATTITUDE 0.006456 -3.124921 0.130817
25.548 3 IMU_ACCEL 1 1.277344 -0.05957 -9.561523
25.580 3 GPS_SOL 0 0 0 0
25.581 3 AIRSPEED 0. 0. 0. 0.
25.596 3 DESIRED 0.36 0.1 0.8 60. 60. 2595. 3.3 15.
25.644 3 ATTITUDE 0.006462 -3.12481 0.130798
25.660 3 PONG 
25.708 3 STATE_FILTER_STATUS 6 3 0
25.753 3 ESTIMATOR 2576.622559 0.115463
25.755 3 GPS 0 0 0 0 0 0 0 0 0 0 0
25.756 3 SVINFO 0 0 0 0 0 0 0
25.757 3 ATTITUDE 0.006469 -3.1247 0.130789
25.769 3 FBW_STATUS 2 0 1 11.44225 0.
25.802 3 DESIRED 0.36 0.1 0.8 60. 60. 2595. 3.3 15.
25.834 3 WP_MOVED 2 649046.125 5253124. 2595. 32
25.849 3 ATTITUDE 0.006477 -3.124584 0.130778
25.882 3 NAVIGATION 9 0 0. 0. 0. 0. 0 32 32 1 0 0
25.930 3 CIRCLE 0. 0. -60.
25.945 3 SHT_STATUS 0 0 0.1 -39.66
25.946 3 ATTITUDE 0.00649 -3.124469 0.130775
25.961 3 IMU_GYRO 1 -0.028564 0.023682 -0.040283
25.978 3 GPS 0 0 0 0 0 0 0 0 0 0 0
25.993 3 SVINFO 0 0 0 0 0 0 0
26.009 3 DESIRED 0.36 0.1 0.8 60. 60. 2595. 3.3 15.
26.041 3 ATTITUDE 0.00651 -3.124309 0.130763
26.091 3 WIND_INFO 3 5 0. 0. 0. 0.
26.126 3 LINK_REPORT 3 -1 26 0 25676 1079 0 972. 42. 7 50.82
26.138 3 ATTITUDE 0.006507 -3.124197 0.13075
26.154 3 ENERGY 0 11.44225 0. 0. 0. 0. 0.
26.202 3 DESIRED 0.36 0.1 0.8 60. 60. 2595. 3.3 15.
26.263 3 DL_VALUE 21 0.
26.264 3 ESTIMATOR 2576.820801 0.18571
26.267 3 GPS 0 0 0 0 0 0 0 0 0 0 0
26.269 3 SVINFO 0 0 0 0 0 0 0
26.270 3 ATTITUDE 0.006544 -3.124099 0.130776
26.327 3 WP_MOVED 0 649123. 5253077. 2595. 32
26.342 3 ATTITUDE 0.006524 -3.123961 0.130777
26.343 3 IMU_ACCEL 1 1.260742 -0.047852 -9.579102
26.407 3 IMU_MAG 0 0. 0. 0.
26.408 3 DESIRED 0.36 0.1 0.8 60. 60. 2595. 3.3 15.
26.439 3 SHT_STATUS 0 0 0.1 -39.66
26.439 3 ATTITUDE 0.006537 -3.123832 0.130747
26.487 3 GPS 0 0 0 0 0 0 0 0 0 0 0
26.488 3 SVINFO 0 0 0 0 0 0 0
26.535 3 ATTITUDE 0.006513 -3.12376 0.13072
26.550 3 IMU_GYRO 1 -0.028564 0.025146 -0.041504
26.583 3 AIRSPEED 0. 0. 0. 0.
26.599 3 DESIRED 0.36 0.1 0.8 60. 60. 2595. 3.3 15.
26.637 3 ATTITUDE 0.006512 -3.123622 0.130702
26.752 3 ESTIMATOR 2576.802979 0.133223
26.754 3 GPS 0 0 0 0 0 0 0 0 0 0 0
26.755 3 SVINFO 0 0 0 0 0 0 0
26.756 3 ATTITUDE 0.006505 -3.123495 0.130707
26.801 3 DESIRED 0.36 0.1 0.8 60. 60. 2595. 3.3 15.
26.833 3 WP_MOVED 1 649123. 5253077. 2595. 32
26.848 3 ATTITUDE 0.006527 -3.123346 0.130691
26.880 3 COMMANDS 0,3135,-443
26.882 3 NAVIGATION 9 0 0. 0. 0. 0. 0 33 33 1 0 0
26.929 3 SHT_STATUS 0 0 0.1 -39.66
26.944 3 ATTITUDE 0.006526 -3.123201 0.130703
27.016 3 FBW_STATUS 2 0 1 11.436065 0.
27.017 3 CIRCLE 0. 0. -60.
27.024 3 GPS 0 0 0 0 0 0 0 0 0 0 0
27.025 3 SVINFO 0 0 0 0 0 0 0
27.026 3 DESIRED 0.36 0.1 0.8 60. 60. 2595. 3.3 15.
27.032 3 ATTITUDE 0.006541 -3.123069 0.130707
27.127 3 LINK_REPORT 3 -1 27 0 26618 1118 0 942. 39. 7 50.82
27.144 3 ATTITUDE 0.006572 -3.122949 0.130678
27.144 3 IMU_ACCEL 1 1.275391 -0.056641 -9.587891
27.159 3 IMU_GYRO 1 -0.028076 0.02417 -0.041504
27.207 3 DESIRED 0.36 0.1 0.8 60. 60. 2595. 3.3 15.
27.251 3 ESTIMATOR 2576.707031 0.03827
27.252 3 GPS 0 0 0 0 0 0 0 0 0 0 0
27.254 3 SVINFO 0 0 0 0 0 0 0
27.254 3 ATTITUDE 0.006597 -3.122813 0.130669
27.268 3 ENERGY 0 11.44225 0. 0. 0. 0. 0.
27.332 3 WP_MOVED 2 649046.125 5253124. 2595. 32
27.333 3 ATTITUDE 0.006599 -3.122678 0.130653
27.396 3 DESIRED 0.36 0.1 0.8 60. 60. 2595. 3.3 15.
27.444 3 SHT_STATUS 0 0 0.1 -39.66
27.445 3 ATTITUDE 0.006609 -3.122525 0.130637
27.476 3 GPS 0 0 0 0 0 0 0 0 0 0 0
27.492 3 SVINFO 0 0 0 0 0 0 0
27.540 3 ATTITUDE 0.006588 -3.122434 0.130619
27.572 3 GPS_SOL 0 0 0 0
27.588 3 AIRSPEED 0. 0. 0. 0.
27.604 3 DESIRED 0.36 0.1 0.8 60. 60. 2595. 3.3 15.
27.619 3 CALIBRATION -150. 0
27.637 3 ATTITUDE 0.006602 -3.122287 0.130569
27.699 3 IMU_MAG 0 0. 0. 0.
27.732 3 DL_VALUE 22 0.
27.763 3 ESTIMATOR 2576.724365 0.036407
27.765 3 GPS 0 0 0 0 0 0 0 0 0 0 0
27.766 3 SVINFO 0 0 0 0 0 0 0
27.767 3 ATTITUDE 0.006636 -3.122135 0.130539
27.768 3 IMU_GYRO 1 -0.028564 0.025146 -0.041504
27.779 3 FBW_STATUS 2 0 1 11.44225 0.
27.795 3 AUTOPILOT_VERSION 60400 v6.4.0_stable
27.810 3 DESIRED 0.36 0.1 0.8 60. 60. 2595. 3.3 15.
27.827 3 WP_MOVED 0 649123. 5253077. 2595. 32
27.842 3 ATTITUDE 0.006664 -3.122005 0.130493
27.875 3 NAVIGATION 9 0 0. 0. 0. 0. 0 34 34 1 0 0
27.907 3 STATE_FILTER_STATUS 6 3 0
27.939 3 SHT_STATUS 0 0 0.1 -39.66
27.940 3 ATTITUDE 0.00667 -3.121875 0.130521
27.955 3 IMU_ACCEL 1 1.262695 -0.05957 -9.547852
27.987 3 GPS 0 0 0 0 0 0 0 0 0 0 0
27.988 3 SVINFO 0 0 0 0 0 0 0
28.003 3 DATALINK_REPORT 2 7 0 49665 0 0
28.004 3 DESIRED 0.36 0.1 0.8 60. 60. 2595. 3.3 15.
28.019 3 CIRCLE 0. 0. -60.
28.035 3 ATTITUDE 0.00669 -3.121691 0.130546
28.127 3 LINK_REPORT 3 -1 28 0 27676 1163 0 1058. 45. 7 50.82
28.143 3 ATTITUDE 0.006714 -3.121555 0.130543
28.211 3 DESIRED 0.36 0.1 0.8 60. 60. 2595. 3.3 15.
28.253 3 ESTIMATOR 2576.711914 0.020234
28.254 3 GPS 0 0 0 0 0 0 0 0 0 0 0
28.255 3 SVINFO 0 0 0 0 0 0 0
28.256 3 ATTITUDE 0.006705 -3.121426 0.130527
28.333 3 WP_MOVED 1 649123. 5253077. 2595. 32
28.334 3 ATTITUDE 0.006684 -3.121319 0.130543
28.365 3 ENERGY 0 11.436065 0. 0. 0. 0. 0.
28.366 3 IMU_GYRO 1 -0.028076 0.02417 -0.041504
28.397 3 DESIRED 0.36 0.1 0.8 60. 60. 2595. 3.3 15.
28.429 3 SHT_STATUS 0 0 0.1 -39.66
28.445 3 ATTITUDE 0.006692 -3.121159 0.13053
28.477 3 GPS 0 0 0 0 0 0 0 0 0 0 0
28.493 3 SVINFO 0 0 0 0 0 0 0
28.541 3 ATTITUDE 0.006701 -3.121042 0.130524
28.574 3 AIRSPEED 0. 0. 0. 0.
28.606 3 DESIRED 0.36 0.1 0.8 60. 60. 2595. 3.3 15.
28.640 3 ATTITUDE 0.006719 -3.120904 0.130528
28.733 3 ESTIMATOR 2576.559814 -0.066038
28.760 3 GPS 0 0 0 0 0 0 0 0 0 0 0
28.762 3 SVINFO 0 0 0 0 0 0 0
28.763 3 ATTITUDE 0.006703 -3.120766 0.13052
28.763 3 IMU_ACCEL 1 1.272461 -0.056641 -9.576172
28.809 3 DESIRED 0.36 0.1 0.8 60. 60. 2595. 3.3 15.
28.824 3 WP_MOVED 2 649046.125 5253124. 2595. 32
28.840 3 ATTITUDE 0.006754 -3.120627 0.130519
28.889 3 NAVIGATION 9 0 0. 0. 0. 0. 0 35 35 1 0 0
28.891 3 COMMANDS 0,3133,-413
28.937 3 SHT_STATUS 0 0 0.1 -39.66
28.938 3 ATTITUDE 0.006784 -3.120446 0.130473
28.952 3 IMU_GYRO 1 -0.029053 0.02417 -0.040283
28.999 3 FBW_STATUS 2 0 1 11.44225 0.
29.000 3 GPS 0 0 0 0 0 0 0 0 0 0 0
29.001 3 SVINFO 0 0 0 0 0 0 0
29.002 3 IMU_MAG 0 0. 0. 0.
29.015 3 DESIRED 0.36 0.1 0.8 60. 60. 2595. 3.4 15.
29.031 3 ATTITUDE 0.006781 -3.120257 0.130466
29.079 3 CIRCLE 0. 0. -60.
29.127 3 LINK_REPORT 3 -1 29 0 28626 1202 0 950. 39. 7 50.82
29.143 3 ATTITUDE 0.006792 -3.120106 0.130446
29.207 3 DESIRED 0.36 0.1 0.8 60. 60. 2595. 3.4 15.
29.254 3 DL_VALUE 23 0.
29.255 3 ESTIMATOR 2576.339844 -0.153807
29.256 3 GPS 0 0 0 0 0 0 0 0 0 0 0
29.258 3 SVINFO 0 0 0 0 0 0 0
29.259 3 ATTITUDE 0.006821 -3.120002 0.130434
29.335 3 WP_MOVED 0 649123. 5253077. 2595. 32
29.336 3 ATTITUDE 0.006793 -3.119859 0.130419
29.398 3 DESIRED 0.36 0.1 0.8 60. 60. 2595. 3.4 15.
29.431 3 SHT_STATUS 0 0 0.1 -39.66
29.446 3 ATTITUDE 0.006793 -3.1197 0.130422
29.462 3 ENERGY 0 11.44225 0. 0. 0. 0. 0.
29.478 3 GPS 0 0 0 0 0 0 0 0 0 0 0
29.480 3 SVINFO 0 0 0 0 0 0 0
29.539 3 LOGGER_STATUS 1 0 32768 PPRZ\pprzlog_0123.LOG,FLIGHT_RECORDER\fr_0127.LOG
29.540 3 ATTITUDE 0.00676 -3.11958 0.130442
29.541 3 IMU_ACCEL 1 1.260742 -0.051758 -9.592773
29.554 3 IMU_GYRO 1 -0.028564 0.024658 -0.040771
29.586 3 GPS_SOL 0 0 0 0
29.587 3 AIRSPEED 0. 0. 0. 0.
29.603 3 DESIRED 0.36 0.1 0.8 60. 60. 2595. 3.4 15.
29.645 3 ATTITUDE 0.006766 -3.119406 0.130423
29.698 3 CALIBRATION -150. 0
29.730 3 ESTIMATOR 2576.325684 -0.12982
29.747 3 GPS 0 0 0 0 0 0 0 0 0 0 0
29.748 3 SVINFO 0 0 0 0 0 0 0
29.749 3 ATTITUDE 0.006775 -3.119291 0.130422
29.778 3 FBW_STATUS 2 0 1 11.436065 0.
29.811 3 DESIRED 0.36 0.1 0.8 60. 60. 2595. 3.4 15.
29.826 3 WP_MOVED 1 649123. 5253077. 2595. 32
29.842 3 ATTITUDE 0.006762 -3.119143 0.130424
29.891 3 NAVIGATION 9 0 0. 0. 0. 0. 0 36 36 1 0 0
29.892 3 ACTUATORS 1040,1363,1394
29.939 3 SHT_STATUS 0 0 0.1 -39.66
29.939 3 ATTITUDE 0.006766 -3.119025 0.130437
29.987 3 GPS 0 0 0 0 0 0 0 0 0 0 0
29.988 3 SVINFO 0 0 0 0 0 0 0
30.003 3 DESIRED 0.36 0.1 0.8 60. 60. 2595. 3.4 15.
30.035 3 ATTITUDE 0.006764 -3.118891 0.130438
30.114 3 STATE_FILTER_STATUS 6 3 0
30.128 3 LINK_REPORT 3 -1 30 0 29635 1243 0 1009. 41. 7 50.82
30.131 3 PPRZ_MODE 2 3 3 2 0 4
30.144 3 CIRCLE 0. 0. -60.
30.146 3 ATTITUDE 0.006746 -3.118755 0.130454
30.162 3 IMU_GYRO 1 -0.028564 0.025146 -0.041504
30.194 3 DESIRED 0.36 0.1 0.8 60. 60. 2595. 3.4 15.
30.252 3 ESTIMATOR 2576.143555 -0.186367
30.256 3 GPS 0 0 0 0 0 0 0 0 0 0 0
30.258 3 SVINFO 0 0 0 0 0 0 0
30.259 3 ATTITUDE 0.006761 -3.118606 0.130445
30.300 3 IMU_MAG 0 0. 0. 0.
30.333 3 WP_MOVED 2 649046.125 5253124. 2595. 32
30.348 3 ATTITUDE 0.006743 -3.118455 0.130461
30.349 3 IMU_ACCEL 1 1.234375 -0.033203 -9.574219
30.397 3 DESIRED 0.36 0.1 0.8 60. 60. 2595. 3.4 15.
30.429 3 SHT_STATUS 0 0 0.1 -39.66
30.444 3 ATTITUDE 0.006725 -3.118294 0.130437
30.493 3 GPS 0 0 0 0 0 0 0 0 0 0 0
30.495 3 SVINFO 0 0 0 0 0 0 0
30.525 3 ALIVE 8,144,6,66,11,198,81,189,7,217,216,157,220,111,57,170
30.540 3 ATTITUDE 0.00674 -3.118165 0.130421
30.557 3 ENERGY 0 11.41751 0. 0. 0. 0. 0.
30.572 3 AIRSPEED 0. 0. 0. 0.
30.605 3 DESIRED 0.36 0.1 0.8 60. 60. 2595. 3.4 15.
30.645 3 ATTITUDE 0.006742 -3.118026 0.130449
30.652 3 PONG 
30.732 3 DL_VALUE 24 0.
30.733 3 ESTIMATOR 2576.14624 -0.143485
30.763 3 GPS 0 0 0 0 0 0 0 0 0 0 0
30.764 3 SVINFO 0 0 0 0 0 0 0
30.764 3 ATTITUDE 0.006748 -3.117897 0.130462
30.765 3 IMU_GYRO 1 -0.028076 0.02417 -0.040771
30.811 3 DESIRED 0.36 0.1 0.8 60. 60. 2595. 3.4 15.
30.827 3 WP_MOVED 0 649123. 5253077. 2595. 32
30.842 3 ATTITUDE 0.006725 -3.117732 0.130452
30.875 3 NAVIGATION 9 0 0. 0. 0. 0. 0 37 37 1 0 0
30.939 3 SHT_STATUS 0 0 0.1 -39.66
30.955 3 ATTITUDE 0.006739 -3.11762 0.130446
31.000 3 FBW_STATUS 2 0 1 11.436065 0.
31.001 3 GPS 0 0 0 0 0 0 0 0 0 0 0
31.003 3 SVINFO 0 0 0 0 0 0 0
31.005 3 DESIRED 0.36 0.1 0.8 60. 60. 2595. 3.4 15.
31.032 3 ATTITUDE 0.006765 -3.117493 0.130418
31.129 3 LINK_REPORT 3 -1 31 0 30630 1285 0 995. 42. 8 42.74
31.146 3 ATTITUDE 0.006799 -3.11736 0.130394
31.147 3 IMU_ACCEL 1 1.272461 -0.030273 -9.581055
31.175 3 CIRCLE 0. 0. -60.
31.207 3 DESIRED 0.36 0.1 0.8 60. 60. 2595. 3.4 15.
31.252 3 ESTIMATOR 2576.11499 -0.111123
31.253 3 GPS 0 0 0 0 0 0 0 0 0 0 0
31.254 3 SVINFO 0 0 0 0 0 0 0
31.255 3 ATTITUDE 0.006808 -3.117235 0.130401
31.332 3 WP_MOVED 1 649123. 5253077. 2595. 32
31.333 3 ATTITUDE 0.006798 -3.117125 0.130385
31.347 3 IMU_GYRO 1 -0.028564 0.023682 -0.041504
31.397 3 DESIRED 0.36 0.1 0.8 60. 60. 2595. 3.4 15.
31.444 3 SHT_STATUS 0 0 0.1 -39.66
31.445 3 ATTITUDE 0.006807 -3.116992 0.130362
31.492 3 GPS 0 0 0 0 0 0 0 0 0 0 0
31.493 3 SVINFO 0 0 0 0 0 0 0
31.540 3 ATTITUDE 0.006786 -3.116825 0.130354
31.588 3 GPS_SOL 0 0 0 0
31.596 3 AIRSPEED 0. 0. 0. 0.
31.604 3 IMU_MAG 0 0. 0. 0.
31.605 3 DESIRED 0.36 0.1 0.8 60. 60. 2595. 3.4 15.
31.644 3 ATTITUDE 0.006792 -3.116682 0.130355
31.668 3 ENERGY 0 11.436065 0. 0. 0. 0. 0.
31.732 3 ESTIMATOR 2576.25415 -0.008697
31.748 3 GPS 0 0 0 0 0 0 0 0 0 0 0
31.749 3 SVINFO 0 0 0 0 0 0 0
31.750 3 ATTITUDE 0.006783 -3.116545 0.130348
31.780 3 FBW_STATUS 2 0 1 11.436065 0.
31.796 3 DESIRED 0.36 0.1 0.8 60. 60. 2595. 3.4 15.
31.812 3 CALIBRATION -150. 0
31.828 3 WP_MOVED 2 649046.125 5253124. 2595. 32
31.844 3 ATTITUDE 0.006796 -3.11638 0.130337
31.876 3 COMMANDS 0,3133,-399
31.892 3 NAVIGATION 9 0 0. 0. 0. 0. 0 38 38 1 0 0
31.940 3 SHT_STATUS 0 0 0.1 -39.66
31.944 3 ATTITUDE 0.00679 -3.116232 0.130307
31.944 3 IMU_ACCEL 1 1.267578 -0.081055 -9.569336
31.956 3 IMU_GYRO 1 -0.028076 0.023682 -0.040283
31.988 3 GPS 0 0 0 0 0 0 0 0 0 0 0
31.990 3 SVINFO 0 0 0 0 0 0 0
32.005 3 DESIRED 0.36 0.1 0.8 60. 60. 2595. 3.4 15.
32.036 3 ATTITUDE 0.006806 -3.116113 0.130298
32.129 3 LINK_REPORT 3 -1 32 0 31633 1327 0 1003. 42. 8 42.74
32.132 3 ATTITUDE 0.006819 -3.116002 0.130267
32.196 3 DESIRED 0.36 0.1 0.8 60. 60. 2595. 3.4 15.
32.254 3 DL_VALUE 25 140.
32.255 3 CIRCLE 0. 0. -60.
32.256 3 ESTIMATOR 2576.137451 -0.070353
32.260 3 GPS 0 0 0 0 0 0 0 0 0 0 0
32.262 3 SVINFO 0 0 0 0 0 0 0
32.263 3 ATTITUDE 0.006824 -3.11586 0.13024
32.318 3 STATE_FILTER_STATUS 6 3 0
32.334 3 WP_MOVED 0 649123. 5253077. 2595. 32
32.350 3 ATTITUDE 0.006833 -3.115688 0.130183
32.398 3 DESIRED 0.36 0.1 0.8 60. 60. 2595. 3.4 15.
32.430 3 SHT_STATUS 0 0 0.1 -39.66
32.446 3 ATTITUDE 0.006833 -3.115507 0.130217
32.478 3 GPS 0 0 0 0 0 0 0 0 0 0 0
32.494 3 SVINFO 0 0 0 0 0 0 0
32.526 3 ATTITUDE 0.00681 -3.115364 0.130213
32.558 3 IMU_GYRO 1 -0.028564 0.02417 -0.040771
32.574 3 AIRSPEED 0. 0. 0. 0.
32.607 3 DESIRED 0.36 0.1 0.8 60. 60. 2595. 3.4 15.
32.647 3 ATTITUDE 0.006826 -3.115211 0.130195
32.734 3 ESTIMATOR 2576.167969 -0.03956
32.765 3 GPS 0 0 0 0 0 0 0 0 0 0 0
32.767 3 SVINFO 0 0 0 0 0 0 0
32.768 3 ATTITUDE 0.006802 -3.115079 0.130178
32.768 3 IMU_ACCEL 1 1.282227 -0.071289 -9.609375
32.769 3 ENERGY 0 11.44225 0. 0. 0. 0. 0.
32.797 3 DESIRED 0.36 0.1 0.8 60. 60. 2595. 3.4 15.
32.829 3 WP_MOVED 1 649123. 5253077. 2595. 32
32.845 3 ATTITUDE 0.006782 -3.114964 0.130155
32.878 3 NAVIGATION 9 0 0. 0. 0. 0. 0 39 39 1 0 0
32.893 3 IMU_MAG 0 0. 0. 0.
32.941 3 SHT_STATUS 0 0 0.1 -39.66
32.942 3 ATTITUDE 0.006766 -3.114789 0.130141
33.015 3 NAVIGATION_REF 649123 5253077 32 2575.
33.016 3 FBW_STATUS 2 0 1 11.44225 0.
33.020 3 GPS 0 0 0 0 0 0 0 0 0 0 0
33.021 3 SVINFO 0 0 0 0 0 0 0
33.022 3 DESIRED 0.36 0.1 0.8 60. 60. 2595. 3.4 15.
33.031 3 ATTITUDE 0.006782 -3.114621 0.130119
33.079 3 DATALINK_REPORT 3 8 0 50365 0 0
33.127 3 ATTITUDE 0.006804 -3.114476 0.130096
33.130 3 LINK_REPORT 3 -1 33 0 32632 1369 0 999. 42. 8 42.74
33.160 3 IMU_GYRO 1 -0.028564 0.024658 -0.040771
33.207 3 DESIRED 0.36 0.1 0.8 60. 60. 2595. 3.4 15.
33.253 3 ESTIMATOR 2576.299805 0.043641
33.253 3 GPS 0 0 0 0 0 0 0 0 0 0 0
33.255 3 SVINFO 0 0 0 0 0 0 0
33.256 3 ATTITUDE 0.00679 -3.114335 0.130074
33.268 3 CIRCLE 0. 0. -60.
33.332 3 WP_MOVED 2 649046.125 5253124. 2595. 32
33.348 3 ATTITUDE 0.006805 -3.114166 0.130048
33.397 3 DESIRED 0.36 0.1 0.8 60. 60. 2595. 3.4 15.
33.429 3 SHT_STATUS 0 0 0.1 -39.66
33.444 3 ATTITUDE 0.006806 -3.114001 0.130009
33.477 3 GPS 0 0 0 0 0 0 0 0 0 0 0
33.493 3 SVINFO 0 0 0 0 0 0 0
33.540 3 ATTITUDE 0.006775 -3.113852 0.130023
33.542 3 IMU_ACCEL 1 1.249023 -0.042969 -9.566406
33.572 3 GPS_SOL 0 0 0 0
33.588 3 AIRSPEED 0. 0. 0. 0.
33.605 3 DESIRED 0.36 0.1 0.8 60. 60. 2595. 3.3 15.
33.646 3 ATTITUDE 0.006762 -3.11369 0.129996
33.732 3 DL_VALUE 26 0.
33.732 3 ESTIMATOR 2576.490479 0.14562
33.762 3 GPS 0 0 0 0 0 0 0 0 0 0 0
33.764 3 SVINFO 0 0 0 0 0 0 0
33.764 3 ATTITUDE 0.006737 -3.113575 0.129967
33.765 3 IMU_GYRO 1 -0.028564 0.024658 -0.040771
33.778 3 FBW_STATUS 2 0 1 11.448435 0.
33.794 3 DESIRED 0.36 0.1 0.8 60. 60. 2595. 3.3 15.
33.826 3 WP_MOVED 0 649123. 5253077. 2595. 32
33.842 3 ATTITUDE 0.006744 -3.11342 0.129978
33.858 3 ENERGY 0 11.448435 0. 0. 0. 0. 0.
33.891 3 NAVIGATION 9 0 0. 0. 0. 0. 0 40 40 1 0 0
33.892 3 COMMANDS 0,3133,-406
33.906 3 CALIBRATION -150. 0
33.939 3 SHT_STATUS 0 0 0.1 -39.66
33.939 3 ATTITUDE 0.006755 -3.113234 0.129989
33.987 3 GPS 0 0 0 0 0 0 0 0 0 0 0
33.988 3 SVINFO 0 0 0 0 0 0 0
34.003 3 DESIRED 0.36 0.1 0.8 60. 60. 2595. 3.3 15.
34.035 3 ATTITUDE 0.006749 -3.11307 0.129957
34.131 3 ATTITUDE 0.006735 -3.112923 0.129946
34.132 3 LINK_REPORT 3 -1 34 0 33606 1410 0 974. 41. 8 42.74
34.210 3 IMU_MAG 0 0. 0. 0.
34.211 3 DESIRED 0.36 0.1 0.8 60. 60. 2595. 3.3 15.
34.254 3 ESTIMATOR 2576.459473 0.086926
34.255 3 GPS 0 0 0 0 0 0 0 0 0 0 0
34.257 3 SVINFO 0 0 0 0 0 0 0
34.258 3 ATTITUDE 0.00674 -3.112751 0.12993
34.333 3 CIRCLE 0. 0. -60.
34.334 3 WP_MOVED 1 649123. 5253077. 2595. 32
34.349 3 ATTITUDE 0.00674 -3.112593 0.12992
34.350 3 IMU_ACCEL 1 1.262695 -0.056641 -9.585938
34.365 3 IMU_GYRO 1 -0.028564 0.02417 -0.040283
34.398 3 DESIRED 0.36 0.1 0.8 60. 60. 2595. 3.3 15.
34.430 3 SHT_STATUS 0 0 0.1 -39.66
34.446 3 ATTITUDE 0.006738 -3.112433 0.129882
34.478 3 GPS 0 0 0 0 0 0 0 0 0 0 0
34.493 3 SVINFO 0 0 0 0 0 0 0
34.509 3 STATE_FILTER_STATUS 6 3 0
34.541 3 ATTITUDE 0.006718 -3.112305 0.12989
34.574 3 AIRSPEED 0. 0. 0. 0.
34.606 3 DESIRED 0.36 0.1 0.8 60. 60. 2595. 3.3 15.
34.623 3 LOGGER_STATUS 1 0 73728 PPRZ\pprzlog_0123.LOG,FLIGHT_RECORDER\fr_0127.LOG
34.648 3 ATTITUDE 0.00676 -3.112117 0.129862
34.734 3 ESTIMATOR 2576.508057 0.092061
34.750 3 GPS 0 0 0 0 0 0 0 0 0 0 0
34.751 3 SVINFO 0 0 0 0 0 0 0
34.752 3 ATTITUDE 0.006797 -3.111967 0.129872
34.798 3 DESIRED 0.36 0.1 0.8 60. 60. 2595. 3.3 15.
34.830 3 WP_MOVED 2 649046.125 5253124. 2595. 32
34.846 3 ATTITUDE 0.006793 -3.111804 0.129843
34.878 3 NAVIGATION 9 0 0. 0. 0. 0. 0 41 41 1 0 0
34.894 3 ACTUATORS 1040,1362,1395
34.942 3 SHT_STATUS 0 0 0.1 -39.66
34.942 3 ATTITUDE 0.006802 -3.111623 0.12981
34.958 3 ENERGY 0 11.44225 0. 0. 0. 0. 0.
34.974 3 IMU_GYRO 1 -0.028076 0.024658 -0.040771
35.001 3 FBW_STATUS 2 0 1 11.44225 0.
35.002 3 GPS 0 0 0 0 0 0 0 0 0 0 0
35.003 3 SVINFO 0 0 0 0 0 0 0
35.004 3 DESIRED 0.36 0.1 0.8 60. 60. 2595. 3.3 15.
35.017 3 PPRZ_MODE 2 3 3 2 0 4
35.032 3 ATTITUDE 0.006807 -3.111487 0.129842
35.131 3 LINK_REPORT 3 -1 35 0 34626 1451 0 1020. 41. 8 42.74
35.146 3 ATTITUDE 0.006785 -3.111334 0.129842
35.147 3 IMU_ACCEL 1 1.282227 -0.038086 -9.630859
35.208 3 DESIRED 0.36 0.1 0.8 60. 60. 2595. 3.3 15.
35.253 3 DL_VALUE 27 0.
35.253 3 ESTIMATOR 2576.481689 0.037381
35.256 3 GPS 0 0 0 0 0 0 0 0 0 0 0
35.257 3 SVINFO 0 0 0 0 0 0 0
35.259 3 ATTITUDE 0.006831 -3.111181 0.129874
35.333 3 WP_MOVED 0 649123. 5253077. 2595. 32
35.334 3 ATTITUDE 0.0068 -3.111047 0.129868
35.381 3 CIRCLE 0. 0. -60.
35.397 3 DESIRED 0.36 0.1 0.8 60. 60. 2595. 3.3 15.
35.429 3 SHT_STATUS 0 0 0.1 -39.66
35.445 3 ATTITUDE 0.00679 -3.110863 0.129862
35.493 3 GPS 0 0 0 0 0 0 0 0 0 0 0
35.494 3 SVINFO 0 0 0 0 0 0 0
35.494 3 IMU_MAG 0 0. 0. 0.
35.541 3 ATTITUDE 0.006794 -3.110725 0.129854
35.557 3 IMU_GYRO 1 -0.027588 0.025146 -0.041504
35.573 3 GPS_SOL 0 0 0 0
35.589 3 AIRSPEED 0. 0. 0. 0.
35.605 3 DESIRED 0.36 0.1 0.8 60. 60. 2595. 3.3 15.
35.621 3 ALIVE 8,144,6,66,11,198,81,189,7,217,216,157,220,111,57,170
35.647 3 ATTITUDE 0.006811 -3.110582 0.129837
35.653 3 PONG 
35.733 3 ESTIMATOR 2576.610107 0.097723
35.749 3 GPS 0 0 0 0 0 0 0 0 0 0 0
35.751 3 SVINFO 0 0 0 0 0 0 0
35.751 3 ATTITUDE 0.006785 -3.110446 0.129796
35.781 3 FBW_STATUS 2 0 1 11.448435 0.
35.797 3 DESIRED 0.36 0.1 0.8 60. 60. 2595. 3.3 15.
35.829 3 WP_MOVED 1 649123. 5253077. 2595. 32
35.845 3 ATTITUDE 0.006792 -3.110305 0.129796
35.877 3 NAVIGATION 9 0 0. 0. 0. 0. 0 42 42 1 0 0
35.925 3 SHT_STATUS 0 0 0.1 -39.66
35.941 3 ATTITUDE 0.006762 -3.11012 0.129819
35.957 3 IMU_ACCEL 1 1.272461 -0.042969 -9.581055
35.990 3 GPS 0 0 0 0 0 0 0 0 0 0 0
35.991 3 SVINFO 0 0 0 0 0 0 0
36.005 3 DESIRED 0.36 0.1 0.8 60. 60. 2595. 3.3 15.
36.021 3 CALIBRATION -150. 0
36.037 3 ATTITUDE 0.006767 -3.109974 0.129817
36.053 3 ENERGY 0 11.44225 0. 0. 0. 0. 0.
36.092 3 WIND_INFO 3 5 0. 0. 0. 0.
36.132 3 LINK_REPORT 3 -1 36 0 35639 1494 0 1013. 43. 10 42.99
36.133 3 ATTITUDE 0.006758 -3.109803 0.129811
36.151 3 IMU_GYRO 1 -0.028076 0.024658 -0.040771
36.197 3 DESIRED 0.36 0.1 0.8 60. 60. 2595. 3.3 15.
36.229 3 ESTIMATOR 2576.447266 -0.009569
36.255 3 GPS 0 0 0 0 0 0 0 0 0 0 0
36.256 3 SVINFO 0 0 0 0 0 0 0
36.257 3 ATTITUDE 0.006755 -3.109658 0.12979
36.319 3 WP_MOVED 2 649046.125 5253124. 2595. 32
36.335 3 ATTITUDE 0.006768 -3.109504 0.129809
36.399 3 DESIRED 0.36 0.1 0.8 60. 60. 2595. 3.3 15.
36.431 3 CIRCLE 0. 0. -60.
36.447 3 SHT_STATUS 0 0 0.1 -39.66
36.448 3 ATTITUDE 0.006766 -3.109334 0.129819
36.480 3 GPS 0 0 0 0 0 0 0 0 0 0 0
36.481 3 SVINFO 0 0 0 0 0 0 0
36.543 3 ATTITUDE 0.006743 -3.10919 0.1298
36.575 3 AIRSPEED 0. 0. 0. 0.
36.607 3 DESIRED 0.36 0.1 0.8 60. 60. 2595. 3.3 15.
36.653 3 ATTITUDE 0.006741 -3.109005 0.129781
36.719 3 STATE_FILTER_STATUS 6 3 0
36.735 3 DL_VALUE 28 0.
36.736 3 ESTIMATOR 2576.579834 0.068611
36.763 3 GPS 0 0 0 0 0 0 0 0 0 0 0
36.765 3 SVINFO 0 0 0 0 0 0 0
36.766 3 ATTITUDE 0.006712 -3.108872 0.129775
36.766 3 IMU_ACCEL 1 1.275391 -0.051758 -9.585938
36.767 3 IMU_GYRO 1 -0.029053 0.025146 -0.040771
36.811 3 IMU_MAG 0 0. 0. 0.
36.813 3 DESIRED 0.36 0.1 0.8 60. 60. 2595. 3.3 15.
36.827 3 WP_MOVED 0 649123. 5253077. 2595. 32
36.843 3 ATTITUDE 0.00671 -3.1087 0.129762
36.875 3 COMMANDS 0,3133,-409
36.892 3 NAVIGATION 9 0 0. 0. 0. 0. 0 43 43 1 0 0
36.939 3 SHT_STATUS 0 0 0.1 -39.66
36.940 3 ATTITUDE 0.006715 -3.108525 0.129772
36.998 3 FBW_STATUS 2 0 1 11.44225 0.
36.999 3 GPS 0 0 0 0 0 0 0 0 0 0 0
37.000 3 SVINFO 0 0 0 0 0 0 0
37.014 3 DESIRED 0.36 0.1 0.8 60. 60. 2595. 3.3 15.
37.030 3 ATTITUDE 0.006714 -3.108335 0.129827
37.126 3 ATTITUDE 0.00673 -3.108161 0.129783
37.132 3 LINK_REPORT 3 -1 37 0 36601 1535 0 962. 41. 10 42.99
37.159 3 ENERGY 0 11.44225 0. 0. 0. 0. 0.
37.206 3 DESIRED 0.36 0.1 0.8 60. 60. 2595. 3.3 15.
37.251 3 ESTIMATOR 2576.390381 -0.049867
37.253 3 GPS 0 0 0 0 0 0 0 0 0 0 0
37.255 3 SVINFO 0 0 0 0 0 0 0
37.256 3 ATTITUDE 0.006738 -3.10797 0.129783
37.331 3 WP_MOVED 1 649123. 5253077. 2595. 32
37.347 3 ATTITUDE 0.00674 -3.107772 0.129809
37.363 3 IMU_GYRO 1 -0.029053 0.025635 -0.040771
37.396 3 DESIRED 0.36 0.1 0.8 60. 60. 2595. 3.4 15.
37.443 3 SHT_STATUS 0 0 0.1 -39.66
37.444 3 ATTITUDE 0.006725 -3.107593 0.129816
37.492 3 CIRCLE 0. 0. -60.
37.493 3 GPS 0 0 0 0 0 0 0 0 0 0 0
37.494 3 SVINFO 0 0 0 0 0 0 0
37.539 3 ATTITUDE 0.006705 -3.107419 0.129779
37.540 3 IMU_ACCEL 1 1.267578 -0.051758 -9.576172
37.587 3 GPS_SOL 0 0 0 0
37.588 3 AIRSPEED 0. 0. 0. 0.
37.604 3 DESIRED 0.36 0.1 0.8 60. 60. 2595. 3.4 15.
37.635 3 ATTITUDE 0.006702 -3.107206 0.129783
37.731 3 ESTIMATOR 2576.321045 -0.07678
37.748 3 GPS 0 0 0 0 0 0 0 0 0 0 0
37.749 3 SVINFO 0 0 0 0 0 0 0
37.749 3 ATTITUDE 0.006694 -3.107033 0.129778
37.779 3 FBW_STATUS 2 0 1 11.436065 0.
37.796 3 DESIRED 0.36 0.1 0.8 60. 60. 2595. 3.4 15.
37.828 3 WP_MOVED 2 649046.125 5253124. 2595. 32
37.844 3 ATTITUDE 0.006679 -3.10687 0.129791
37.876 3 NAVIGATION 9 0 0. 0. 0. 0. 0 44 44 1 0 0
37.939 3 SHT_STATUS 0 0 0.1 -39.66
37.939 3 ATTITUDE 0.00666 -3.106715 0.129749
37.955 3 IMU_GYRO 1 -0.028076 0.02417 -0.040283
37.987 3 GPS 0 0 0 0 0 0 0 0 0 0 0
37.987 3 SVINFO 0 0 0 0 0 0 0
38.003 3 DESIRED 0.36 0.1 0.8 60. 60. 2595. 3.4 15.
38.035 3 ATTITUDE 0.006661 -3.106531 0.129735
38.099 3 IMU_MAG 0 0. 0. 0.
38.115 3 CALIBRATION -150. 0
38.131 3 ATTITUDE 0.006678 -3.106337 0.129755
38.133 3 LINK_REPORT 3 -1 38 0 37568 1575 0 967. 40. 10 42.99
38.179 3 DATALINK_REPORT 2 10 0 50873 0 0
38.196 3 DESIRED 0.36 0.1 0.8 60. 60. 2595. 3.3 15.
38.268 3 DL_VALUE 29 0.45
38.269 3 ESTIMATOR 2576.42749 0.006214
38.270 3 GPS 0 0 0 0 0 0 0 0 0 0 0
38.272 3 SVINFO 0 0 0 0 0 0 0
38.273 3 ATTITUDE 0.006663 -3.106149 0.129776
38.274 3 ENERGY 0 11.44225 0. 0. 0. 0. 0.
38.332 3 WP_MOVED 0 649123. 5253077. 2595. 32
38.348 3 ATTITUDE 0.006665 -3.105985 0.129811
38.349 3 IMU_ACCEL 1 1.250977 -0.040039 -9.587891
38.397 3 DESIRED 0.36 0.1 0.8 60. 60. 2595. 3.4 15.
38.428 3 SHT_STATUS 0 0 0.1 -39.66
38.444 3 ATTITUDE 0.006631 -3.105817 0.129769
38.493 3 GPS 0 0 0 0 0 0 0 0 0 0 0
38.494 3 SVINFO 0 0 0 0 0 0 0
38.524 3 CIRCLE 0. 0. -60.
38.540 3 ATTITUDE 0.00661 -3.105627 0.129727
38.556 3 IMU_GYRO 1 -0.029053 0.024658 -0.040283
38.573 3 AIRSPEED 0. 0. 0. 0.
38.605 3 DESIRED 0.36 0.1 0.8 60. 60. 2595. 3.3 15.
38.637 3 ATTITUDE 0.006574 -3.105445 0.129711
38.733 3 ESTIMATOR 2576.475586 0.037429
38.749 3 GPS 0 0 0 0 0 0 0 0 0 0 0
38.750 3 SVINFO 0 0 0 0 0 0 0
38.752 3 ATTITUDE 0.006576 -3.105286 0.129724
38.797 3 DESIRED 0.36 0.1 0.8 60. 60. 2595. 3.3 15.
38.829 3 WP_MOVED 1 649123. 5253077. 2595. 32
38.845 3 ATTITUDE 0.006538 -3.105098 0.129736
38.893 3 NAVIGATION 9 0 0. 0. 0. 0. 0 45 45 1 0 0
38.894 3 COMMANDS 0,3135,-401
38.895 3 AUTOPILOT_VERSION 60400 v6.4.0_stable
38.908 3 STATE_FILTER_STATUS 6 3 0
38.941 3 SHT_STATUS 0 0 0.1 -39.66
38.942 3 ATTITUDE 0.006557 -3.104928 0.129762
39.000 3 FBW_STATUS 2 0 1 11.44225 0.
39.001 3 GPS 0 0 0 0 0 0 0 0 0 0 0
39.002 3 SVINFO 0 0 0 0 0 0 0
39.003 3 DESIRED 0.36 0.1 0.8 60. 60. 2595. 3.3 15.
39.032 3 ATTITUDE 0.006548 -3.104768 0.129802
39.134 3 LINK_REPORT 3 -1 39 0 38526 1615 0 958. 40. 10 42.99
39.150 3 ATTITUDE 0.006562 -3.104598 0.129814
39.151 3 IMU_ACCEL 1 1.244141 -0.033203 -9.609375
39.160 3 IMU_GYRO 1 -0.028564 0.024658 -0.040283
39.208 3 DESIRED 0.36 0.1 0.8 60. 60. 2595. 3.3 15.
39.251 3 ESTIMATOR 2576.465576 0.023277
39.252 3 GPS 0 0 0 0 0 0 0 0 0 0 0
39.253 3 SVINFO 0 0 0 0 0 0 0
39.254 3 ATTITUDE 0.006579 -3.104447 0.129778
39.331 3 WP_MOVED 2 649046.125 5253124. 2595. 32
39.347 3 ATTITUDE 0.006568 -3.104257 0.129778
39.363 3 ENERGY 0 11.436065 0. 0. 0. 0. 0.
39.394 3 IMU_MAG 0 0. 0. 0.
39.411 3 DESIRED 0.36 0.1 0.8 60. 60. 2595. 3.3 15.
39.427 3 SHT_STATUS 0 0 0.1 -39.66
39.443 3 ATTITUDE 0.006554 -3.104084 0.129769
39.475 3 GPS 0 0 0 0 0 0 0 0 0 0 0
39.491 3 SVINFO 0 0 0 0 0 0 0
39.539 3 ATTITUDE 0.006357 -3.103952 0.129603
39.599 3 GPS_SOL 0 0 0 0
39.600 3 CIRCLE 0. 0. -60.
39.601 3 AIRSPEED 0. 0. 0. 0.
39.602 3 DESIRED 0.36 0.1 0.8 60. 60. 2595. 3.3 15.
39.631 3 ATTITUDE 0.006571 -3.103802 0.129882
39.713 3 LOGGER_STATUS 1 0 106496 PPRZ\pprzlog_0123.LOG,FLIGHT_RECORDER\fr_0127.LOG
39.753 3 DL_VALUE 30 0.
39.753 3 ESTIMATOR 2576.392578 -0.026875
39.755 3 GPS 0 0 0 0 0 0 0 0 0 0 0
39.756 3 SVINFO 0 0 0 0 0 0 0
39.757 3 ATTITUDE 0.006718 -3.103627 0.130057
39.758 3 IMU_GYRO 1 -0.028076 0.022461 -0.041504
39.769 3 FBW_STATUS 2 0 1 11.44225 0.
39.801 3 DESIRED 0.36 0.1 0.8 60. 60. 2595. 3.3 15.
39.833 3 WP_MOVED 0 649123. 5253077. 2595. 32
39.849 3 ATTITUDE 0.00652 -3.103462 0.129867
39.881 3 NAVIGATION 9 0 0. 0. 0. 0. 0 46 46 1 0 0
39.882 3 ACTUATORS 1040,1362,1393
39.929 3 PPRZ_MODE 2 3 3 2 0 4
39.945 3 SHT_STATUS 0 0 0.1 -39.66
39.945 3 ATTITUDE 0.00566 -3.103345 0.129087
39.951 3 IMU_ACCEL 1 1.313477 -0.035156 -9.552734
39.977 3 GPS 0 0 0 0 0 0 0 0 0 0 0
39.993 3 SVINFO 0 0 0 0 0 0 0
40.009 3 DESIRED 0.36 0.1 0.8 60. 60. 2595. 3.4 15.
40.041 3 ATTITUDE 0.004615 -3.103256 0.127813
40.135 3 LINK_REPORT 3 -1 40 0 39607 1659 0 1081. 44. 10 42.99
40.137 3 ATTITUDE 0.001782 -3.103449 0.121623
40.202 3 DESIRED 0.36 0.1 0.8 60. 60. 2595. 3.4 15.
40.217 3 CALIBRATION -150. 0
40.233 3 ESTIMATOR 2576.121582 -0.173681
40.249 3 GPS 0 0 0 0 0 0 0 0 0 0 0
40.250 3 SVINFO 0 0 0 0 0 0 0
40.251 3 ATTITUDE -0.00199 -3.103858 0.111903
41.135 3 LINK_REPORT 3 -1 41 0 39767 1666 0 160. 7. 11 -4957.71
42.136 3 LINK_REPORT 3 -1 42 1 39767 1666 0 0. 0. 11 -4957.71
43.137 3 LINK_REPORT 3 -1 43 2 39767 1666 0 0. 0. 11 -4957.71
44.138 3 LINK_REPORT 3 -1 44 3 39767 1666 0 0. 0. 11 -4957.71
45.140 3 LINK_REPORT 3 -1 45 4 39767 1666 0 0. 0. 11 -4957.71
46.140 3 LINK_REPORT 3 -1 46 5 39767 1666 0 0. 0. 11 -9958.06
47.141 3 LINK_REPORT 3 -1 47 6 39767 1666 0 0. 0. 11 -9958.06
