3.420 3 ENERGY 0 12.37 0. 0. 0. 0. 0.
3.436 3 NAVIGATION 10 0 0. 0. 0. 0. 0 7 7 1 0 0
3.452 3 GPS 0 0 0 0 0 0 0 0 0 0 0
3.453 3 SVINFO 0 0 0 0 0 0 0
3.468 3 DESIRED 0.46 0.15 1. 57. 37. 436. 5. 15.
3.484 3 ATTITUDE -0.026056 -3.139537 -0.17624
3.596 3 ATTITUDE -0.026046 -3.139588 -0.176208
3.628 3 FBW_STATUS 2 0 1 12.37 0.
3.660 3 PPRZ_MODE 2 3 3 2 0 4
3.677 3 DESIRED 0.46 0.15 1. 57. 37. 436. 5. 15.
3.720 3 GPS 0 0 0 0 0 0 0 0 0 0 0
3.721 3 SVINFO 0 0 0 0 0 0 0
3.722 3 ATTITUDE -0.026032 -3.139593 -0.176144
3.722 3 ESTIMATOR 401.852051 32.648018
3.800 3 ATTITUDE -0.026055 -3.139609 -0.176125
3.816 3 WP_MOVED 4 641757.8125 5474491. 446. 32
3.880 3 DESIRED 0.46 0.15 1. 57. 37. 436. 5. 15.
3.881 3 IMU_GYRO 1 -0.062744 0.003418 -0.006348
3.896 3 ATTITUDE -0.026086 -3.139639 -0.176105
3.896 3 LINK_REPORT 3 -1 4 0 3802 158 0 960. 40. 0 0.
3.959 3 GPS 0 0 0 0 0 0 0 0 0 0 0
3.960 3 SVINFO 0 0 0 0 0 0 0
3.992 3 ATTITUDE -0.026123 -3.139652 -0.17605
4.072 3 DESIRED 0.46 0.15 1. 57. 37. 436. 5. 15.
4.073 3 IMU_ACCEL 1 -1.606445 0.22168 -8.956055
4.088 3 ATTITUDE -0.026111 -3.139661 -0.176016
4.120 3 AIRSPEED 0. 0. 0. 0.
4.184 3 STATE_FILTER_STATUS 6 3 0
4.200 3 GPS 0 0 0 0 0 0 0 0 0 0 0
4.216 3 SVINFO 0 0 0 0 0 0 0
4.217 3 ATTITUDE -0.026098 -3.139714 -0.176013
4.232 3 GPS_SOL 0 0 0 0
4.232 3 ESTIMATOR 392.09314 19.987259
4.232 3 FBW_STATUS 2 0 1 12.35763 0.
4.280 3 DESIRED 0.46 0.15 1. 57. 37. 436. 5. 15.
4.296 3 IMU_MAG 0 0. 0. 0.
4.312 3 ATTITUDE -0.026089 -3.139706 -0.175953
4.328 3 CIRCLE 2.8 -28.299999 60.
4.329 3 WP_MOVED 5 641729. 5474694.5 466. 32
4.392 3 ATTITUDE -0.026066 -3.139763 -0.175925
4.424 3 NAVIGATION 10 0 0. 0. 0. 0. 0 8 8 1 0 0
4.456 3 GPS 0 0 0 0 0 0 0 0 0 0 0
4.457 3 SVINFO 0 0 0 0 0 0 0
4.473 3 DESIRED 0.46 0.15 1. 57. 37. 436. 5. 15.
4.474 3 IMU_GYRO 1 -0.061035 0.00293 -0.007812
4.489 3 DEBUG 0,0,0,0,0,0,0,0,0,0,0,0,0,0,0,0,0,0,0
4.505 3 UBLOX_INFO 115200 0 0 0 0 7 0
4.505 3 ATTITUDE -0.026058 -3.139794 -0.175871
4.521 3 ENERGY 0 12.37 0. 0. 0. 0. 0.
4.600 3 ATTITUDE -0.026064 -3.139805 -0.175842
4.665 3 DESIRED 0.46 0.15 1. 57. 37. 436. 5. 15.
4.728 3 GPS 0 0 0 0 0 0 0 0 0 0 0
4.729 3 SVINFO 0 0 0 0 0 0 0
4.729 3 ATTITUDE -0.026031 -3.139829 -0.175797
4.729 3 ESTIMATOR 378.435822 6.604852
4.792 3 ATTITUDE -0.026022 -3.139813 -0.175773
4.823 3 COMMANDS 0,4246,4597
4.839 3 DL_VALUE 5 0.
4.840 3 WP_MOVED 6 641754.875 5474698.5 466. 32
4.872 3 DESIRED 0.46 0.15 1. 57. 37. 436. 5. 15.
4.873 3 IMU_ACCEL 1 -1.573242 0.230469 -8.90332
4.888 3 ATTITUDE -0.02605 -3.139818 -0.1757
4.896 3 LINK_REPORT 3 -1 5 0 4804 200 0 1002. 42. 0 0.
4.952 3 GPS 0 0 0 0 0 0 0 0 0 0 0
4.953 3 SVINFO 0 0 0 0 0 0 0
5.000 3 ATTITUDE -0.026115 -3.13983 -0.175711
5.089 3 CALIBRATION 105.1 0
5.090 3 DESIRED 0.46 0.15 1. 57. 37. 436. 5. 15.
5.099 3 IMU_GYRO 1 -0.062744 0.003418 -0.006348
5.099 3 ATTITUDE -0.026157 -3.139813 -0.175683
5.122 3 AIRSPEED 0. 0. 0. 0.
5.202 3 GPS 0 0 0 0 0 0 0 0 0 0 0
5.218 3 SVINFO 0 0 0 0 0 0 0
5.219 3 ATTITUDE -0.026187 -3.139794 -0.175632
5.219 3 ESTIMATOR 370.96582 0.980251
5.266 3 DESIRED 0.46 0.15 1. 57. 37. 436. 5. 15.
5.298 3 ATTITUDE -0.026194 -3.139817 -0.175611
5.329 3 WP_MOVED 7 641788.1875 5474495. 446. 32
5.378 3 CIRCLE 2.8 -28.299999 60.
5.394 3 ATTITUDE -0.026211 -3.139819 -0.17559
5.427 3 NAVIGATION 10 0 0. 0. 0. 0. 0 9 9 1 0 0
5.442 3 PONG 
5.458 3 GPS 0 0 0 0 0 0 0 0 0 0 0
5.459 3 SVINFO 0 0 0 0 0 0 0
5.474 3 DESIRED 0.46 0.15 1. 57. 37. 436. 5. 15.
5.490 3 DATALINK_REPORT 0 1 0 943 0 0
5.506 3 ATTITUDE -0.026238 -3.139851 -0.175569
5.570 3 IMU_MAG 0 0. 0. 0.
5.586 3 ATTITUDE -0.02624 -3.139845 -0.175547
5.618 3 ENERGY 0 12.363815 0. 0. 0. 0. 0.
5.638 3 FBW_STATUS 2 0 1 12.363815 0.
5.693 3 DESIRED 0.46 0.15 1. 57. 37. 436. 5. 15.
5.693 3 IMU_ACCEL 1 -1.583008 0.240234 -8.939453
5.694 3 IMU_GYRO 1 -0.062744 0.004395 -0.006836
5.721 3 GPS 0 0 0 0 0 0 0 0 0 0 0
5.721 3 SVINFO 0 0 0 0 0 0 0
5.722 3 ATTITUDE -0.02627 -3.139841 -0.17552
5.722 3 ESTIMATOR 362.497101 -3.730523
5.800 3 ATTITUDE -0.026287 -3.139827 -0.1755
5.832 3 WP_MOVED 8 641844.1875 5474504.5 446. 32
5.864 3 DESIRED 0.46 0.15 1. 57. 37. 436. 5. 15.
5.896 3 ATTITUDE -0.026314 -3.139826 -0.175495
5.897 3 LINK_REPORT 3 -1 6 0 5739 239 0 935. 39. 1 47.51
5.961 3 GPS 0 0 0 0 0 0 0 0 0 0 0
5.961 3 SVINFO 0 0 0 0 0 0 0
5.993 3 ATTITUDE -0.026323 -3.13982 -0.175506
6.073 3 DESIRED 0.46 0.15 1. 57. 37. 436. 5. 15.
6.089 3 ATTITUDE -0.026363 -3.139841 -0.17549
6.121 3 AIRSPEED 0. 0. 0. 0.
6.201 3 GPS 0 0 0 0 0 0 0 0 0 0 0
6.217 3 SVINFO 0 0 0 0 0 0 0
6.217 3 ATTITUDE -0.026351 -3.139855 -0.17553
6.233 3 GPS_SOL 0 0 0 0
6.233 3 ESTIMATOR 358.570862 -5.076403
6.233 3 FBW_STATUS 2 0 1 12.37 0.
6.281 3 DESIRED 0.46 0.15 1. 57. 37. 436. 5. 15.
6.282 3 IMU_GYRO 1 -0.063232 0.003906 -0.006836
6.297 3 ATTITUDE -0.026411 -3.139864 -0.175557
6.329 3 DL_VALUE 6 0.
6.329 3 WP_MOVED 9 641814.5 5474703. 476. 32
6.330 3 COMMANDS 0,4249,4594
6.377 3 STATE_FILTER_STATUS 6 3 0
6.393 3 ATTITUDE -0.026451 -3.139857 -0.175567
6.424 3 CIRCLE 2.8 -28.299999 60.
6.440 3 NAVIGATION 10 0 0. 0. 0. 0. 0 10 10 1 0 0
6.457 3 GPS 0 0 0 0 0 0 0 0 0 0 0
6.457 3 SVINFO 0 0 0 0 0 0 0
6.473 3 DESIRED 0.46 0.15 1. 57. 37. 436. 5. 15.
6.474 3 IMU_ACCEL 1 -1.591797 0.243164 -8.929688
6.489 3 ATTITUDE -0.026497 -3.139849 -0.175554
6.601 3 ATTITUDE -0.026547 -3.139842 -0.175579
6.666 3 DESIRED 0.46 0.15 1. 57. 37. 436. 5. 15.
6.713 3 GPS 0 0 0 0 0 0 0 0 0 0 0
6.714 3 SVINFO 0 0 0 0 0 0 0
6.714 3 ATTITUDE -0.026599 -3.139849 -0.175562
6.729 3 ENERGY 0 12.37 0. 0. 0. 0. 0.
6.730 3 ESTIMATOR 354.718872 -5.462172
6.793 3 ATTITUDE -0.026626 -3.13988 -0.175598
6.825 3 WP_MOVED 10 641786.375 5474701. 476. 32
6.874 3 DESIRED 0.46 0.15 1. 57. 37. 436. 5. 15.
6.889 3 IMU_GYRO 1 -0.062744 0.00293 -0.006836
6.889 3 IMU_MAG 0 0. 0. 0.
6.890 3 ATTITUDE -0.026704 -3.139893 -0.175587
6.897 3 LINK_REPORT 3 -1 7 0 6693 279 0 954. 40. 1 47.51
6.953 3 GPS 0 0 0 0 0 0 0 0 0 0 0
6.953 3 SVINFO 0 0 0 0 0 0 0
6.985 3 ATTITUDE -0.026748 -3.139872 -0.175646
7.017 3 LOGGER_STATUS 0 0 0 none
7.066 3 DESIRED 0.46 0.15 1. 57. 37. 436. 5. 15.
7.097 3 ATTITUDE -0.026765 -3.139906 -0.175642
7.129 3 AIRSPEED 0. 0. 0. 0.
7.161 3 CALIBRATION -150. 0
7.220 3 GPS 0 0 0 0 0 0 0 0 0 0 0
7.220 3 SVINFO 0 0 0 0 0 0 0
7.221 3 ATTITUDE -0.02677 -3.139883 -0.175643
7.221 3 ESTIMATOR 353.354736 -4.993218
7.284 3 DESIRED 0.46 0.15 1. 57. 37. 436. 5. 15.
7.284 3 IMU_ACCEL 1 -1.591797 0.204102 -8.915039
7.299 3 ATTITUDE -0.026768 -3.139867 -0.175673
7.331 3 WP_MOVED 11 641807.5 5474574.5 436. 32
7.332 3 ACTUATORS 1040,1513,1155
7.396 3 ATTITUDE -0.026797 -3.139848 -0.175672
7.428 3 NAVIGATION 10 0 0. 0. 0. 0. 0 11 11 1 0 0
7.443 3 GPS 0 0 0 0 0 0 0 0 0 0 0
7.459 3 SVINFO 0 0 0 0 0 0 0
7.491 3 DESIRED 0.46 0.15 1. 57. 37. 436. 5. 15.
7.491 3 IMU_GYRO 1 -0.062744 0.00293 -0.006836
7.492 3 CIRCLE 2.8 -28.299999 60.
7.492 3 ATTITUDE -0.026838 -3.139826 -0.175631
7.587 3 ATTITUDE -0.026878 -3.13986 -0.175604
7.618 3 FBW_STATUS 2 0 1 12.363815 0.
7.667 3 DESIRED 0.46 0.15 1. 57. 37. 436. 5. 15.
7.716 3 GPS 0 0 0 0 0 0 0 0 0 0 0
7.717 3 SVINFO 0 0 0 0 0 0 0
7.717 3 ATTITUDE -0.026904 -3.139889 -0.175604
7.731 3 ESTIMATOR 352.426971 -3.890352
7.795 3 ATTITUDE -0.026899 -3.139901 -0.175579
7.827 3 ENERGY 0 12.37 0. 0. 0. 0. 0.
7.827 3 DL_VALUE 7 2.
7.843 3 WP_MOVED 0 641794. 5474653. 436. 32
7.875 3 DESIRED 0.46 0.15 1. 57. 37. 436. 5. 15.
7.891 3 ATTITUDE -0.026911 -3.139908 -0.175598
7.899 3 LINK_REPORT 3 -1 8 0 7606 317 0 913. 38. 1 47.51
7.955 3 GPS 0 0 0 0 0 0 0 0 0 0 0
7.956 3 SVINFO 0 0 0 0 0 0 0
7.987 3 ATTITUDE -0.026949 -3.139911 -0.175574
8.051 3 ALIVE 193,19,1,192,171,1,182,189,156,114,250,231,215,119,39,139
8.093 3 DESIRED 0.46 0.15 1. 57. 37. 436. 5. 15.
8.094 3 IMU_ACCEL 1 -1.606445 0.216797 -8.915039
8.094 3 IMU_GYRO 1 -0.062744 0.003418 -0.006836
8.095 3 ATTITUDE -0.02698 -3.139938 -0.175597
8.125 3 AIRSPEED 0. 0. 0. 0.
8.173 3 IMU_MAG 0 0. 0. 0.
8.218 3 GPS 0 0 0 0 0 0 0 0 0 0 0
8.219 3 SVINFO 0 0 0 0 0 0 0
8.219 3 ATTITUDE -0.027016 -3.13998 -0.175592
8.234 3 GPS_SOL 0 0 0 0
8.235 3 ESTIMATOR 352.270081 -3.107488
8.235 3 FBW_STATUS 2 0 1 12.37 0.
8.266 3 DESIRED 0.46 0.15 1. 57. 37. 436. 5. 15.
8.298 3 ATTITUDE -0.027002 -3.139962 -0.175605
8.330 3 WP_MOVED 1 641794. 5474653. 436. 32
8.394 3 ATTITUDE -0.027033 -3.139978 -0.175595
8.426 3 NAVIGATION 10 0 0. 0. 0. 0. 0 12 12 1 0 0
8.458 3 GPS 0 0 0 0 0 0 0 0 0 0 0
8.459 3 SVINFO 0 0 0 0 0 0 0
8.475 3 DESIRED 0.46 0.15 1. 57. 37. 436. 5. 15.
8.490 3 ATTITUDE -0.027051 -3.139981 -0.175572
8.522 3 CIRCLE 2.8 -28.299999 60.
8.554 3 PPRZ_MODE 2 3 3 2 0 4
8.586 3 STATE_FILTER_STATUS 6 3 0
8.602 3 ATTITUDE -0.027063 -3.139963 -0.175598
8.683 3 DESIRED 0.46 0.15 1. 57. 37. 436. 5. 15.
8.684 3 IMU_GYRO 1 -0.062744 0.00293 -0.007812
8.715 3 GPS 0 0 0 0 0 0 0 0 0 0 0
8.716 3 SVINFO 0 0 0 0 0 0 0
8.716 3 ATTITUDE -0.027093 -3.139997 -0.175601
8.716 3 ESTIMATOR 352.614349 -1.943923
8.795 3 ATTITUDE -0.027112 -3.139988 -0.175633
8.827 3 WP_MOVED 2 641796.8125 5474624.5 436. 32
8.875 3 DESIRED 0.46 0.15 1. 57. 37. 436. 5. 15.
8.875 3 IMU_ACCEL 1 -1.578125 0.233398 -8.951172
8.890 3 ATTITUDE -0.027143 -3.139995 -0.175599
8.899 3 LINK_REPORT 3 -1 9 0 8559 357 0 953. 40. 1 47.51
8.924 3 ENERGY 0 12.376185 0. 0. 0. 0. 0.
8.955 3 GPS 0 0 0 0 0 0 0 0 0 0 0
8.956 3 SVINFO 0 0 0 0 0 0 0
8.987 3 ATTITUDE -0.027116 -3.140005 -0.175607
9.067 3 DESIRED 0.46 0.15 1. 57. 37. 436. 5. 15.
9.099 3 ATTITUDE -0.02714 -3.140041 -0.175585
9.131 3 AIRSPEED 0. 0. 0. 0.
9.147 3 AUTOPILOT_VERSION 60400 v6.4.0_stable
9.211 3 GPS 0 0 0 0 0 0 0 0 0 0 0
9.212 3 SVINFO 0 0 0 0 0 0 0
9.212 3 ATTITUDE -0.027189 -3.140059 -0.175617
9.227 3 ESTIMATOR 353.026764 -1.279741
9.288 3 CALIBRATION -150. 0
9.288 3 DESIRED 0.46 0.15 1. 57. 37. 436. 5. 15.
9.289 3 IMU_GYRO 1 -0.062256 0.00293 -0.006836
9.289 3 ATTITUDE -0.027208 -3.140072 -0.17561
9.336 3 NAVIGATION_REF 641794 5474653 32 356.
9.337 3 DL_VALUE 8 0.
9.337 3 WP_MOVED 3 641820. 5474501. 446. 32
9.400 3 ATTITUDE -0.027261 -3.140105 -0.175652
9.432 3 NAVIGATION 10 0 0. 0. 0. 0. 0 13 13 1 0 0
9.448 3 GPS 0 0 0 0 0 0 0 0 0 0 0
9.449 3 SVINFO 0 0 0 0 0 0 0
9.480 3 DESIRED 0.46 0.15 1. 57. 37. 436. 5. 15.
9.480 3 IMU_MAG 0 0. 0. 0.
9.495 3 ATTITUDE -0.027245 -3.140149 -0.175619
9.576 3 CIRCLE 2.8 -28.299999 60.
9.592 3 ATTITUDE -0.027255 -3.140177 -0.175583
9.625 3 FBW_STATUS 2 0 1 12.35763 0.
9.672 3 DESIRED 0.46 0.15 1. 57. 37. 436. 5. 15.
9.673 3 IMU_ACCEL 1 -1.599609 0.233398 -8.941406
9.704 3 GPS 0 0 0 0 0 0 0 0 0 0 0
9.705 3 SVINFO 0 0 0 0 0 0 0
9.720 3 ATTITUDE -0.027272 -3.140168 -0.175612
9.721 3 ESTIMATOR 353.622559 -0.562797
9.800 3 ATTITUDE -0.027278 -3.140172 -0.175628
9.832 3 COMMANDS 0,4256,4596
9.833 3 WP_MOVED 4 641757.8125 5474491. 446. 32
9.880 3 DESIRED 0.46 0.15 1. 57. 37. 436. 5. 15.
9.881 3 IMU_GYRO 1 -0.063232 0.003418 -0.005615
9.896 3 ATTITUDE -0.027282 -3.140169 -0.17561
9.899 3 LINK_REPORT 3 -1 10 0 9542 398 0 983. 41. 1 47.51
9.960 3 GPS 0 0 0 0 0 0 0 0 0 0 0
9.961 3 SVINFO 0 0 0 0 0 0 0
9.992 3 ATTITUDE -0.027288 -3.140208 -0.175588
10.024 3 ENERGY 0 12.363815 0. 0. 0. 0. 0.
10.073 3 DESIRED 0.46 0.15 1. 57. 37. 436. 5. 15.
10.088 3 ATTITUDE -0.027322 -3.14023 -0.175621
10.120 3 AIRSPEED 0. 0. 0. 0.
10.201 3 GPS 0 0 0 0 0 0 0 0 0 0 0
10.217 3 SVINFO 0 0 0 0 0 0 0
10.217 3 ATTITUDE -0.027332 -3.140237 -0.175601
10.233 3 GPS_SOL 0 0 0 0
10.233 3 ESTIMATOR 353.867523 -0.298492
10.233 3 FBW_STATUS 2 0 1 12.363815 0.
10.265 3 DESIRED 0.46 0.15 1. 57. 37. 436. 5. 15.
10.297 3 ATTITUDE -0.027362 -3.140274 -0.175602
10.329 3 WP_MOVED 5 641729. 5474694.5 466. 32
10.393 3 ATTITUDE -0.027382 -3.140307 -0.175566
10.440 3 NAVIGATION 10 0 0. 0. 0. 0. 0 14 14 1 0 0
10.440 3 PONG 
10.456 3 GPS 0 0 0 0 0 0 0 0 0 0 0
10.457 3 SVINFO 0 0 0 0 0 0 0
10.473 3 DESIRED 0.46 0.15 1. 57. 37. 436. 5. 15.
10.489 3 IMU_ACCEL 1 -1.587891 0.248047 -8.946289
10.489 3 IMU_GYRO 1 -0.062256 0.002197 -0.007812
10.489 3 ATTITUDE -0.027416 -3.140366 -0.175538
10.585 3 DATALINK_REPORT 0 2 0 946 0 0
10.601 3 ATTITUDE -0.027421 -3.14042 -0.175541
10.617 3 CIRCLE 2.8 -28.299999 60.
10.665 3 DESIRED 0.46 0.15 1. 57. 37. 436. 5. 15.
10.713 3 GPS 0 0 0 0 0 0 0 0 0 0 0
10.714 3 SVINFO 0 0 0 0 0 0 0
10.714 3 ATTITUDE -0.02742 -3.140445 -0.175592
10.729 3 ESTIMATOR 354.24054 -0.012277
10.777 3 IMU_MAG 0 0. 0. 0.
10.793 3 STATE_FILTER_STATUS 6 3 0
10.793 3 ATTITUDE -0.027458 -3.140453 -0.175622
10.825 3 DL_VALUE 9 1.
10.825 3 WP_MOVED 6 641754.875 5474698.5 466. 32
10.873 3 DESIRED 0.46 0.15 1. 57. 37. 436. 5. 15.
10.889 3 ATTITUDE -0.027495 -3.140471 -0.175595
10.900 3 LINK_REPORT 3 -1 11 0 10487 438 0 945. 40. 2 46.27
10.953 3 GPS 0 0 0 0 0 0 0 0 0 0 0
10.954 3 SVINFO 0 0 0 0 0 0 0
11.001 3 ATTITUDE -0.02754 -3.140486 -0.175547
11.081 3 DESIRED 0.46 0.15 1. 57. 37. 436. 5. 15.
11.082 3 IMU_GYRO 1 -0.063232 0.003418 -0.006836
11.097 3 ATTITUDE -0.027554 -3.14051 -0.175562
11.113 3 ENERGY 0 12.37 0. 0. 0. 0. 0.
11.129 3 AIRSPEED 0. 0. 0. 0.
11.220 3 GPS 0 0 0 0 0 0 0 0 0 0 0
11.220 3 SVINFO 0 0 0 0 0 0 0
11.221 3 ATTITUDE -0.027534 -3.140535 -0.175546
11.221 3 ESTIMATOR 354.478088 0.11372
11.284 3 DESIRED 0.46 0.15 1. 57. 37. 436. 5. 15.
11.284 3 IMU_ACCEL 1 -1.580078 0.207031 -8.915039
11.299 3 ATTITUDE -0.027547 -3.140585 -0.175561
11.331 3 WP_MOVED 7 641788.1875 5474495. 446. 32
11.332 3 COMMANDS 0,4258,4596
11.363 3 CALIBRATION -150. 0
11.395 3 ATTITUDE -0.027544 -3.140614 -0.17559
11.429 3 NAVIGATION 10 0 0. 0. 0. 0. 0 15 15 1 0 0
11.459 3 GPS 0 0 0 0 0 0 0 0 0 0 0
11.459 3 SVINFO 0 0 0 0 0 0 0
11.476 3 DESIRED 0.46 0.15 1. 57. 37. 436. 5. 15.
11.491 3 ATTITUDE -0.02758 -3.140606 -0.175592
11.587 3 ATTITUDE -0.02758 -3.140641 -0.175569
11.619 3 FBW_STATUS 2 0 1 12.363815 0.
11.694 3 DESIRED 0.46 0.15 1. 57. 37. 436. 5. 15.
11.695 3 IMU_GYRO 1 -0.062256 0.003418 -0.007324
11.695 3 CIRCLE 2.8 -28.299999 60.
11.720 3 GPS 0 0 0 0 0 0 0 0 0 0 0
11.720 3 SVINFO 0 0 0 0 0 0 0
11.721 3 ATTITUDE -0.027617 -3.140674 -0.175543
11.721 3 ESTIMATOR 354.857697 0.27154
11.800 3 ATTITUDE -0.027642 -3.140711 -0.175546
11.832 3 WP_MOVED 8 641844.1875 5474504.5 446. 32
11.864 3 DESIRED 0.46 0.15 1. 57. 37. 436. 5. 15.
11.895 3 ATTITUDE -0.027665 -3.140743 -0.17555
11.900 3 LINK_REPORT 3 -1 12 0 11389 475 0 902. 37. 2 46.27
11.959 3 GPS 0 0 0 0 0 0 0 0 0 0 0
11.960 3 SVINFO 0 0 0 0 0 0 0
11.991 3 ATTITUDE -0.02765 -3.140757 -0.175555
12.101 3 DESIRED 0.46 0.15 1. 57. 37. 436. 5. 15.
12.102 3 IMU_ACCEL 1 -1.584961 0.211914 -8.948242
12.102 3 IMU_MAG 0 0. 0. 0.
12.103 3 ATTITUDE -0.02766 -3.140764 -0.175542
12.117 3 LOGGER_STATUS 0 0 0 none
12.133 3 AIRSPEED 0. 0. 0. 0.
12.213 3 GPS 0 0 0 0 0 0 0 0 0 0 0
12.214 3 SVINFO 0 0 0 0 0 0 0
12.215 3 ATTITUDE -0.027648 -3.140808 -0.175552
12.229 3 ENERGY 0 12.37 0. 0. 0. 0. 0.
12.230 3 GPS_SOL 0 0 0 0
12.245 3 ESTIMATOR 355.029388 0.304348
12.245 3 FBW_STATUS 2 0 1 12.37 0.
12.277 3 DESIRED 0.46 0.15 1. 57. 37. 436. 5. 15.
12.278 3 IMU_GYRO 1 -0.062744 0.00293 -0.006836
12.293 3 ATTITUDE -0.027653 -3.140857 -0.175562
12.325 3 DL_VALUE 10 436.
12.325 3 WP_MOVED 9 641814.5 5474703. 476. 32
12.341 3 ACTUATORS 1040,1513,1155
12.389 3 ATTITUDE -0.027666 -3.140914 -0.175555
12.421 3 NAVIGATION 10 0 0. 0. 0. 0. 0 16 16 1 0 0
12.453 3 GPS 0 0 0 0 0 0 0 0 0 0 0
12.453 3 SVINFO 0 0 0 0 0 0 0
12.469 3 DESIRED 0.46 0.15 1. 57. 37. 436. 5. 15.
12.485 3 ATTITUDE -0.027637 -3.140942 -0.175553
12.597 3 ATTITUDE -0.027647 -3.140978 -0.175566
12.677 3 DESIRED 0.46 0.15 1. 57. 37. 436. 5. 15.
12.719 3 GPS 0 0 0 0 0 0 0 0 0 0 0
12.720 3 SVINFO 0 0 0 0 0 0 0
12.720 3 ATTITUDE -0.027667 -3.141033 -0.175589
12.721 3 CIRCLE 2.8 -28.299999 60.
12.735 3 ESTIMATOR 355.415833 0.408523
12.799 3 ATTITUDE -0.027698 -3.141057 -0.175608
12.815 3 WP_MOVED 10 641786.375 5474701. 476. 32
12.889 3 DESIRED 0.46 0.15 1. 57. 37. 436. 5. 15.
12.890 3 IMU_ACCEL 1 -1.578125 0.213867 -8.936523
12.891 3 IMU_GYRO 1 -0.062256 0.002197 -0.007324
12.891 3 ATTITUDE -0.027716 -3.141109 -0.175603
12.901 3 LINK_REPORT 3 -1 13 0 12371 516 0 982. 41. 2 46.27
12.953 3 GPS 0 0 0 0 0 0 0 0 0 0 0
12.954 3 SVINFO 0 0 0 0 0 0 0
12.985 3 STATE_FILTER_STATUS 6 3 0
13.001 3 ATTITUDE -0.027697 -3.141128 -0.175598
13.066 3 DESIRED 0.46 0.15 1. 57. 37. 436. 5. 15.
13.097 3 ATTITUDE -0.027735 -3.141197 -0.175555
13.130 3 AIRSPEED 0. 0. 0. 0.
13.146 3 ALIVE 193,19,1,192,171,1,182,189,156,114,250,231,215,119,39,139
13.220 3 GPS 0 0 0 0 0 0 0 0 0 0 0
13.221 3 SVINFO 0 0 0 0 0 0 0
13.222 3 ATTITUDE -0.027744 -3.141246 -0.175617
13.222 3 ESTIMATOR 355.644775 0.44602
13.268 3 DESIRED 0.46 0.15 1. 57. 37. 436. 5. 15.
13.300 3 ATTITUDE -0.027757 -3.141244 -0.175662
13.316 3 ENERGY 0 12.37 0. 0. 0. 0. 0.
13.331 3 WP_MOVED 11 641807.5 5474574.5 436. 32
13.379 3 IMU_MAG 0 0. 0. 0.
13.396 3 ATTITUDE -0.027769 -3.141301 -0.175653
13.433 3 NAVIGATION 10 0 0. 0. 0. 0. 0 17 17 1 0 0
13.459 3 GPS 0 0 0 0 0 0 0 0 0 0 0
13.460 3 SVINFO 0 0 0 0 0 0 0
13.491 3 PPRZ_MODE 2 3 3 2 0 4
13.491 3 CALIBRATION -150. 0
13.492 3 DESIRED 0.46 0.15 1. 57. 37. 436. 5. 15.
13.492 3 IMU_GYRO 1 -0.063232 0.00293 -0.006348
13.492 3 ATTITUDE -0.027815 -3.141282 -0.175635
13.587 3 ATTITUDE -0.027812 -3.141336 -0.175612
13.619 3 FBW_STATUS 2 0 1 12.37 0.
13.667 3 DESIRED 0.46 0.15 1. 57. 37. 436. 5. 15.
13.683 3 IMU_ACCEL 1 -1.604492 0.254883 -8.979492
13.699 3 GPS 0 0 0 0 0 0 0 0 0 0 0
13.715 3 SVINFO 0 0 0 0 0 0 0
13.716 3 ATTITUDE -0.027789 -3.141362 -0.175592
13.716 3 ESTIMATOR 355.658203 0.316056
13.779 3 CIRCLE 2.8 -28.299999 60.
13.795 3 ATTITUDE -0.027812 -3.141412 -0.175624
13.827 3 DL_VALUE 11 0.
13.827 3 WP_MOVED 0 641794. 5474653. 436. 32
13.875 3 DESIRED 0.46 0.15 1. 57. 37. 436. 5. 15.
13.891 3 ATTITUDE -0.027828 -3.141452 -0.175619
13.902 3 LINK_REPORT 3 -1 14 0 13322 556 0 951. 40. 2 46.27
13.955 3 GPS 0 0 0 0 0 0 0 0 0 0 0
13.956 3 SVINFO 0 0 0 0 0 0 0
13.987 3 ATTITUDE -0.027786 -3.141482 -0.175646
14.068 3 DESIRED 0.46 0.15 1. 57. 37. 436. 5. 15.
14.083 3 IMU_GYRO 1 -0.062256 0.003418 -0.007324
14.099 3 ATTITUDE -0.027725 -3.141536 -0.175674
14.131 3 AIRSPEED 0. 0. 0. 0.
14.212 3 GPS 0 0 0 0 0 0 0 0 0 0 0
14.212 3 SVINFO 0 0 0 0 0 0 0
14.213 3 ATTITUDE -0.027733 3.14159 -0.175672
14.227 3 GPS_SOL 0 0 0 0
14.228 3 ESTIMATOR 355.646515 0.23607
14.243 3 FBW_STATUS 2 0 1 12.37 0.
14.276 3 DESIRED 0.46 0.15 1. 57. 37. 436. 5. 15.
14.291 3 ATTITUDE -0.027771 3.141565 -0.175689
14.323 3 WP_MOVED 1 641794. 5474653. 436. 32
14.387 3 ATTITUDE -0.027784 3.141507 -0.175716
14.420 3 ENERGY 0 12.37 0. 0. 0. 0. 0.
14.435 3 NAVIGATION 10 0 0. 0. 0. 0. 0 18 18 1 0 0
14.451 3 GPS 0 0 0 0 0 0 0 0 0 0 0
14.451 3 SVINFO 0 0 0 0 0 0 0
14.467 3 DESIRED 0.46 0.15 1. 57. 37. 436. 5. 15.
14.483 3 IMU_ACCEL 1 -1.570312 0.233398 -8.931641
14.499 3 ATTITUDE -0.027802 3.141521 -0.175708
14.596 3 ATTITUDE -0.027817 3.141497 -0.17568
14.691 3 DESIRED 0.46 0.15 1. 57. 37. 436. 5. 15.
14.692 3 IMU_GYRO 1 -0.062256 0.002197 -0.007812
14.696 3 IMU_MAG 0 0. 0. 0.
14.719 3 GPS 0 0 0 0 0 0 0 0 0 0 0
14.720 3 SVINFO 0 0 0 0 0 0 0
14.721 3 ATTITUDE -0.027812 3.141515 -0.175687
14.721 3 ESTIMATOR 355.45697 0.050008
14.799 3 ATTITUDE -0.027839 3.141488 -0.175646
14.831 3 COMMANDS 0,4261,4597
14.831 3 CIRCLE 2.8 -28.299999 60.
14.832 3 WP_MOVED 2 641796.8125 5474624.5 436. 32
14.879 3 DESIRED 0.46 0.15 1. 57. 37. 436. 5. 15.
14.895 3 ATTITUDE -0.02784 3.141467 -0.175601
14.902 3 LINK_REPORT 3 -1 15 0 14251 594 0 929. 38. 2 46.27
14.958 3 GPS 0 0 0 0 0 0 0 0 0 0 0
14.959 3 SVINFO 0 0 0 0 0 0 0
14.991 3 ATTITUDE -0.027815 3.141443 -0.175582
15.071 3 DESIRED 0.46 0.15 1. 57. 37. 436. 5. 15.
15.087 3 ATTITUDE -0.02781 3.141449 -0.175601
15.119 3 AIRSPEED 0. 0. 0. 0.
15.183 3 STATE_FILTER_STATUS 6 3 0
15.215 3 GPS 0 0 0 0 0 0 0 0 0 0 0
15.216 3 SVINFO 0 0 0 0 0 0 0
15.223 3 ATTITUDE -0.027832 3.141449 -0.175638
15.223 3 ESTIMATOR 355.389374 0.002563
15.290 3 DESIRED 0.46 0.15 1. 57. 37. 436. 5. 15.
15.291 3 IMU_ACCEL 1 -1.594727 0.235352 -8.939453
15.292 3 IMU_GYRO 1 -0.062744 0.002197 -0.006348
15.292 3 ATTITUDE -0.027869 3.141428 -0.175668
15.322 3 DL_VALUE 12 0.
15.338 3 WP_MOVED 3 641820. 5474501. 446. 32
15.386 3 ATTITUDE -0.027863 3.141415 -0.17564
15.439 3 NAVIGATION 10 0 0. 0. 0. 0. 0 19 19 1 0 0
15.449 3 PONG 
15.450 3 GPS 0 0 0 0 0 0 0 0 0 0 0
15.450 3 SVINFO 0 0 0 0 0 0 0
15.466 3 DESIRED 0.46 0.15 1. 57. 37. 436. 5. 15.
15.498 3 ATTITUDE -0.027863 3.141356 -0.175668
15.514 3 ENERGY 0 12.37 0. 0. 0. 0. 0.
15.562 3 CALIBRATION -150. 0
15.594 3 ATTITUDE -0.027888 3.141336 -0.175667
15.626 3 FBW_STATUS 2 0 1 12.37 0.
15.675 3 DESIRED 0.46 0.15 1. 57. 37. 436. 5. 15.
15.690 3 DATALINK_REPORT 0 3 0 940 0 0
15.720 3 GPS 0 0 0 0 0 0 0 0 0 0 0
15.720 3 SVINFO 0 0 0 0 0 0 0
15.721 3 ATTITUDE -0.027903 3.141319 -0.175661
15.721 3 ESTIMATOR 355.191925 -0.099328
15.799 3 ATTITUDE -0.027914 3.141274 -0.175658
15.832 3 WP_MOVED 4 641757.8125 5474491. 446. 32
15.892 3 DESIRED 0.46 0.15 1. 57. 37. 436. 5. 15.
15.892 3 IMU_GYRO 1 -0.062744 0.003418 -0.006836
15.893 3 CIRCLE 2.8 -28.299999 60.
15.893 3 ATTITUDE -0.027946 3.14127 -0.175616
15.903 3 LINK_REPORT 3 -1 16 0 15190 634 0 939. 40. 3 55.16
15.955 3 GPS 0 0 0 0 0 0 0 0 0 0 0
15.955 3 SVINFO 0 0 0 0 0 0 0
15.971 3 IMU_MAG 0 0. 0. 0.
15.987 3 ATTITUDE -0.027972 3.141267 -0.175619
16.068 3 DESIRED 0.46 0.15 1. 57. 37. 436. 5. 15.
16.084 3 IMU_ACCEL 1 -1.591797 0.256836 -8.951172
16.100 3 ATTITUDE -0.027999 3.141242 -0.17563
16.132 3 AIRSPEED 0. 0. 0. 0.
16.212 3 GPS 0 0 0 0 0 0 0 0 0 0 0
16.213 3 SVINFO 0 0 0 0 0 0 0
16.213 3 ATTITUDE -0.028031 3.141248 -0.175616
16.228 3 GPS_SOL 0 0 0 0
16.228 3 ESTIMATOR 355.156982 -0.096022
16.244 3 FBW_STATUS 2 0 1 12.376185 0.
16.276 3 DESIRED 0.46 0.15 1. 57. 37. 436. 5. 15.
16.292 3 ATTITUDE -0.028123 3.141242 -0.175634
16.324 3 WP_MOVED 5 641729. 5474694.5 466. 32
16.324 3 COMMANDS 0,4264,4598
16.388 3 ATTITUDE -0.028155 3.141267 -0.175651
16.439 3 NAVIGATION 10 0 0. 0. 0. 0. 0 20 20 1 0 0
16.451 3 GPS 0 0 0 0 0 0 0 0 0 0 0
16.451 3 SVINFO 0 0 0 0 0 0 0
16.467 3 DESIRED 0.46 0.15 1. 57. 37. 436. 5. 15.
16.483 3 IMU_GYRO 1 -0.062744 0.002197 -0.006836
16.500 3 ATTITUDE -0.028184 3.14124 -0.175677
16.596 3 ATTITUDE -0.028257 3.141236 -0.17567
16.612 3 ENERGY 0 12.376185 0. 0. 0. 0. 0.
16.676 3 DESIRED 0.46 0.15 1. 57. 37. 436. 5. 15.
16.718 3 GPS 0 0 0 0 0 0 0 0 0 0 0
16.719 3 SVINFO 0 0 0 0 0 0 0
16.720 3 ATTITUDE -0.028279 3.141274 -0.175713
16.720 3 ESTIMATOR 355.159729 -0.062047
16.798 3 ATTITUDE -0.028283 3.141262 -0.175693
16.830 3 DL_VALUE 13 0.
16.830 3 WP_MOVED 6 641754.875 5474698.5 466. 32
16.879 3 DESIRED 0.46 0.15 1. 57. 37. 436. 5. 15.
16.880 3 IMU_ACCEL 1 -1.553711 0.216797 -8.944336
16.894 3 ATTITUDE -0.028281 3.14123 -0.175706
16.904 3 LINK_REPORT 3 -1 17 0 16112 672 0 922. 38. 3 55.16
16.926 3 CIRCLE 2.8 -28.299999 60.
16.958 3 GPS 0 0 0 0 0 0 0 0 0 0 0
16.958 3 SVINFO 0 0 0 0 0 0 0
16.989 3 ATTITUDE -0.028259 3.141224 -0.175759
17.071 3 DESIRED 0.46 0.15 1. 57. 37. 436. 5. 15.
17.072 3 IMU_GYRO 1 -0.061523 0.002197 -0.006836
17.086 3 ATTITUDE -0.028262 3.141211 -0.175783
17.118 3 AIRSPEED 0. 0. 0. 0.
17.229 3 GPS 0 0 0 0 0 0 0 0 0 0 0
17.230 3 SVINFO 0 0 0 0 0 0 0
17.231 3 ATTITUDE -0.028266 3.141203 -0.175799
17.231 3 LOGGER_STATUS 0 0 0 none
17.231 3 ESTIMATOR 355.355957 0.060304
17.277 3 DESIRED 0.46 0.15 1. 57. 37. 436. 5. 15.
17.292 3 IMU_MAG 0 0. 0. 0.
17.308 3 ATTITUDE -0.028271 3.141177 -0.17578
17.324 3 WP_MOVED 7 641788.1875 5474495. 446. 32
17.325 3 ACTUATORS 1040,1513,1154
17.388 3 STATE_FILTER_STATUS 6 3 0
17.404 3 ATTITUDE -0.028257 3.141155 -0.175762
17.440 3 NAVIGATION 10 0 0. 0. 0. 0. 0 21 21 1 0 0
17.452 3 GPS 0 0 0 0 0 0 0 0 0 0 0
17.452 3 SVINFO 0 0 0 0 0 0 0
17.468 3 DESIRED 0.46 0.15 1. 57. 37. 436. 5. 15.
17.501 3 ATTITUDE -0.028248 3.141129 -0.175781
17.596 3 ATTITUDE -0.028242 3.141109 -0.175822
17.629 3 FBW_STATUS 2 0 1 12.376185 0.
17.690 3 CALIBRATION -150. 0
17.690 3 DESIRED 0.46 0.15 1. 57. 37. 436. 5. 15.
17.691 3 IMU_ACCEL 1 -1.611328 0.245117 -8.924805
17.718 3 IMU_GYRO 1 -0.063232 0.002197 -0.007812
17.718 3 GPS 0 0 0 0 0 0 0 0 0 0 0
17.719 3 SVINFO 0 0 0 0 0 0 0
17.719 3 ATTITUDE -0.028259 3.141093 -0.175884
17.720 3 ENERGY 0 12.37 0. 0. 0. 0. 0.
17.734 3 ESTIMATOR 355.533936 0.128589
17.798 3 ATTITUDE -0.028276 3.141074 -0.175889
17.830 3 WP_MOVED 8 641844.1875 5474504.5 446. 32
17.878 3 DESIRED 0.46 0.15 1. 57. 37. 436. 5. 15.
17.894 3 ATTITUDE -0.028272 3.141097 -0.175946
17.905 3 LINK_REPORT 3 -1 18 0 17066 712 0 954. 40. 3 55.16
17.958 3 GPS 0 0 0 0 0 0 0 0 0 0 0
17.959 3 SVINFO 0 0 0 0 0 0 0
17.973 3 CIRCLE 2.8 -28.299999 60.
17.989 3 ATTITUDE -0.028298 3.141062 -0.175954
18.070 3 DESIRED 0.46 0.15 1. 57. 37. 436. 5. 15.
18.086 3 ATTITUDE -0.028306 3.141025 -0.175955
18.118 3 AIRSPEED 0. 0. 0. 0.
18.214 3 GPS 0 0 0 0 0 0 0 0 0 0 0
18.215 3 SVINFO 0 0 0 0 0 0 0
18.215 3 ATTITUDE -0.028339 3.140986 -0.175967
18.230 3 ALIVE 193,19,1,192,171,1,182,189,156,114,250,231,215,119,39,139
18.246 3 GPS_SOL 0 0 0 0
18.246 3 ESTIMATOR 355.723297 0.209368
18.247 3 FBW_STATUS 2 0 1 12.37 0.
18.278 3 DESIRED 0.46 0.15 1. 57. 37. 436. 5. 15.
18.279 3 IMU_GYRO 1 -0.063232 0.00293 -0.007812
18.294 3 ATTITUDE -0.028381 3.140929 -0.175965
18.326 3 NAVIGATION_REF 641794 5474653 32 356.
18.327 3 DL_VALUE 14 70.
18.342 3 WP_MOVED 9 641814.5 5474703. 476. 32
18.358 3 PPRZ_MODE 2 3 3 2 0 4
18.390 3 ATTITUDE -0.028384 3.14089 -0.175923
18.422 3 NAVIGATION 10 0 0. 0. 0. 0. 0 22 22 1 0 0
18.453 3 GPS 0 0 0 0 0 0 0 0 0 0 0
18.454 3 SVINFO 0 0 0 0 0 0 0
18.470 3 DESIRED 0.46 0.15 1. 57. 37. 436. 5. 15.
18.470 3 IMU_ACCEL 1 -1.591797 0.216797 -8.936523
18.486 3 ATTITUDE -0.028398 3.140902 -0.17588
18.566 3 IMU_MAG 0 0. 0. 0.
18.598 3 ATTITUDE -0.028428 3.140902 -0.175871
18.679 3 DESIRED 0.46 0.15 1. 57. 37. 436. 5. 15.
18.711 3 GPS 0 0 0 0 0 0 0 0 0 0 0
18.712 3 SVINFO 0 0 0 0 0 0 0
18.713 3 ATTITUDE -0.028439 3.140873 -0.175885
18.726 3 ESTIMATOR 355.603973 0.077399
18.790 3 ATTITUDE -0.028414 3.140834 -0.175886
18.823 3 ENERGY 0 12.363815 0. 0. 0. 0. 0.
18.838 3 WP_MOVED 10 641786.375 5474701. 476. 32
18.871 3 DESIRED 0.46 0.15 1. 57. 37. 436. 5. 15.
18.871 3 IMU_GYRO 1 -0.062256 0.003906 -0.007812
18.886 3 ATTITUDE -0.02841 3.140789 -0.175862
18.905 3 LINK_REPORT 3 -1 19 0 18053 753 0 987. 41. 3 55.16
18.951 3 GPS 0 0 0 0 0 0 0 0 0 0 0
18.951 3 SVINFO 0 0 0 0 0 0 0
18.998 3 ATTITUDE -0.028409 3.140762 -0.175885
19.014 3 CIRCLE 2.8 -28.299999 60.
19.063 3 DESIRED 0.46 0.15 1. 57. 37. 436. 5. 15.
19.095 3 ATTITUDE -0.028428 3.140744 -0.175934
19.127 3 AIRSPEED 0. 0. 0. 0.
19.218 3 GPS 0 0 0 0 0 0 0 0 0 0 0
19.219 3 SVINFO 0 0 0 0 0 0 0
19.219 3 ATTITUDE -0.028455 3.140738 -0.175972
19.220 3 ESTIMATOR 355.869415 0.208
19.282 3 DESIRED 0.46 0.15 1. 57. 37. 436. 5. 15.
19.283 3 IMU_ACCEL 1 -1.587891 0.243164 -8.984375
19.298 3 ATTITUDE -0.028493 3.14072 -0.175976
19.330 3 WP_MOVED 11 641807.5 5474574.5 436. 32
19.394 3 ATTITUDE -0.028482 3.140664 -0.175963
19.426 3 NAVIGATION 10 0 0. 0. 0. 0. 0 23 23 1 0 0
19.457 3 GPS 0 0 0 0 0 0 0 0 0 0 0
19.457 3 SVINFO 0 0 0 0 0 0 0
19.474 3 DESIRED 0.46 0.15 1. 57. 37. 436. 5. 15.
19.474 3 IMU_GYRO 1 -0.063232 0.00293 -0.006348
19.489 3 ATTITUDE -0.028523 3.14065 -0.175944
19.586 3 STATE_FILTER_STATUS 6 3 0
19.602 3 ATTITUDE -0.028539 3.140647 -0.175989
19.618 3 FBW_STATUS 2 0 1 12.363815 0.
19.666 3 DESIRED 0.46 0.15 1. 57. 37. 436. 5. 15.
19.698 3 GPS 0 0 0 0 0 0 0 0 0 0 0
19.714 3 SVINFO 0 0 0 0 0 0 0
19.715 3 ATTITUDE -0.028559 3.140599 -0.176
19.715 3 ESTIMATOR 356.203613 0.325748
19.762 3 CALIBRATION -150. 0
19.794 3 ATTITUDE -0.028565 3.14061 -0.175988
19.826 3 COMMANDS 0,4268,4603
19.827 3 DL_VALUE 15 0.
19.827 3 WP_MOVED 0 641794. 5474653. 436. 32
19.874 3 DESIRED 0.46 0.15 1. 57. 37. 436. 5. 15.
19.890 3 IMU_MAG 0 0. 0. 0.
19.906 3 LINK_REPORT 3 -1 20 0 18927 790 0 874. 37. 3 55.16
19.906 3 ATTITUDE -0.028588 3.140572 -0.176006
19.922 3 ENERGY 0 12.37 0. 0. 0. 0. 0.
19.954 3 GPS 0 0 0 0 0 0 0 0 0 0 0
19.954 3 SVINFO 0 0 0 0 0 0 0
19.986 3 ATTITUDE -0.028598 3.140542 -0.175991
20.092 3 DESIRED 0.46 0.15 1. 57. 37. 436. 5. 15.
20.094 3 IMU_ACCEL 1 -1.59668 0.223633 -8.953125
20.094 3 IMU_GYRO 1 -0.061523 0.002197 -0.007812
20.094 3 CIRCLE 2.8 -28.299999 60.
20.095 3 ATTITUDE -0.028594 3.140502 -0.17596
20.124 3 AIRSPEED 0. 0. 0. 0.
20.220 3 GPS 0 0 0 0 0 0 0 0 0 0 0
20.221 3 SVINFO 0 0 0 0 0 0 0
20.227 3 ATTITUDE -0.02861 3.140461 -0.17599
20.235 3 GPS_SOL 0 0 0 0
20.236 3 ESTIMATOR 356.444305 0.383762
20.236 3 FBW_STATUS 2 0 1 12.37 0.
20.251 3 AUTOPILOT_VERSION 60400 v6.4.0_stable
20.268 3 DESIRED 0.46 0.15 1. 57. 37. 436. 5. 15.
20.299 3 ATTITUDE -0.028619 3.140388 -0.175988
20.315 3 WP_MOVED 1 641794. 5474653. 436. 32
20.395 3 ATTITUDE -0.028653 3.14036 -0.175967
20.428 3 NAVIGATION 10 0 0. 0. 0. 0. 0 24 24 1 0 0
20.444 3 PONG 
20.459 3 GPS 0 0 0 0 0 0 0 0 0 0 0
20.459 3 SVINFO 0 0 0 0 0 0 0
20.475 3 DESIRED 0.46 0.15 1. 57. 37. 436. 5. 15.
20.491 3 ATTITUDE -0.028657 3.140338 -0.175996
20.588 3 ATTITUDE -0.02865 3.140288 -0.175986
20.668 3 DESIRED 0.46 0.15 1. 57. 37. 436. 5. 15.
20.684 3 IMU_GYRO 1 -0.063232 0.003418 -0.007812
20.700 3 GPS 0 0 0 0 0 0 0 0 0 0 0
20.716 3 SVINFO 0 0 0 0 0 0 0
20.717 3 ATTITUDE -0.028655 3.140229 -0.175993
20.717 3 ESTIMATOR 356.778137 0.435654
20.764 3 DATALINK_REPORT 0 4 0 949 0 0
20.796 3 ATTITUDE -0.028641 3.140203 -0.176018
20.828 3 WP_MOVED 2 641796.8125 5474624.5 436. 32
20.876 3 DESIRED 0.46 0.15 1. 57. 37. 436. 5. 15.
20.877 3 IMU_ACCEL 1 -1.609375 0.21875 -8.941406
20.892 3 ATTITUDE -0.028644 3.140154 -0.176032
20.907 3 LINK_REPORT 3 -1 21 0 19914 831 0 987. 41. 4 47.26
20.955 3 GPS 0 0 0 0 0 0 0 0 0 0 0
20.956 3 SVINFO 0 0 0 0 0 0 0
20.987 3 ATTITUDE -0.02863 3.140095 -0.176047
21.020 3 ENERGY 0 12.376185 0. 0. 0. 0. 0.
21.068 3 DESIRED 0.46 0.15 1. 57. 37. 436. 5. 15.
21.100 3 ATTITUDE -0.028663 3.140051 -0.176019
21.132 3 CIRCLE 2.8 -28.299999 60.
21.132 3 AIRSPEED 0. 0. 0. 0.
21.180 3 IMU_MAG 0 0. 0. 0.
21.212 3 GPS 0 0 0 0 0 0 0 0 0 0 0
21.213 3 SVINFO 0 0 0 0 0 0 0
21.213 3 ATTITUDE -0.028666 3.139979 -0.176034
21.228 3 ESTIMATOR 356.881989 0.391027
21.276 3 DESIRED 0.46 0.15 1. 57. 37. 436. 5. 15.
21.277 3 IMU_GYRO 1 -0.057861 -0.010498 -0.005127
21.292 3 ATTITUDE -0.028989 3.14007 -0.177281
21.324 3 DL_VALUE 16 70.
21.340 3 WP_MOVED 3 641820. 5474501. 446. 32
21.341 3 COMMANDS 0,4270,4618
21.388 3 ATTITUDE -0.029055 3.140051 -0.176954
21.437 3 NAVIGATION 10 0 0. 0. 0. 0. 0 25 25 1 0 0
21.451 3 GPS 0 0 0 0 0 0 0 0 0 0 0
21.452 3 SVINFO 0 0 0 0 0 0 0
21.467 3 DESIRED 0.46 0.15 1. 57. 37. 436. 5. 15.
21.500 3 ATTITUDE -0.029099 3.140004 -0.177026
21.596 3 ATTITUDE -0.029144 3.140006 -0.177084
21.628 3 FBW_STATUS 2 0 1 12.37 0.
21.677 3 DESIRED 0.46 0.15 1. 57. 37. 436. 5. 15.
21.678 3 IMU_ACCEL 1 -1.59668 0.254883 -8.946289
21.718 3 GPS 0 0 0 0 0 0 0 0 0 0 0
21.719 3 SVINFO 0 0 0 0 0 0 0
21.720 3 ATTITUDE -0.029101 3.139977 -0.177102
21.720 3 ESTIMATOR 356.924591 0.2935
21.782 3 STATE_FILTER_STATUS 6 3 0
21.799 3 ATTITUDE -0.029096 3.139971 -0.177131
21.831 3 WP_MOVED 4 641757.8125 5474491. 446. 32
21.890 3 CALIBRATION -150. 0
21.890 3 DESIRED 0.46 0.15 1. 57. 37. 436. 5. 15.
21.891 3 IMU_GYRO 1 -0.062744 0.000732 -0.006348
21.891 3 ATTITUDE -0.029091 3.139934 -0.177141
21.907 3 LINK_REPORT 3 -1 22 0 20862 871 0 948. 40. 4 47.26
21.954 3 GPS 0 0 0 0 0 0 0 0 0 0 0
21.956 3 SVINFO 0 0 0 0 0 0 0
21.986 3 ATTITUDE -0.029137 3.139913 -0.17709
22.067 3 DESIRED 0.46 0.15 1. 57. 37. 436. 5. 15.
22.099 3 ATTITUDE -0.02904 3.139825 -0.177098
22.115 3 ENERGY 0 12.35763 0. 0. 0. 0. 0.
22.131 3 AIRSPEED 0. 0. 0. 0.
22.179 3 CIRCLE 2.8 -28.299999 60.
22.211 3 GPS 0 0 0 0 0 0 0 0 0 0 0
22.212 3 SVINFO 0 0 0 0 0 0 0
22.212 3 ATTITUDE -0.028935 3.139762 -0.176674
22.227 3 GPS_SOL 0 0 0 0
22.227 3 ESTIMATOR 356.828156 0.180615
22.243 3 FBW_STATUS 2 0 1 12.363815 0.
22.275 3 DESIRED 0.46 0.15 1. 57. 37. 436. 5. 15.
22.291 3 LOGGER_STATUS 0 0 0 none
22.307 3 ATTITUDE -0.028796 3.139727 -0.176023
22.323 3 WP_MOVED 5 641729. 5474694.5 466. 32
22.324 3 ACTUATORS 1040,1513,1154
22.387 3 ATTITUDE -0.028801 3.139703 -0.176052
22.435 3 NAVIGATION 10 0 0. 0. 0. 0. 0 26 26 1 0 0
22.451 3 GPS 0 0 0 0 0 0 0 0 0 0 0
22.451 3 SVINFO 0 0 0 0 0 0 0
22.493 3 DESIRED 0.46 0.15 1. 57. 37. 436. 5. 15.
22.493 3 IMU_ACCEL 1 -1.591797 0.269531 -8.953125
22.493 3 IMU_GYRO 1 -0.062744 0.001709 -0.006836
22.494 3 IMU_MAG 0 0. 0. 0.
22.494 3 ATTITUDE -0.028817 3.139659 -0.176013
22.589 3 ATTITUDE -0.02881 3.13958 -0.17604
22.669 3 DESIRED 0.46 0.15 1. 57. 37. 436. 5. 15.
22.701 3 GPS 0 0 0 0 0 0 0 0 0 0 0
22.717 3 SVINFO 0 0 0 0 0 0 0
22.718 3 ATTITUDE -0.028824 3.139543 -0.176011
22.718 3 ESTIMATOR 356.629089 0.013307
22.797 3 ATTITUDE -0.028736 3.139468 -0.175819
22.829 3 DL_VALUE 17 0.
22.830 3 WP_MOVED 6 641754.875 5474698.5 466. 32
22.877 3 DESIRED 0.46 0.15 1. 57. 37. 436. 5. 15.
22.893 3 ATTITUDE -0.028634 3.139253 -0.176501
22.908 3 LINK_REPORT 3 -1 23 0 21802 910 0 940. 39. 4 47.26
22.957 3 GPS 0 0 0 0 0 0 0 0 0 0 0
22.958 3 SVINFO 0 0 0 0 0 0 0
22.989 3 ATTITUDE -0.028637 3.139168 -0.175673
23.069 3 DESIRED 0.46 0.15 1. 57. 37. 436. 5. 15.
23.085 3 IMU_GYRO 1 -0.060059 -0.007324 -0.01001
23.086 3 ATTITUDE -0.028297 3.138799 -0.175096
23.117 3 AIRSPEED 0. 0. 0. 0.
23.198 3 GPS 0 0 0 0 0 0 0 0 0 0 0
23.213 3 SVINFO 0 0 0 0 0 0 0
23.214 3 ATTITUDE -0.028281 3.138779 -0.174948
23.241 3 ENERGY 0 12.37 0. 0. 0. 0. 0.
23.242 3 CIRCLE 2.8 -28.299999 60.
23.243 3 ESTIMATOR 356.47998 -0.073096
23.274 3 PPRZ_MODE 2 3 3 2 0 4
23.274 3 DESIRED 0.46 0.15 1. 57. 37. 436. 5. 15.
23.289 3 IMU_ACCEL 1 -1.65918 0.175781 -9.097656
23.290 3 ATTITUDE -0.028286 3.138731 -0.175189
23.322 3 ALIVE 193,19,1,192,171,1,182,189,156,114,250,231,215,119,39,139
23.337 3 WP_MOVED 7 641788.1875 5474495. 446. 32
23.385 3 ATTITUDE -0.028218 3.138644 -0.174899
23.434 3 NAVIGATION 10 0 0. 0. 0. 0. 0 27 27 1 0 0
23.456 3 GPS 0 0 0 0 0 0 0 0 0 0 0
23.456 3 SVINFO 0 0 0 0 0 0 0
23.465 3 DESIRED 0.46 0.15 1. 57. 37. 436. 5. 15.
23.497 3 ATTITUDE -0.028367 3.138756 -0.174573
23.594 3 ATTITUDE -0.028427 3.138387 -0.176701
23.626 3 FBW_STATUS 2 0 1 12.37 0.
23.674 3 DESIRED 0.46 0.15 1. 57. 37. 436. 5. 15.
23.675 3 IMU_GYRO 1 -0.061035 0.002197 -0.006348
23.721 3 GPS 0 0 0 0 0 0 0 0 0 0 0
23.722 3 SVINFO 0 0 0 0 0 0 0
23.723 3 ATTITUDE -0.028467 3.138458 -0.175648
23.723 3 ESTIMATOR 356.327026 -0.135347
23.766 3 IMU_MAG 0 0. 0. 0.
23.798 3 ATTITUDE -0.028434 3.13845 -0.175511
23.830 3 WP_MOVED 8 641844.1875 5474504.5 446. 32
23.878 3 DESIRED 0.46 0.15 1. 57. 37. 436. 5. 15.
23.894 3 ATTITUDE -0.028384 3.138408 -0.175589
23.909 3 LINK_REPORT 3 -1 24 0 22736 948 0 934. 38. 4 47.26
23.958 3 GPS 0 0 0 0 0 0 0 0 0 0 0
23.959 3 SVINFO 0 0 0 0 0 0 0
23.959 3 CALIBRATION -150. 0
23.973 3 STATE_FILTER_STATUS 6 3 0
24.006 3 ATTITUDE -0.028394 3.138368 -0.175419
24.070 3 DESIRED 0.46 0.15 1. 57. 37. 436. 5. 15.
24.086 3 IMU_ACCEL 1 -1.584961 0.225586 -8.922852
24.086 3 ATTITUDE -0.028396 3.13832 -0.175418
24.118 3 AIRSPEED 0. 0. 0. 0.
24.215 3 GPS 0 0 0 0 0 0 0 0 0 0 0
24.217 3 SVINFO 0 0 0 0 0 0 0
24.217 3 ATTITUDE -0.028382 3.138293 -0.175496
24.230 3 GPS_SOL 0 0 0 0
24.231 3 ESTIMATOR 356.334839 -0.103415
24.231 3 FBW_STATUS 2 0 1 12.37 0.
24.290 3 DESIRED 0.46 0.15 1. 57. 37. 436. 5. 15.
24.291 3 IMU_GYRO 1 -0.063232 0.004395 -0.007812
24.292 3 CIRCLE 2.8 -28.299999 60.
24.292 3 ATTITUDE -0.028378 3.138255 -0.175475
24.322 3 ENERGY 0 12.376185 0. 0. 0. 0. 0.
24.323 3 DL_VALUE 18 2.
24.338 3 WP_MOVED 9 641814.5 5474703. 476. 32
24.386 3 ATTITUDE -0.028434 3.138196 -0.175541
24.434 3 NAVIGATION 10 0 0. 0. 0. 0. 0 28 28 1 0 0
24.454 3 GPS 0 0 0 0 0 0 0 0 0 0 0
24.454 3 SVINFO 0 0 0 0 0 0 0
24.467 3 DESIRED 0.46 0.15 1. 57. 37. 436. 5. 15.
24.498 3 ATTITUDE -0.028502 3.13816 -0.175668
24.594 3 ATTITUDE -0.028586 3.138158 -0.176023
24.674 3 DESIRED 0.46 0.15 1. 57. 37. 436. 5. 15.
24.718 3 GPS 0 0 0 0 0 0 0 0 0 0 0
24.718 3 SVINFO 0 0 0 0 0 0 0
24.719 3 ATTITUDE -0.028732 3.138235 -0.176379
24.719 3 ESTIMATOR 356.329895 -0.068044
24.798 3 ATTITUDE -0.029147 3.138318 -0.178097
24.830 3 COMMANDS 0,4276,4644
24.831 3 WP_MOVED 10 641786.375 5474701. 476. 32
24.889 3 DESIRED 0.46 0.15 1. 57. 37. 436. 5. 15.
24.890 3 IMU_ACCEL 1 -1.644531 0.350586 -8.915039
24.890 3 IMU_GYRO 1 -0.064697 0.013428 -0.007812
24.891 3 ATTITUDE -0.029353 3.138222 -0.178415
24.909 3 LINK_REPORT 3 -1 25 0 23703 989 0 967. 41. 4 47.26
24.954 3 GPS 0 0 0 0 0 0 0 0 0 0 0
24.955 3 SVINFO 0 0 0 0 0 0 0
24.985 3 ATTITUDE -0.029349 3.138233 -0.178876
25.066 3 DESIRED 0.46 0.15 1. 57. 37. 436. 5. 15.
25.082 3 IMU_MAG 0 0. 0. 0.
25.097 3 ATTITUDE -0.029312 3.138206 -0.178749
25.130 3 AIRSPEED 0. 0. 0. 0.
25.210 3 GPS 0 0 0 0 0 0 0 0 0 0 0
25.210 3 SVINFO 0 0 0 0 0 0 0
25.210 3 ATTITUDE -0.029248 3.138159 -0.17822
25.226 3 ESTIMATOR 356.371765 -0.030013
25.274 3 DESIRED 0.46 0.15 1. 57. 37. 436. 5. 15.
25.289 3 ATTITUDE -0.029258 3.138129 -0.178267
25.322 3 CIRCLE 2.8 -28.299999 60.
25.338 3 WP_MOVED 11 641807.5 5474574.5 436. 32
25.386 3 ATTITUDE -0.029238 3.138079 -0.178354
25.418 3 ENERGY 0 12.363815 0. 0. 0. 0. 0.
25.459 3 NAVIGATION 10 0 0. 0. 0. 0. 0 29 29 1 0 0
25.459 3 PONG 
25.466 3 GPS 0 0 0 0 0 0 0 0 0 0 0
25.466 3 SVINFO 0 0 0 0 0 0 0
25.482 3 DESIRED 0.46 0.15 1. 57. 37. 436. 5. 15.
25.482 3 IMU_GYRO 1 -0.063232 0.000732 -0.007324
25.498 3 ATTITUDE -0.029265 3.13802 -0.178425
25.594 3 ATTITUDE -0.029249 3.137983 -0.178437
25.626 3 FBW_STATUS 2 0 1 12.351445 0.
25.674 3 DESIRED 0.46 0.15 1. 57. 37. 436. 5. 15.
25.675 3 IMU_ACCEL 1 -1.589844 0.208984 -8.953125
25.718 3 GPS 0 0 0 0 0 0 0 0 0 0 0
25.718 3 SVINFO 0 0 0 0 0 0 0
25.719 3 ATTITUDE -0.029218 3.137938 -0.178333
25.719 3 ESTIMATOR 356.181213 -0.111858
25.798 3 ATTITUDE -0.029238 3.137896 -0.178303
25.831 3 DL_VALUE 19 0.
25.831 3 WP_MOVED 0 641794. 5474653. 436. 32
25.846 3 DATALINK_REPORT 0 5 0 936 0 0
25.878 3 DESIRED 0.46 0.15 1. 57. 37. 436. 5. 15.
25.894 3 ATTITUDE -0.029255 3.137847 -0.178297
25.911 3 LINK_REPORT 3 -1 26 0 24617 1027 0 914. 38. 5 53.94
25.958 3 GPS 0 0 0 0 0 0 0 0 0 0 0
25.959 3 SVINFO 0 0 0 0 0 0 0
25.990 3 ATTITUDE -0.029277 3.137792 -0.178252
26.070 3 CALIBRATION -150. 0
26.087 3 DESIRED 0.46 0.15 1. 57. 37. 436. 5. 15.
26.088 3 IMU_GYRO 1 -0.062744 0.002197 -0.007324
26.088 3 ATTITUDE -0.029289 3.137733 -0.178361
26.118 3 AIRSPEED 0. 0. 0. 0.
26.182 3 STATE_FILTER_STATUS 6 3 0
26.199 3 GPS 0 0 0 0 0 0 0 0 0 0 0
26.215 3 SVINFO 0 0 0 0 0 0 0
26.215 3 ATTITUDE -0.02932 3.137742 -0.178524
26.231 3 GPS_SOL 0 0 0 0
26.231 3 ESTIMATOR 356.160797 -0.102753
26.232 3 FBW_STATUS 2 0 1 12.37 0.
26.279 3 DESIRED 0.46 0.15 1. 57. 37. 436. 5. 15.
26.295 3 ATTITUDE -0.029342 3.137691 -0.17856
26.327 3 WP_MOVED 1 641794. 5474653. 436. 32
26.327 3 COMMANDS 0,4274,4641
26.375 3 IMU_MAG 0 0. 0. 0.
26.375 3 CIRCLE 2.8 -28.299999 60.
26.391 3 ATTITUDE -0.029286 3.137608 -0.178559
26.423 3 NAVIGATION 10 0 0. 0. 0. 0. 0 30 30 1 0 0
26.458 3 GPS 0 0 0 0 0 0 0 0 0 0 0
26.459 3 SVINFO 0 0 0 0 0 0 0
26.470 3 DESIRED 0.46 0.15 1. 57. 37. 436. 5. 15.
26.486 3 IMU_ACCEL 1 -1.618164 0.233398 -8.946289
26.487 3 ATTITUDE -0.029256 3.137585 -0.178577
26.519 3 ENERGY 0 12.37 0. 0. 0. 0. 0.
26.599 3 ATTITUDE -0.029248 3.137507 -0.178366
26.679 3 DESIRED 0.46 0.15 1. 57. 37. 436. 5. 15.
26.680 3 IMU_GYRO 1 -0.062256 0.004395 -0.006836
26.711 3 GPS 0 0 0 0 0 0 0 0 0 0 0
26.712 3 SVINFO 0 0 0 0 0 0 0
26.712 3 ATTITUDE -0.029242 3.137467 -0.178265
26.727 3 ESTIMATOR 356.254517 -0.023309
26.791 3 ATTITUDE -0.029178 3.137392 -0.177958
26.823 3 WP_MOVED 2 641796.8125 5474624.5 436. 32
26.871 3 DESIRED 0.46 0.15 1. 57. 37. 436. 5. 15.
26.887 3 ATTITUDE -0.029088 3.137294 -0.177821
26.911 3 LINK_REPORT 3 -1 27 0 25571 1067 0 954. 40. 5 53.94
26.951 3 GPS 0 0 0 0 0 0 0 0 0 0 0
26.951 3 SVINFO 0 0 0 0 0 0 0
26.999 3 ATTITUDE -0.028988 3.137268 -0.177506
27.079 3 DESIRED 0.46 0.15 1. 57. 37. 436. 5. 15.
27.095 3 ATTITUDE -0.028909 3.137236 -0.176949
27.127 3 AIRSPEED 0. 0. 0. 0.
27.218 3 GPS 0 0 0 0 0 0 0 0 0 0 0
27.219 3 SVINFO 0 0 0 0 0 0 0
27.220 3 ATTITUDE -0.028847 3.137233 -0.176374
27.220 3 ESTIMATOR 356.232361 -0.030404
27.294 3 DESIRED 0.46 0.15 1. 57. 37. 436. 5. 15.
27.295 3 IMU_ACCEL 1 -1.583008 0.251953 -8.893555
27.295 3 IMU_GYRO 1 -0.06543 -0.005127 -0.007812
27.295 3 ATTITUDE -0.028997 3.137167 -0.177004
27.342 3 NAVIGATION_REF 641794 5474653 32 356.
27.342 3 DL_VALUE 20 0.
27.342 3 WP_MOVED 3 641820. 5474501. 446. 32
27.343 3 ACTUATORS 1040,1513,1153
27.406 3 LOGGER_STATUS 1 0 0 PPRZ\pprzlog_0161.LOG,FLIGHT_RECORDER\fr_0162.LOG
27.407 3 ATTITUDE -0.028769 3.137114 -0.17601
27.437 3 CIRCLE 2.8 -28.299999 60.
27.438 3 NAVIGATION 10 0 0. 0. 0. 0. 0 31 31 1 0 0
27.458 3 GPS 0 0 0 0 0 0 0 0 0 0 0
27.459 3 SVINFO 0 0 0 0 0 0 0
27.470 3 DESIRED 0.46 0.15 1. 57. 37. 436. 5. 15.
27.501 3 ATTITUDE -0.028983 3.137085 -0.176959
27.597 3 ATTITUDE -0.028559 3.137064 -0.175857
27.614 3 ENERGY 0 12.363815 0. 0. 0. 0. 0.
27.630 3 FBW_STATUS 2 0 1 12.363815 0.
27.678 3 DESIRED 0.46 0.15 1. 57. 37. 436. 5. 15.
27.694 3 IMU_MAG 0 0. 0. 0.
27.720 3 GPS 0 0 0 0 0 0 0 0 0 0 0
27.721 3 SVINFO 0 0 0 0 0 0 0
27.721 3 ATTITUDE -0.028495 3.137051 -0.175754
27.722 3 ESTIMATOR 356.184784 -0.048819
27.800 3 ATTITUDE -0.02859 3.136992 -0.176471
27.832 3 WP_MOVED 4 641757.8125 5474491. 446. 32
27.880 3 DESIRED 0.46 0.15 1. 57. 37. 436. 5. 15.
27.881 3 IMU_GYRO 1 -0.062744 0.003906 -0.007324
27.896 3 ATTITUDE -0.028623 3.136965 -0.176629
27.912 3 LINK_REPORT 3 -1 28 0 26579 1107 0 1008. 40. 5 53.94
27.959 3 GPS 0 0 0 0 0 0 0 0 0 0 0
27.959 3 SVINFO 0 0 0 0 0 0 0
27.991 3 ATTITUDE -0.028684 3.136921 -0.176423
28.072 3 DESIRED 0.46 0.15 1. 57. 37. 436. 5. 15.
28.088 3 IMU_ACCEL 1 -1.652344 0.251953 -9.035156
28.088 3 ATTITUDE -0.028617 3.136923 -0.17626
28.120 3 AIRSPEED 0. 0. 0. 0.
28.168 3 PPRZ_MODE 2 3 3 2 0 4
28.169 3 CALIBRATION -150. 0
28.200 3 GPS 0 0 0 0 0 0 0 0 0 0 0
28.216 3 SVINFO 0 0 0 0 0 0 0
28.217 3 ATTITUDE -0.028548 3.136871 -0.176168
28.232 3 GPS_SOL 0 0 0 0
28.233 3 ESTIMATOR 356.118988 -0.077206
28.233 3 FBW_STATUS 2 0 1 12.37 0.
28.280 3 DESIRED 0.46 0.15 1. 57. 37. 436. 5. 15.
28.296 3 ATTITUDE -0.028579 3.136853 -0.175887
28.328 3 WP_MOVED 5 641729. 5474694.5 466. 32
28.376 3 STATE_FILTER_STATUS 6 3 0
28.408 3 ATTITUDE -0.028612 3.136804 -0.176322
28.409 3 ALIVE 193,19,1,192,171,1,182,189,156,114,250,231,215,119,39,139
28.424 3 NAVIGATION 10 0 0. 0. 0. 0. 0 32 32 1 0 0
28.460 3 GPS 0 0 0 0 0 0 0 0 0 0 0
28.461 3 SVINFO 0 0 0 0 0 0 0
28.472 3 DESIRED 0.46 0.15 1. 57. 37. 436. 5. 15.
28.488 3 IMU_GYRO 1 -0.063232 0.003906 -0.007324
28.488 3 CIRCLE 2.8 -28.299999 60.
28.489 3 ATTITUDE -0.02864 3.136769 -0.176417
28.600 3 ATTITUDE -0.028566 3.136739 -0.176508
28.665 3 DESIRED 0.46 0.15 1. 57. 37. 436. 5. 15.
28.713 3 GPS 0 0 0 0 0 0 0 0 0 0 0
28.713 3 SVINFO 0 0 0 0 0 0 0
28.714 3 ATTITUDE -0.028525 3.13669 -0.175877
28.728 3 ENERGY 0 12.37 0. 0. 0. 0. 0.
28.729 3 ESTIMATOR 356.100861 -0.064826
28.792 3 ATTITUDE -0.028506 3.136637 -0.176017
28.824 3 DL_VALUE 21 0.
28.825 3 WP_MOVED 6 641754.875 5474698.5 466. 32
28.873 3 DESIRED 0.46 0.15 1. 57. 37. 436. 5. 15.
28.873 3 IMU_ACCEL 1 -1.683594 0.207031 -8.962891
28.888 3 ATTITUDE -0.028541 3.136619 -0.175972
28.912 3 LINK_REPORT 3 -1 29 0 27549 1148 0 970. 41. 5 53.94
28.954 3 GPS 0 0 0 0 0 0 0 0 0 0 0
28.954 3 SVINFO 0 0 0 0 0 0 0
28.968 3 IMU_MAG 0 0. 0. 0.
29.000 3 ATTITUDE -0.028585 3.136535 -0.176516
29.081 3 DESIRED 0.46 0.15 1. 57. 37. 436. 5. 15.
29.082 3 IMU_GYRO 1 -0.063721 -0.000488 -0.006836
29.097 3 ATTITUDE -0.028634 3.136518 -0.176472
29.129 3 AIRSPEED 0. 0. 0. 0.
29.219 3 GPS 0 0 0 0 0 0 0 0 0 0 0
29.220 3 SVINFO 0 0 0 0 0 0 0
29.220 3 ATTITUDE -0.028612 3.136525 -0.176565
29.220 3 ESTIMATOR 356.170105 -0.012477
29.267 3 DESIRED 0.46 0.15 1. 57. 37. 436. 5. 15.
29.299 3 ATTITUDE -0.028567 3.136507 -0.175774
29.331 3 WP_MOVED 7 641788.1875 5474495. 446. 32
29.395 3 ATTITUDE -0.028518 3.136491 -0.175592
29.427 3 NAVIGATION 10 0 0. 0. 0. 0. 0 33 33 1 0 0
29.459 3 GPS 0 0 0 0 0 0 0 0 0 0 0
29.459 3 SVINFO 0 0 0 0 0 0 0
29.474 3 DESIRED 0.46 0.15 1. 57. 37. 436. 5. 15.
29.490 3 ATTITUDE -0.028483 3.136401 -0.175549
29.523 3 CIRCLE 2.8 -28.299999 60.
29.587 3 ATTITUDE -0.028497 3.136375 -0.17556
29.619 3 FBW_STATUS 2 0 1 12.37 0.
29.693 3 DESIRED 0.46 0.15 1. 57. 37. 436. 5. 15.
29.694 3 IMU_ACCEL 1 -1.594727 0.225586 -8.939453
29.694 3 IMU_GYRO 1 -0.062744 0.001709 -0.007324
29.719 3 GPS 0 0 0 0 0 0 0 0 0 0 0
29.720 3 SVINFO 0 0 0 0 0 0 0
29.721 3 ATTITUDE -0.028462 3.136341 -0.17557
29.721 3 ESTIMATOR 356.038025 -0.077445
29.799 3 ATTITUDE -0.028477 3.136343 -0.175553
29.815 3 ENERGY 0 12.37 0. 0. 0. 0. 0.
29.831 3 COMMANDS 0,4267,4597
29.831 3 WP_MOVED 8 641844.1875 5474504.5 446. 32
29.879 3 DESIRED 0.46 0.15 1. 57. 37. 436. 5. 15.
29.895 3 ATTITUDE -0.028508 3.136341 -0.175543
29.912 3 LINK_REPORT 3 -1 30 0 28459 1185 0 910. 37. 5 53.94
29.960 3 GPS 0 0 0 0 0 0 0 0 0 0 0
29.961 3 SVINFO 0 0 0 0 0 0 0
29.991 3 ATTITUDE -0.029223 3.136426 -0.17724
30.071 3 DESIRED 0.46 0.15 1. 57. 37. 436. 5. 15.
30.087 3 ATTITUDE -0.029463 3.136528 -0.179152
30.119 3 AIRSPEED 0. 0. 0. 0.
30.215 3 GPS 0 0 0 0 0 0 0 0 0 0 0
30.216 3 SVINFO 0 0 0 0 0 0 0
30.217 3 ATTITUDE -0.031008 3.136682 -0.184421
30.231 3 GPS_SOL 0 0 0 0
30.232 3 ESTIMATOR 355.895813 -0.146346
30.232 3 FBW_STATUS 2 0 1 12.37 0.
30.292 3 CALIBRATION -150. 0
30.293 3 DESIRED 0.46 0.15 1. 57. 37. 436. 5. 15.
30.293 3 IMU_GYRO 1 -0.084961 -0.075928 -0.015381
30.299 3 IMU_MAG 0 0. 0. 0.
30.300 3 ATTITUDE -0.033296 3.136211 -0.194118
30.324 3 DL_VALUE 22 0.
30.324 3 WP_MOVED 9 641814.5 5474703. 476. 32
30.388 3 ATTITUDE -0.032058 3.135969 -0.187798
30.436 3 NAVIGATION 10 0 0. 0. 0. 0. 0 34 34 1 0 0
30.460 3 PONG 
30.460 3 GPS 0 0 0 0 0 0 0 0 0 0 0
30.468 3 SVINFO 0 0 0 0 0 0 0
30.484 3 DESIRED 0.46 0.15 1. 57. 37. 436. 5. 15.
30.484 3 IMU_ACCEL 1 -1.853516 0.261719 -9.027344
30.500 3 ATTITUDE -0.031954 3.135906 -0.187438
30.580 3 CIRCLE 2.8 -28.299999 60.
30.596 3 STATE_FILTER_STATUS 6 3 0
30.597 3 ATTITUDE -0.031864 3.136096 -0.186392
30.677 3 DESIRED 0.46 0.15 1. 57. 37. 436. 5. 15.
30.719 3 GPS 0 0 0 0 0 0 0 0 0 0 0
30.719 3 SVINFO 0 0 0 0 0 0 0
30.719 3 ATTITUDE -0.031561 3.136255 -0.185034
30.720 3 ESTIMATOR 355.833038 -0.129533
30.799 3 ATTITUDE -0.03116 3.136259 -0.183076
30.831 3 WP_MOVED 10 641786.375 5474701. 476. 32
30.879 3 DESIRED 0.46 0.15 1. 57. 37. 436. 5. 15.
30.880 3 IMU_GYRO 1 -0.065918 0.018311 -0.004639
30.895 3 ATTITUDE -0.031426 3.136288 -0.183191
30.913 3 LINK_REPORT 3 -1 31 0 29386 1225 0 927. 40. 6 55.59
30.927 3 ENERGY 0 12.37 0. 0. 0. 0. 0.
30.974 3 DATALINK_REPORT 0 6 0 25218 0 0
30.975 3 GPS 0 0 0 0 0 0 0 0 0 0 0
30.975 3 SVINFO 0 0 0 0 0 0 0
30.986 3 ATTITUDE -0.033365 3.136376 -0.193214
31.066 3 DESIRED 0.46 0.15 1. 57. 37. 436. 5. 15.
31.098 3 ATTITUDE -0.033988 3.136355 -0.194158
31.130 3 AIRSPEED 0. 0. 0. 0.
31.210 3 GPS 0 0 0 0 0 0 0 0 0 0 0
31.211 3 SVINFO 0 0 0 0 0 0 0
31.211 3 ATTITUDE -0.030538 3.135812 -0.180303
31.226 3 ESTIMATOR 355.825592 -0.10158
31.274 3 DESIRED 0.46 0.15 1. 57. 37. 436. 5. 15.
31.275 3 IMU_ACCEL 1 -1.657227 0.28125 -8.948242
31.290 3 ATTITUDE -0.030358 3.136335 -0.179339
31.322 3 WP_MOVED 11 641807.5 5474574.5 436. 32
31.338 3 COMMANDS 0,4285,4656
31.354 3 AUTOPILOT_VERSION 60400 v6.4.0_stable
31.386 3 ATTITUDE -0.031044 3.136353 -0.182623
31.435 3 NAVIGATION 10 0 0. 0. 0. 0. 0 35 35 1 0 0
31.458 3 GPS 0 0 0 0 0 0 0 0 0 0 0
31.458 3 SVINFO 0 0 0 0 0 0 0
31.482 3 DESIRED 0.46 0.15 1. 57. 37. 436. 5. 15.
31.482 3 IMU_GYRO 1 -0.089844 -0.111572 -0.02002
31.498 3 ATTITUDE -0.033659 3.135996 -0.194321
31.578 3 IMU_MAG 0 0. 0. 0.
31.594 3 ATTITUDE -0.033406 3.136128 -0.19235
31.626 3 FBW_STATUS 2 0 1 12.363815 0.
31.627 3 CIRCLE 2.8 -28.299999 60.
31.675 3 DESIRED 0.46 0.15 1. 57. 37. 436. 5. 15.
31.720 3 GPS 0 0 0 0 0 0 0 0 0 0 0
31.720 3 SVINFO 0 0 0 0 0 0 0
31.721 3 ATTITUDE -0.030137 3.135727 -0.179836
31.721 3 ESTIMATOR 355.786163 -0.083926
31.799 3 ATTITUDE -0.029668 3.135947 -0.176115
31.831 3 DL_VALUE 23 0.
31.832 3 WP_MOVED 0 641794. 5474653. 436. 32
31.864 3 DESIRED 0.46 0.15 1. 57. 37. 436. 5. 15.
31.895 3 ATTITUDE -0.030049 3.136055 -0.177241
31.914 3 LINK_REPORT 3 -1 32 0 30333 1264 0 947. 39. 6 55.59
31.959 3 GPS 0 0 0 0 0 0 0 0 0 0 0
31.959 3 SVINFO 0 0 0 0 0 0 0
31.991 3 ATTITUDE -0.030147 3.136521 -0.180023
32.024 3 ENERGY 0 12.363815 0. 0. 0. 0. 0.
32.101 3 DESIRED 0.46 0.15 1. 57. 37. 436. 5. 15.
32.102 3 IMU_ACCEL 1 -1.496094 -0.773438 -9.28125
32.102 3 IMU_GYRO 1 -0.064209 0.004395 -0.016357
32.102 3 ATTITUDE -0.030456 3.13544 -0.180188
32.133 3 AIRSPEED 0. 0. 0. 0.
32.213 3 GPS 0 0 0 0 0 0 0 0 0 0 0
32.214 3 SVINFO 0 0 0 0 0 0 0
32.214 3 ATTITUDE -0.031253 3.13561 -0.183379
32.229 3 GPS_SOL 0 0 0 0
32.229 3 ESTIMATOR 355.715973 -0.103654
32.245 3 FBW_STATUS 2 0 1 12.35763 0.
32.277 3 DESIRED 0.46 0.15 1. 57. 37. 436. 5. 15.
32.293 3 ATTITUDE -0.032371 3.135804 -0.187646
32.325 3 WP_MOVED 1 641794. 5474653. 436. 32
32.325 3 ACTUATORS 1040,1518,1145
32.357 3 CALIBRATION -150. 0
32.389 3 ATTITUDE -0.032589 3.135184 -0.18843
32.915 3 LINK_REPORT 3 -1 33 0 30818 1285 0 485. 21. 6 55.59
33.916 3 LINK_REPORT 3 -1 34 1 30818 1285 0 0. 0. 6 55.59
34.918 3 LINK_REPORT 3 -1 35 2 30818 1285 0 0. 0. 6 55.59
35.919 3 LINK_REPORT 3 -1 36 3 30818 1285 0 0. 0. 7 -4945.58
36.920 3 LINK_REPORT 3 -1 37 4 30818 1285 0 0. 0. 7 -4945.58
37.920 3 LINK_REPORT 3 -1 38 5 30818 1285 0 0. 0. 7 -4945.58
38.925 3 LINK_REPORT 3 -1 39 6 30818 1285 0 0. 0. 7 -4945.58
39.922 3 LINK_REPORT 3 -1 40 7 30818 1285 0 0. 0. 7 -4945.58
