4.026 3 LINK_REPORT 3 -1 4 0 3852 159 0 947. 39. 0 0.
4.032 3 ENERGY 0 12.203005 0. 0. 0. 0. 0.
4.032 3 GPS_SOL 7761 111 166 15
4.032 3 ESTIMATOR 352.187988 -0.040674
4.048 3 FBW_STATUS 0 45 0 12.203005 0.
4.064 3 DESIRED 0.01 0.28 1. 57. 37. 436. 5. 15.
4.079 3 ATTITUDE -0.657468 1.84217 0.338993
4.112 3 WP_MOVED 5 641729. 5474694.5 466. 32
4.112 3 COMMANDS 0,84,-84
4.176 3 ATTITUDE -0.625569 1.814599 0.317934
4.224 3 NAVIGATION 10 0 0. 0. 0. 0. 0 170 170 1 0 0
4.240 3 GPS 0 64187634 547465090 0 380023 9 -48 2373 120911600 32 0
4.240 3 SVINFO 0 0 0 0 0 0 0
4.282 3 DESIRED 0.01 0.28 1. 57. 37. 436. 5. 15.
4.282 3 IMU_ACCEL 1 -0.37793 -0.234375 -9.648438
4.283 3 IMU_GYRO 1 -0.020752 0.016602 -0.018555
4.283 3 ATTITUDE -0.593535 1.786326 0.297891
4.378 3 ATTITUDE -0.561376 1.757461 0.278918
4.459 3 DESIRED 0.01 0.28 1. 57. 37. 436. 5. 15.
4.491 3 GPS 0 64187634 547465090 0 380023 9 -48 2373 120911600 32 0
4.507 3 SVINFO 0 0 0 0 0 0 0
4.507 3 ATTITUDE -0.52914 1.728068 0.261046
4.507 3 ESTIMATOR 352.281311 0.035566
4.554 3 CALIBRATION -150. 0
4.570 3 IMU_MAG 0 0. 0. 0.
4.586 3 ATTITUDE -0.496807 1.698031 0.244229
4.618 3 DL_VALUE 42 0.
4.618 3 WP_MOVED 6 641754.875 5474698.5 466. 32
4.667 3 DESIRED 0.01 0.28 1. 57. 37. 436. 5. 15.
4.683 3 ATTITUDE -0.464439 1.667552 0.228545
4.747 3 GPS 0 64187634 547465090 0 380023 9 -48 2373 120911600 32 0
4.748 3 SVINFO 0 0 0 0 0 0 0
4.763 3 STATE_FILTER_STATUS 6 3 0
4.779 3 ATTITUDE -0.432067 1.636601 0.214019
4.837 3 LINK_REPORT 3 -1 5 0 4778 198 0 926. 39. 0 0.
4.888 3 DESIRED 0.01 0.28 1. 57. 37. 436. 5. 15.
4.889 3 IMU_GYRO 1 -0.02124 0.016602 -0.018555
4.889 3 CIRCLE 2.8 -28.299999 60.
4.889 3 ATTITUDE -0.399758 1.6052 0.200626
4.920 3 AIRSPEED 0. 0. 0. 0.
5.000 3 GPS 0 64187634 547465090 0 380023 9 -48 2373 120911600 32 0
5.001 3 SVINFO 0 0 0 0 0 0 0
5.001 3 ATTITUDE -0.367472 1.573444 0.188373
5.016 3 ESTIMATOR 352.29483 0.035114
5.063 3 DESIRED 0.01 0.28 1. 57. 37. 436. 5. 15.
5.064 3 IMU_ACCEL 1 -0.351562 -0.234375 -9.628906
5.079 3 ATTITUDE -0.335207 1.54132 0.177223
5.112 3 ENERGY 0 12.215375 0. 0. 0. 0. 0.
5.128 3 WP_MOVED 7 641788.1875 5474495. 446. 32
5.129 3 ACTUATORS 1040,1494,1500
5.176 3 ATTITUDE -0.303056 1.508896 0.167221
5.224 3 NAVIGATION 10 0 0. 0. 0. 0. 0 171 171 1 0 0
5.241 3 GPS 0 64187634 547465090 0 380023 9 -48 2373 120911600 32 0
5.241 3 SVINFO 0 0 0 0 0 0 0
5.256 3 DESIRED 0.01 0.28 1. 57. 37. 436. 5. 15.
5.288 3 ATTITUDE -0.271033 1.476184 0.158361
5.368 3 PONG 
5.384 3 ATTITUDE -0.239151 1.443226 0.150625
5.416 3 FBW_STATUS 0 45 0 12.20919 0.
5.468 3 DESIRED 0.01 0.28 1. 57. 37. 436. 5. 15.
5.469 3 IMU_GYRO 1 -0.020752 0.016602 -0.019043
5.508 3 GPS 0 64187634 547465090 0 380023 9 -48 2373 120911600 32 0
5.509 3 SVINFO 0 0 0 0 0 0 0
5.510 3 ATTITUDE -0.207499 1.410051 0.144013
5.510 3 ESTIMATOR 352.268616 0.0049
5.588 3 ATTITUDE -0.176008 1.376719 0.138441
5.604 3 WP_MOVED 8 641844.1875 5474504.5 446. 32
5.653 3 DESIRED 0.01 0.28 1. 57. 37. 436. 5. 15.
5.684 3 ATTITUDE -0.14478 1.343244 0.134019
5.749 3 GPS 0 64187634 547465090 0 380023 9 -48 2373 120911600 32 0
5.750 3 SVINFO 0 0 0 0 0 0 0
5.780 3 ATTITUDE -0.11385 1.309702 0.130655
5.837 3 LINK_REPORT 3 -1 6 0 5675 235 0 897. 37. 1 34.37
5.861 3 DESIRED 0.01 0.28 1. 57. 37. 436. 5. 15.
5.876 3 IMU_ACCEL 1 -0.363281 -0.226562 -9.630859
5.877 3 IMU_MAG 0 0. 0. 0.
5.877 3 ATTITUDE -0.083291 1.276102 0.128389
5.909 3 CIRCLE 2.8 -28.299999 60.
5.925 3 AIRSPEED 0. 0. 0. 0.
6.004 3 GPS 0 64187634 547465090 0 380023 9 -48 2373 120911600 32 0
6.004 3 SVINFO 0 0 0 0 0 0 0
6.005 3 ATTITUDE -0.053042 1.242439 0.127093
6.020 3 GPS_SOL 7761 111 166 15
6.021 3 ESTIMATOR 352.372559 0.061611
6.021 3 FBW_STATUS 0 45 0 12.20919 0.
6.068 3 DESIRED 0.01 0.28 1. 57. 37. 436. 5. 15.
6.068 3 IMU_GYRO 1 -0.020752 0.01709 -0.019043
6.084 3 ATTITUDE -0.023227 1.20876 0.126844
6.117 3 DL_VALUE 43 255.
6.117 3 WP_MOVED 9 641814.5 5474703. 476. 32
6.165 3 DATALINK_REPORT 1 1 0 16486 0 0
6.181 3 ATTITUDE 0.006211 1.175103 0.127551
6.213 3 ENERGY 0 12.203005 0. 0. 0. 0. 0.
6.229 3 NAVIGATION 10 0 0. 0. 0. 0. 0 172 172 1 0 0
6.245 3 GPS 0 64187634 547465090 0 380023 9 -48 2373 120911600 32 0
6.246 3 SVINFO 0 0 0 0 0 0 0
6.261 3 DESIRED 0.01 0.28 1. 57. 37. 436. 5. 15.
6.277 3 ATTITUDE 0.035188 1.141494 0.129192
6.389 3 ATTITUDE 0.063699 1.107913 0.131742
6.453 3 DESIRED 0.01 0.28 1. 57. 37. 436. 5. 15.
6.516 3 GPS 0 64187634 547465090 0 380023 9 -48 2373 120911600 32 0
6.517 3 SVINFO 0 0 0 0 0 0 0
6.518 3 ATTITUDE 0.091722 1.074431 0.135162
6.518 3 ESTIMATOR 352.289795 -0.002701
6.580 3 ATTITUDE 0.119194 1.04106 0.139498
6.612 3 WP_MOVED 10 641786.375 5474701. 476. 32
6.660 3 CALIBRATION -150. 0
6.689 3 DESIRED 0.01 0.28 1. 57. 37. 436. 5. 15.
6.690 3 IMU_ACCEL 1 -0.34668 -0.255859 -9.645508
6.691 3 IMU_GYRO 1 -0.02124 0.016602 -0.02002
6.691 3 ATTITUDE 0.146183 1.007756 0.144581
6.737 3 GPS 0 64187634 547465090 0 380023 9 -48 2373 120911600 32 0
6.738 3 SVINFO 0 0 0 0 0 0 0
6.785 3 ATTITUDE 0.172654 0.974633 0.150478
6.838 3 LINK_REPORT 3 -1 7 0 6655 276 0 980. 41. 1 34.37
6.865 3 DESIRED 0.01 0.28 1. 57. 37. 436. 5. 15.
6.881 3 ATTITUDE 0.198598 0.94167 0.157117
6.913 3 AIRSPEED 0. 0. 0. 0.
6.961 3 CIRCLE 2.8 -28.299999 60.
6.993 3 STATE_FILTER_STATUS 6 3 0
7.019 3 GPS 0 64187634 547465090 0 380023 9 -48 2373 120911600 32 0
7.021 3 SVINFO 0 0 0 0 0 0 0
7.021 3 ATTITUDE 0.223916 0.908816 0.16446
7.021 3 ESTIMATOR 352.299042 0.001207
7.051 3 DESIRED 0.01 0.28 1. 57. 37. 436. 5. 15.
7.083 3 ATTITUDE 0.248685 0.876081 0.172486
7.115 3 WP_MOVED 11 641807.5 5474574.5 436. 32
7.163 3 IMU_MAG 0 0. 0. 0.
7.179 3 ATTITUDE 0.272829 0.843521 0.181189
7.212 3 NAVIGATION 10 0 0. 0. 0. 0. 0 173 173 1 0 0
7.244 3 GPS 0 64187634 547465090 0 380023 9 -48 2373 120911600 32 0
7.244 3 SVINFO 0 0 0 0 0 0 0
7.260 3 DESIRED 0.01 0.28 1. 57. 37. 436. 5. 15.
7.275 3 IMU_GYRO 1 -0.020752 0.015625 -0.019531
7.276 3 ATTITUDE 0.296394 0.811126 0.190476
7.308 3 ENERGY 0 12.20919 0. 0. 0. 0. 0.
7.387 3 ATTITUDE 0.319341 0.778846 0.200368
7.419 3 FBW_STATUS 0 45 0 12.20919 0.
7.468 3 DESIRED 0.01 0.28 1. 57. 37. 436. 5. 15.
7.469 3 IMU_ACCEL 1 -0.392578 -0.224609 -9.614258
7.501 3 GPS 0 64187634 547465090 0 380023 9 -48 2373 120911600 32 0
7.502 3 SVINFO 0 0 0 0 0 0 0
7.502 3 ATTITUDE 0.341663 0.746692 0.210824
7.515 3 ESTIMATOR 352.033813 -0.141809
7.579 3 ATTITUDE 0.363422 0.714666 0.221851
7.612 3 COMMANDS 0,84,-84
7.612 3 DL_VALUE 44 255.
7.628 3 WP_MOVED 0 641794. 5474653. 436. 32
7.660 3 DESIRED 0.01 0.28 1. 57. 37. 436. 5. 15.
7.675 3 ATTITUDE 0.384534 0.682722 0.233296
7.709 3 LOGGER_STATUS 1 0 1048576 PPRZ\pprzlog_0152.LOG,FLIGHT_RECORDER\fr_0160.LOG
7.740 3 GPS 0 64187634 547465090 0 380023 9 -48 2373 120911600 32 0
7.741 3 SVINFO 0 0 0 0 0 0 0
7.788 3 ATTITUDE 0.405046 0.65093 0.245264
7.839 3 LINK_REPORT 3 -1 8 0 7633 315 0 978. 39. 1 34.37
7.868 3 DESIRED 0.01 0.28 1. 57. 37. 436. 5. 15.
7.869 3 IMU_GYRO 1 -0.019531 0.016602 -0.018555
7.884 3 ATTITUDE 0.424934 0.619253 0.25767
7.916 3 AIRSPEED 0. 0. 0. 0.
8.008 3 GPS 0 64187634 547465090 0 380023 9 -48 2373 120911600 32 0
8.010 3 SVINFO 0 0 0 0 0 0 0
8.010 3 ATTITUDE 0.444143 0.58761 0.270476
8.038 3 GPS_SOL 7761 111 166 15
8.038 3 CIRCLE 2.8 -28.299999 60.
8.039 3 ESTIMATOR 352.018646 -0.119175
8.039 3 FBW_STATUS 0 45 0 12.20919 0.
8.054 3 PPRZ_MODE 0 3 3 2 0 17
8.070 3 DESIRED 0.01 0.28 1. 57. 37. 436. 5. 15.
8.086 3 ATTITUDE 0.462757 0.556045 0.283686
8.118 3 WP_MOVED 1 641794. 5474653. 436. 32
8.182 3 ATTITUDE 0.480692 0.524515 0.297238
8.214 3 NAVIGATION 10 0 0. 0. 0. 0. 0 174 174 1 0 0
8.246 3 GPS 0 64187634 547465090 0 380023 9 -48 2373 120911600 32 0
8.247 3 SVINFO 0 0 0 0 0 0 0
8.262 3 DESIRED 0.01 0.28 1. 57. 37. 436. 5. 15.
8.263 3 IMU_ACCEL 1 -0.368164 -0.246094 -9.614258
8.278 3 ATTITUDE 0.498032 0.493006 0.311135
8.390 3 ATTITUDE 0.514728 0.46154 0.325338
8.406 3 ENERGY 0 12.203005 0. 0. 0. 0. 0.
8.481 3 DESIRED 0.01 0.28 1. 57. 37. 436. 5. 15.
8.482 3 IMU_GYRO 1 -0.02002 0.016602 -0.019043
8.482 3 IMU_MAG 0 0. 0. 0.
8.507 3 GPS 0 64187634 547465090 0 380023 9 -48 2373 120911600 32 0
8.509 3 SVINFO 0 0 0 0 0 0 0
8.509 3 ATTITUDE 0.530814 0.430036 0.339868
8.509 3 ESTIMATOR 351.981201 -0.099439
8.587 3 ATTITUDE 0.546261 0.398539 0.354682
8.619 3 WP_MOVED 2 641796.8125 5474624.5 436. 32
8.668 3 DESIRED 0.01 0.28 1. 57. 37. 436. 5. 15.
8.683 3 ATTITUDE 0.561047 0.366977 0.369746
8.716 3 ALIVE 232,7,41,108,38,9,24,222,170,213,28,18,18,110,225,26
8.748 3 GPS 0 64187634 547465090 0 380023 9 -48 2373 120911600 32 0
8.749 3 SVINFO 0 0 0 0 0 0 0
8.749 3 CALIBRATION -150. 0
8.779 3 ATTITUDE 0.57524 0.335382 0.385021
8.839 3 LINK_REPORT 3 -1 9 0 8599 355 0 966. 40. 1 34.37
8.860 3 DESIRED 0.01 0.28 1. 57. 37. 436. 5. 15.
8.875 3 ATTITUDE 0.588736 0.303686 0.400477
8.908 3 AIRSPEED 0. 0. 0. 0.
9.004 3 GPS 0 64187634 547465090 0 380023 9 -48 2373 120911600 32 0
9.010 3 SVINFO 0 0 0 0 0 0 0
9.010 3 ATTITUDE 0.601645 0.271897 0.416143
9.010 3 ESTIMATOR 352.015289 -0.053784
9.080 3 DESIRED 0.01 0.28 1. 57. 37. 436. 5. 15.
9.081 3 IMU_ACCEL 1 -0.37793 -0.226562 -9.626953
9.081 3 IMU_GYRO 1 -0.019531 0.016113 -0.02002
9.081 3 CIRCLE 2.8 -28.299999 60.
9.082 3 ATTITUDE 0.613858 0.239926 0.431919
9.138 3 NAVIGATION_REF 641794 5474653 32 356.
9.139 3 DL_VALUE 45 255.
9.139 3 WP_MOVED 3 641820. 5474501. 446. 32
9.140 3 COMMANDS 0,84,-84
9.170 3 STATE_FILTER_STATUS 6 3 0
9.186 3 ATTITUDE 0.625449 0.207744 0.447876
9.218 3 NAVIGATION 10 0 0. 0. 0. 0. 0 175 175 1 0 0
9.235 3 GPS 0 64187634 547465090 0 380023 9 -48 2373 120911600 32 0
9.250 3 SVINFO 0 0 0 0 0 0 0
9.266 3 DESIRED 0.01 0.28 1. 57. 37. 436. 5. 15.
9.282 3 ATTITUDE 0.636326 0.175367 0.463976
9.378 3 ATTITUDE 0.64656 0.142795 0.480142
9.410 3 FBW_STATUS 0 45 0 12.215375 0.
9.458 3 DESIRED 0.01 0.28 1. 57. 37. 436. 5. 15.
9.490 3 GPS 0 64187634 547465090 0 380023 9 -48 2373 120911600 32 0
9.506 3 SVINFO 0 0 0 0 0 0 0
9.507 3 ATTITUDE 0.65612 0.109955 0.496429
9.522 3 ENERGY 0 12.20919 0. 0. 0. 0. 0.
9.523 3 ESTIMATOR 351.992554 -0.03697
9.586 3 ATTITUDE 0.665032 0.076869 0.512794
9.618 3 WP_MOVED 4 641757.8125 5474491. 446. 32
9.666 3 DESIRED 0.01 0.28 1. 57. 37. 436. 5. 15.
9.667 3 IMU_GYRO 1 -0.020752 0.016113 -0.018555
9.682 3 ATTITUDE 0.673274 0.043488 0.529189
9.746 3 GPS 0 64187634 547465090 0 380023 9 -48 2373 120911600 32 0
9.747 3 SVINFO 0 0 0 0 0 0 0
9.762 3 IMU_MAG 0 0. 0. 0.
9.778 3 ATTITUDE 0.680811 0.009785 0.545631
9.840 3 LINK_REPORT 3 -1 10 0 9555 395 0 956. 40. 1 34.37
9.859 3 DESIRED 0.01 0.28 1. 57. 37. 436. 5. 15.
9.874 3 IMU_ACCEL 1 -0.37793 -0.250977 -9.708008
9.875 3 ATTITUDE 0.687032 -0.020823 0.560469
9.922 3 AIRSPEED 0. 0. 0. 0.
10.002 3 GPS 0 64187634 547465090 0 380023 9 -48 2373 120911600 32 0
10.002 3 SVINFO 0 0 0 0 0 0 0
10.003 3 ATTITUDE 0.693682 -0.058777 0.578612
10.018 3 GPS_SOL 7761 111 166 15
10.019 3 ESTIMATOR 351.866699 -0.10108
10.019 3 FBW_STATUS 0 45 0 12.215375 0.
10.050 3 DESIRED 0.01 0.28 1. 57. 37. 436. 5. 15.
10.082 3 ATTITUDE 0.699019 -0.09368 0.595039
10.114 3 CIRCLE 2.8 -28.299999 60.
10.130 3 WP_MOVED 5 641729. 5474694.5 466. 32
10.131 3 ACTUATORS 1040,1494,1500
10.178 3 ATTITUDE 0.703579 -0.129075 0.611463
10.211 3 NAVIGATION 10 0 0. 0. 0. 0. 0 176 176 1 0 0
10.243 3 GPS 0 64187634 547465090 0 380023 9 -48 2373 120911600 32 0
10.244 3 SVINFO 0 0 0 0 0 0 0
10.259 3 DESIRED 0.01 0.28 1. 57. 37. 436. 5. 15.
10.274 3 IMU_GYRO 1 -0.020752 0.016113 -0.019043
10.275 3 ATTITUDE 0.707355 -0.165042 0.627784
10.370 3 PONG 
10.403 3 ATTITUDE 0.710391 -0.201491 0.644031
10.467 3 DESIRED 0.01 0.28 1. 57. 37. 436. 5. 15.
10.509 3 GPS 0 64187634 547465090 0 380023 9 -48 2373 120911600 32 0
10.510 3 SVINFO 0 0 0 0 0 0 0
10.510 3 ATTITUDE 0.71257 -0.238557 0.660115
10.510 3 ESTIMATOR 351.884216 -0.066611
10.588 3 ATTITUDE 0.713951 -0.276199 0.676124
10.605 3 ENERGY 0 12.20919 0. 0. 0. 0. 0.
10.621 3 DL_VALUE 46 0.
10.621 3 WP_MOVED 6 641754.875 5474698.5 466. 32
10.669 3 DESIRED 0.01 0.28 1. 57. 37. 436. 5. 15.
10.670 3 IMU_ACCEL 1 -0.368164 -0.255859 -9.665039
10.685 3 ATTITUDE 0.714517 -0.314486 0.692005
10.749 3 GPS 0 64187634 547465090 0 380023 9 -48 2373 120911600 32 0
10.750 3 SVINFO 0 0 0 0 0 0 0
10.781 3 ATTITUDE 0.714263 -0.353457 0.707721
10.841 3 LINK_REPORT 3 -1 11 0 10484 434 0 929. 39. 2 36.27
10.861 3 CALIBRATION -150. 0
10.861 3 DESIRED 0.01 0.28 1. 57. 37. 436. 5. 15.
10.877 3 IMU_GYRO 1 -0.02124 0.016602 -0.019043
10.877 3 ATTITUDE 0.713089 -0.393186 0.723222
10.909 3 AIRSPEED 0. 0. 0. 0.
10.989 3 GPS 0 64187634 547465090 0 380023 9 -48 2373 120911600 32 0
11.005 3 SVINFO 0 0 0 0 0 0 0
11.006 3 ATTITUDE 0.711026 -0.433682 0.738525
11.006 3 ESTIMATOR 351.901489 -0.046144
11.054 3 DESIRED 0.01 0.28 1. 57. 37. 436. 5. 15.
11.068 3 IMU_MAG 0 0. 0. 0.
11.085 3 ATTITUDE 0.70804 -0.474923 0.753578
11.117 3 WP_MOVED 7 641788.1875 5474495. 446. 32
11.165 3 CIRCLE 2.8 -28.299999 60.
11.181 3 ATTITUDE 0.704107 -0.517058 0.768328
11.213 3 NAVIGATION 10 0 0. 0. 0. 0. 0 177 177 1 0 0
11.246 3 GPS 0 64187634 547465090 0 380023 9 -48 2373 120911600 32 0
11.247 3 SVINFO 0 0 0 0 0 0 0
11.261 3 DATALINK_REPORT 1 2 0 52286 0 0
11.262 3 DESIRED 0.01 0.28 1. 57. 37. 436. 5. 15.
11.277 3 ATTITUDE 0.699122 -0.560083 0.782771
11.373 3 STATE_FILTER_STATUS 6 3 0
11.389 3 ATTITUDE 0.693206 -0.604005 0.796916
11.405 3 FBW_STATUS 0 45 0 12.203005 0.
11.480 3 DESIRED 0.01 0.28 1. 57. 37. 436. 5. 15.
11.481 3 IMU_ACCEL 1 -0.361328 -0.239258 -9.617188
11.481 3 IMU_GYRO 1 -0.02002 0.01709 -0.019043
11.508 3 GPS 0 64187634 547465090 0 380023 9 -48 2373 120911600 32 0
11.509 3 SVINFO 0 0 0 0 0 0 0
11.509 3 ATTITUDE 0.686196 -0.648924 0.810688
11.510 3 ESTIMATOR 351.802216 -0.099785
11.587 3 ATTITUDE 0.6782 -0.694748 0.824077
11.619 3 WP_MOVED 8 641844.1875 5474504.5 446. 32
11.668 3 DESIRED 0.01 0.28 1. 57. 37. 436. 5. 15.
11.684 3 ATTITUDE 0.66911 -0.741656 0.837023
11.716 3 ENERGY 0 12.20919 0. 0. 0. 0. 0.
11.748 3 GPS 0 64187634 547465090 0 380023 9 -48 2373 120911600 32 0
11.749 3 SVINFO 0 0 0 0 0 0 0
11.780 3 ATTITUDE 0.659041 -0.789549 0.849564
11.842 3 LINK_REPORT 3 -1 12 0 11423 473 0 939. 39. 2 36.27
11.860 3 DESIRED 0.01 0.28 1. 57. 37. 436. 5. 15.
11.876 3 ATTITUDE 0.647885 -0.838479 0.861552
11.908 3 AIRSPEED 0. 0. 0. 0.
11.988 3 GPS 0 64187634 547465090 0 380023 9 -48 2373 120911600 32 0
12.004 3 SVINFO 0 0 0 0 0 0 0
12.005 3 ATTITUDE 0.635617 -0.888527 0.873035
12.020 3 GPS_SOL 7761 111 166 15
12.021 3 ESTIMATOR 351.767181 -0.100325
12.021 3 FBW_STATUS 0 45 0 12.20919 0.
12.067 3 DESIRED 0.01 0.28 1. 57. 37. 436. 5. 15.
12.067 3 IMU_GYRO 1 -0.02002 0.01709 -0.018066
12.083 3 ATTITUDE 0.622316 -0.939627 0.883991
12.116 3 DL_VALUE 47 0.
12.116 3 WP_MOVED 9 641814.5 5474703. 476. 32
12.180 3 ATTITUDE 0.607984 -0.991762 0.894303
12.212 3 CIRCLE 2.8 -28.299999 60.
12.228 3 NAVIGATION 10 0 0. 0. 0. 0. 0 178 178 1 0 0
12.244 3 GPS 0 64187634 547465090 0 380023 9 -48 2373 120911600 32 0
12.245 3 SVINFO 0 0 0 0 0 0 0
12.260 3 DESIRED 0.01 0.28 1. 57. 37. 436. 5. 15.
12.276 3 IMU_ACCEL 1 -0.368164 -0.219727 -9.657227
12.277 3 ATTITUDE 0.592658 -1.044934 0.904009
12.356 3 IMU_MAG 0 0. 0. 0.
12.388 3 ATTITUDE 0.576418 -1.09908 0.913127
12.452 3 DESIRED 0.01 0.28 1. 57. 37. 436. 5. 15.
12.500 3 GPS 0 64187634 547465090 0 380023 9 -48 2373 120911600 32 0
12.501 3 SVINFO 0 0 0 0 0 0 0
12.506 3 ATTITUDE 0.559136 -1.154315 0.92151
12.516 3 ESTIMATOR 351.967255 0.043116
12.580 3 ATTITUDE 0.541066 -1.210376 0.929238
12.612 3 COMMANDS 0,84,-84
12.613 3 WP_MOVED 10 641786.375 5474701. 476. 32
12.660 3 DESIRED 0.01 0.28 1. 57. 37. 436. 5. 15.
12.661 3 IMU_GYRO 1 -0.02002 0.01709 -0.019043
12.676 3 ATTITUDE 0.522132 -1.267439 0.936228
12.740 3 GPS 0 64187634 547465090 0 380023 9 -48 2373 120911600 32 0
12.741 3 SVINFO 0 0 0 0 0 0 0
12.818 3 LOGGER_STATUS 1 0 1089536 PPRZ\pprzlog_0152.LOG,FLIGHT_RECORDER\fr_0160.LOG
12.819 3 ATTITUDE 0.502541 -1.325252 0.942515
12.819 3 ENERGY 0 12.215375 0. 0. 0. 0. 0.
12.842 3 LINK_REPORT 3 -1 13 0 12429 513 0 1006. 40. 2 36.27
12.865 3 DESIRED 0.01 0.28 1. 57. 37. 436. 5. 15.
12.881 3 ATTITUDE 0.482211 -1.383924 0.947885
12.913 3 AIRSPEED 0. 0. 0. 0.
12.945 3 PPRZ_MODE 0 3 3 2 0 17
12.961 3 CALIBRATION -150. 0
13.008 3 GPS 0 64187634 547465090 0 380023 9 -48 2373 120911600 32 0
13.009 3 SVINFO 0 0 0 0 0 0 0
13.009 3 ATTITUDE 0.461323 -1.443219 0.952479
13.010 3 ESTIMATOR 352.052917 0.084145
13.071 3 DESIRED 0.01 0.28 1. 57. 37. 436. 5. 15.
13.072 3 IMU_ACCEL 1 -0.341797 -0.229492 -9.617188
13.087 3 ATTITUDE 0.43994 -1.503128 0.95619
13.120 3 WP_MOVED 11 641807.5 5474574.5 436. 32
13.183 3 ATTITUDE 0.418086 -1.563575 0.959104
13.216 3 NAVIGATION 10 0 0. 0. 0. 0. 0 179 179 1 0 0
13.248 3 GPS 0 64187634 547465090 0 380023 9 -48 2373 120911600 32 0
13.249 3 SVINFO 0 0 0 0 0 0 0
13.264 3 DESIRED 0.01 0.28 1. 57. 37. 436. 5. 15.
13.265 3 IMU_GYRO 1 -0.020752 0.016602 -0.018555
13.280 3 CIRCLE 2.8 -28.299999 60.
13.280 3 ATTITUDE 0.396102 -1.624334 0.961203
13.376 3 ATTITUDE 0.374056 -1.685327 0.962404
13.408 3 FBW_STATUS 0 45 0 12.19682 0.
13.440 3 AUTOPILOT_VERSION 60400 v6.4.0_stable
13.456 3 DESIRED 0.01 0.28 1. 57. 37. 436. 5. 15.
13.504 3 GPS 0 64187634 547465090 0 380023 9 -48 2373 120911600 32 0
13.505 3 SVINFO 0 0 0 0 0 0 0
13.506 3 ATTITUDE 0.351922 -1.7465 0.96279
13.506 3 ESTIMATOR 351.804474 -0.069239
13.567 3 STATE_FILTER_STATUS 6 3 0
13.584 3 ATTITUDE 0.329911 -1.807734 0.962268
13.616 3 DL_VALUE 48 0.
13.616 3 WP_MOVED 0 641794. 5474653. 436. 32
13.664 3 DESIRED 0.01 0.28 1. 57. 37. 436. 5. 15.
13.680 3 IMU_MAG 0 0. 0. 0.
13.696 3 ATTITUDE 0.308188 -1.868925 0.9609
13.744 3 GPS 0 64187634 547465090 0 380023 9 -48 2373 120911600 32 0
13.745 3 SVINFO 0 0 0 0 0 0 0
13.792 3 ATTITUDE 0.28669 -1.929976 0.958687
13.808 3 ALIVE 232,7,41,108,38,9,24,222,170,213,28,18,18,110,225,26
13.843 3 LINK_REPORT 3 -1 14 0 13373 553 0 944. 40. 2 36.27
13.882 3 DESIRED 0.01 0.28 1. 57. 37. 436. 5. 15.
13.883 3 IMU_ACCEL 1 -0.368164 -0.244141 -9.655273
13.884 3 IMU_GYRO 1 -0.020752 0.016602 -0.019043
13.884 3 ATTITUDE 0.26566 -1.990727 0.955716
13.914 3 ENERGY 0 12.20919 0. 0. 0. 0. 0.
13.930 3 AIRSPEED 0. 0. 0. 0.
14.009 3 GPS 0 64187634 547465090 0 380023 9 -48 2373 120911600 32 0
14.010 3 SVINFO 0 0 0 0 0 0 0
14.011 3 ATTITUDE 0.245311 -2.051051 0.95198
14.025 3 GPS_SOL 7761 111 166 15
14.026 3 ESTIMATOR 351.692291 -0.119197
14.026 3 FBW_STATUS 0 45 0 12.19682 0.
14.063 3 DESIRED 0.01 0.28 1. 57. 37. 436. 5. 15.
14.089 3 ATTITUDE 0.225623 -2.110883 0.947487
14.121 3 WP_MOVED 1 641794. 5474653. 436. 32
14.122 3 COMMANDS 0,84,-108
14.185 3 ATTITUDE 0.206695 -2.170169 0.942252
14.217 3 NAVIGATION 10 0 0. 0. 0. 0. 0 180 180 1 0 0
14.249 3 GPS 0 64187634 547465090 0 380023 9 -48 2373 120911600 32 0
14.250 3 SVINFO 0 0 0 0 0 0 0
14.265 3 DESIRED 0.01 0.28 1. 57. 37. 436. 5. 15.
14.281 3 ATTITUDE 0.188522 -2.228897 0.936369
14.313 3 CIRCLE 2.8 -28.299999 60.
14.377 3 ATTITUDE 0.171285 -2.286921 0.929873
14.457 3 DESIRED 0.01 0.28 1. 57. 37. 436. 5. 15.
14.473 3 IMU_GYRO 1 -0.020752 0.016602 -0.019043
14.490 3 GPS 0 64187634 547465090 0 380023 9 -48 2373 120911600 32 0
14.505 3 SVINFO 0 0 0 0 0 0 0
14.506 3 ATTITUDE 0.154881 -2.344311 0.922778
14.506 3 ESTIMATOR 351.714905 -0.07037
14.585 3 ATTITUDE 0.139452 -2.400905 0.915067
14.618 3 WP_MOVED 2 641796.8125 5474624.5 436. 32
14.666 3 DESIRED 0.01 0.28 1. 57. 37. 436. 5. 15.
14.667 3 IMU_ACCEL 1 -0.349609 -0.249023 -9.674805
14.681 3 ATTITUDE 0.125061 -2.45674 0.90684
14.746 3 GPS 0 64187634 547465090 0 380023 9 -48 2373 120911600 32 0
14.747 3 SVINFO 0 0 0 0 0 0 0
14.778 3 ATTITUDE 0.111682 -2.511788 0.898162
14.844 3 LINK_REPORT 3 -1 15 0 14302 591 0 929. 38. 2 36.27
14.858 3 DESIRED 0.01 0.28 1. 57. 37. 436. 5. 15.
14.890 3 ATTITUDE 0.099303 -2.566038 0.889045
14.906 3 AIRSPEED 0. 0. 0. 0.
14.954 3 IMU_MAG 0 0. 0. 0.
15.002 3 GPS 0 64187634 547465090 0 380023 9 -48 2373 120911600 32 0
15.003 3 SVINFO 0 0 0 0 0 0 0
15.003 3 ATTITUDE 0.087992 -2.619497 0.879541
15.018 3 ENERGY 0 12.20919 0. 0. 0. 0. 0.
15.019 3 ESTIMATOR 351.776306 -0.019604
15.075 3 CALIBRATION -150. 0
15.076 3 DESIRED 0.01 0.28 1. 57. 37. 436. 5. 15.
15.076 3 IMU_GYRO 1 -0.020752 0.01709 -0.019531
15.082 3 ATTITUDE 0.077678 -2.67216 0.869697
15.107 3 DL_VALUE 49 0.
15.124 3 WP_MOVED 3 641820. 5474501. 446. 32
15.124 3 ACTUATORS 1040,1494,1500
15.188 3 ATTITUDE 0.068365 -2.724091 0.85951
15.220 3 NAVIGATION 10 0 0. 0. 0. 0. 0 181 181 1 0 0
15.236 3 GPS 0 64187634 547465090 0 380023 9 -48 2373 120911600 32 0
15.252 3 SVINFO 0 0 0 0 0 0 0
15.268 3 DESIRED 0.01 0.28 1. 57. 37. 436. 5. 15.
15.284 3 ATTITUDE 0.060119 -2.775197 0.849071
15.364 3 CIRCLE 2.8 -28.299999 60.
15.380 3 PONG 
15.380 3 ATTITUDE 0.052675 -2.825699 0.838339
15.412 3 FBW_STATUS 0 45 0 12.203005 0.
15.460 3 DESIRED 0.01 0.28 1. 57. 37. 436. 5. 15.
15.476 3 IMU_ACCEL 1 -0.341797 -0.239258 -9.626953
15.492 3 GPS 0 64187634 547465090 0 380023 9 -48 2373 120911600 32 0
15.493 3 SVINFO 0 0 0 0 0 0 0
15.508 3 ATTITUDE 0.046263 -2.875385 0.827397
15.509 3 ESTIMATOR 351.774109 -0.005869
15.588 3 ATTITUDE 0.040771 -2.92445 0.816287
15.620 3 WP_MOVED 4 641757.8125 5474491. 446. 32
15.668 3 DESIRED 0.01 0.28 1. 57. 37. 436. 5. 15.
15.669 3 IMU_GYRO 1 -0.02124 0.01709 -0.018555
15.684 3 ATTITUDE 0.036158 -2.972817 0.805074
15.749 3 GPS 0 64187634 547465090 0 380023 9 -48 2373 120911600 32 0
15.749 3 SVINFO 0 0 0 0 0 0 0
15.764 3 STATE_FILTER_STATUS 6 3 0
15.780 3 ATTITUDE 0.032389 -3.020607 0.7937
15.845 3 LINK_REPORT 3 -1 16 0 15258 632 0 956. 41. 3 44.6
15.861 3 DESIRED 0.01 0.28 1. 57. 37. 436. 5. 15.
15.876 3 ATTITUDE 0.02952 -3.06774 0.782314
15.908 3 AIRSPEED 0. 0. 0. 0.
15.989 3 GPS 0 64187634 547465090 0 380023 9 -48 2373 120911600 32 0
16.005 3 SVINFO 0 0 0 0 0 0 0
16.005 3 ATTITUDE 0.027417 -3.114342 0.770938
16.020 3 GPS_SOL 7761 111 166 15
16.021 3 ESTIMATOR 351.865417 0.045198
16.021 3 FBW_STATUS 0 45 0 12.20919 0.
16.062 3 DESIRED 0.01 0.28 1. 57. 37. 436. 5. 15.
16.084 3 ATTITUDE 0.026127 3.122832 0.759545
16.100 3 ENERGY 0 12.20919 0. 0. 0. 0. 0.
16.116 3 WP_MOVED 5 641729. 5474694.5 466. 32
16.180 3 ATTITUDE 0.025637 3.077351 0.748094
16.214 3 NAVIGATION 10 0 0. 0. 0. 0. 0 182 182 1 0 0
16.245 3 GPS 0 64187634 547465090 0 380023 9 -48 2373 120911600 32 0
16.246 3 SVINFO 0 0 0 0 0 0 0
16.261 3 DESIRED 0.01 0.28 1. 57. 37. 436. 5. 15.
16.291 3 IMU_ACCEL 1 -0.361328 -0.249023 -9.698242
16.291 3 IMU_GYRO 1 -0.02002 0.016113 -0.018066
16.292 3 IMU_MAG 0 0. 0. 0.
16.292 3 ATTITUDE 0.025778 3.032318 0.736654
16.339 3 DATALINK_REPORT 1 3 0 29549 0 0
16.387 3 ATTITUDE 0.026653 2.987751 0.725313
16.403 3 CIRCLE 2.8 -28.299999 60.
16.467 3 DESIRED 0.01 0.28 1. 57. 37. 436. 5. 15.
16.499 3 GPS 0 64187634 547465090 0 380023 9 -48 2373 120911600 32 0
16.500 3 SVINFO 0 0 0 0 0 0 0
16.500 3 ATTITUDE 0.0281 2.943584 0.714057
16.515 3 ESTIMATOR 351.985901 0.104591
16.578 3 ATTITUDE 0.030129 2.899791 0.702917
16.610 3 DL_VALUE 50 0.
16.610 3 WP_MOVED 6 641754.875 5474698.5 466. 32
16.659 3 DESIRED 0.01 0.28 1. 57. 37. 436. 5. 15.
16.675 3 ATTITUDE 0.032807 2.856434 0.691943
16.739 3 GPS 0 64187634 547465090 0 380023 9 -48 2373 120911600 32 0
16.740 3 SVINFO 0 0 0 0 0 0 0
16.787 3 ATTITUDE 0.036057 2.813433 0.681104
16.845 3 LINK_REPORT 3 -1 17 0 16183 670 0 925. 38. 3 44.6
16.867 3 DESIRED 0.01 0.28 1. 57. 37. 436. 5. 15.
16.868 3 IMU_GYRO 1 -0.02002 0.017822 -0.018555
16.883 3 ATTITUDE 0.039417 2.775 0.671496
16.915 3 AIRSPEED 0. 0. 0. 0.
17.009 3 GPS 0 64187634 547465090 0 380023 9 -48 2373 120911600 32 0
17.010 3 SVINFO 0 0 0 0 0 0 0
17.011 3 ATTITUDE 0.044088 2.728381 0.65999
17.011 3 ESTIMATOR 351.759491 -0.040002
17.061 3 DESIRED 0.01 0.28 1. 57. 37. 436. 5. 15.
17.073 3 IMU_ACCEL 1 -0.349609 -0.25293 -9.592773
17.089 3 ATTITUDE 0.048819 2.686288 0.649674
17.105 3 WP_MOVED 7 641788.1875 5474495. 446. 32
17.153 3 CALIBRATION -150. 0
17.185 3 ATTITUDE 0.053986 2.644428 0.63965
17.201 3 ENERGY 0 12.20919 0. 0. 0. 0. 0.
17.234 3 NAVIGATION 10 0 0. 0. 0. 0. 0 183 183 1 0 0
17.250 3 GPS 0 64187634 547465090 0 380023 9 -48 2373 120911600 32 0
17.250 3 SVINFO 0 0 0 0 0 0 0
17.266 3 DESIRED 0.01 0.28 1. 57. 37. 436. 5. 15.
17.281 3 ATTITUDE 0.059534 2.602792 0.629839
17.377 3 ATTITUDE 0.065513 2.561406 0.620307
17.409 3 FBW_STATUS 0 45 0 12.20919 0.
17.474 3 DESIRED 0.01 0.28 1. 57. 37. 436. 5. 15.
17.475 3 IMU_GYRO 1 -0.02002 0.01709 -0.018555
17.475 3 CIRCLE 2.8 -28.299999 60.
17.490 3 GPS 0 64187634 547465090 0 380023 9 -48 2373 120911600 32 0
17.505 3 SVINFO 0 0 0 0 0 0 0
17.506 3 ATTITUDE 0.071779 2.520225 0.61101
17.507 3 ESTIMATOR 351.714417 -0.040072
17.553 3 IMU_MAG 0 0. 0. 0.
17.585 3 ATTITUDE 0.078407 2.47923 0.601932
17.617 3 COMMANDS 0,84,-84
17.618 3 WP_MOVED 8 641844.1875 5474504.5 446. 32
17.666 3 DESIRED 0.01 0.28 1. 57. 37. 436. 5. 15.
17.681 3 ATTITUDE 0.085432 2.438483 0.593138
17.746 3 GPS 0 64187634 547465090 0 380023 9 -48 2373 120911600 32 0
17.747 3 SVINFO 0 0 0 0 0 0 0
17.777 3 ATTITUDE 0.092709 2.397885 0.584699
17.845 3 LINK_REPORT 3 -1 18 0 17106 708 0 923. 38. 3 44.6
17.858 3 PPRZ_MODE 0 3 3 2 0 17
17.874 3 DESIRED 0.01 0.28 1. 57. 37. 436. 5. 15.
17.875 3 IMU_ACCEL 1 -0.371094 -0.226562 -9.655273
17.900 3 LOGGER_STATUS 1 0 1130496 PPRZ\pprzlog_0152.LOG,FLIGHT_RECORDER\fr_0160.LOG
17.901 3 ATTITUDE 0.100264 2.357436 0.576499
17.916 3 AIRSPEED 0. 0. 0. 0.
17.964 3 STATE_FILTER_STATUS 6 3 0
18.007 3 GPS 0 64187634 547465090 0 380023 9 -48 2373 120911600 32 0
18.007 3 SVINFO 0 0 0 0 0 0 0
18.008 3 ATTITUDE 0.108076 2.317116 0.568579
18.023 3 GPS_SOL 7761 111 166 15
18.024 3 ESTIMATOR 351.764771 0.001481
18.024 3 FBW_STATUS 0 45 0 12.203005 0.
18.073 3 DESIRED 0.01 0.28 1. 57. 37. 436. 5. 15.
18.074 3 IMU_GYRO 1 -0.020752 0.016113 -0.018555
18.086 3 ATTITUDE 0.116115 2.27695 0.561013
18.118 3 NAVIGATION_REF 641794 5474653 32 356.
18.119 3 DL_VALUE 51 0.8
18.119 3 WP_MOVED 9 641814.5 5474703. 476. 32
18.183 3 ATTITUDE 0.124359 2.23695 0.553723
18.215 3 NAVIGATION 10 0 0. 0. 0. 0. 0 184 184 1 0 0
18.247 3 GPS 0 64187634 547465090 0 380023 9 -48 2373 120911600 32 0
18.248 3 SVINFO 0 0 0 0 0 0 0
18.263 3 DESIRED 0.01 0.28 1. 57. 37. 436. 5. 15.
18.279 3 ATTITUDE 0.132794 2.197 0.546787
18.311 3 ENERGY 0 12.20919 0. 0. 0. 0. 0.
18.375 3 ATTITUDE 0.141422 2.157154 0.540147
18.455 3 DESIRED 0.01 0.28 1. 57. 37. 436. 5. 15.
18.503 3 GPS 0 64187634 547465090 0 380023 9 -48 2373 120911600 32 0
18.504 3 SVINFO 0 0 0 0 0 0 0
18.504 3 ATTITUDE 0.150121 2.117385 0.533844
18.519 3 CIRCLE 2.8 -28.299999 60.
18.520 3 ESTIMATOR 351.728912 -0.006708
18.583 3 ATTITUDE 0.159008 2.077739 0.52783
18.615 3 WP_MOVED 10 641786.375 5474701. 476. 32
18.679 3 DESIRED 0.01 0.28 1. 57. 37. 436. 5. 15.
18.679 3 IMU_ACCEL 1 -0.375977 -0.250977 -9.655273
18.680 3 IMU_GYRO 1 -0.019531 0.015625 -0.018555
18.680 3 ATTITUDE 0.168042 2.038174 0.522104
18.743 3 GPS 0 64187634 547465090 0 380023 9 -48 2373 120911600 32 0
18.743 3 SVINFO 0 0 0 0 0 0 0
18.774 3 ATTITUDE 0.177149 1.998678 0.51676
18.846 3 LINK_REPORT 3 -1 19 0 18144 750 0 1038. 42. 3 44.6
18.855 3 DESIRED 0.01 0.28 1. 57. 37. 436. 5. 15.
18.870 3 IMU_MAG 0 0. 0. 0.
18.886 3 ATTITUDE 0.186372 1.959243 0.511701
18.903 3 ALIVE 232,7,41,108,38,9,24,222,170,213,28,18,18,110,225,26
18.918 3 AIRSPEED 0. 0. 0. 0.
19.009 3 GPS 0 64187634 547465090 0 380023 9 -48 2373 120911600 32 0
19.009 3 SVINFO 0 0 0 0 0 0 0
19.010 3 ATTITUDE 0.195662 1.919907 0.507018
19.010 3 ESTIMATOR 351.700439 -0.022741
19.056 3 DESIRED 0.01 0.28 1. 57. 37. 436. 5. 15.
19.088 3 ATTITUDE 0.204992 1.880615 0.502675
19.120 3 WP_MOVED 11 641807.5 5474574.5 436. 32
19.121 3 COMMANDS 0,84,-84
19.185 3 ATTITUDE 0.214306 1.841387 0.498643
19.217 3 NAVIGATION 10 0 0. 0. 0. 0. 0 185 185 1 0 0
19.249 3 GPS 0 64187634 547465090 0 380023 9 -48 2373 120911600 32 0
19.250 3 SVINFO 0 0 0 0 0 0 0
19.278 3 CALIBRATION -150. 0
19.278 3 DESIRED 0.01 0.28 1. 57. 37. 436. 5. 15.
19.279 3 IMU_GYRO 1 -0.020752 0.01709 -0.019043
19.279 3 ATTITUDE 0.223686 1.802199 0.494938
19.374 3 ATTITUDE 0.233107 1.763055 0.491536
19.406 3 ENERGY 0 12.20919 0. 0. 0. 0. 0.
19.422 3 FBW_STATUS 0 45 0 12.20919 0.
19.470 3 DESIRED 0.01 0.28 1. 57. 37. 436. 5. 15.
19.471 3 IMU_ACCEL 1 -0.371094 -0.250977 -9.614258
19.502 3 GPS 0 64187634 547465090 0 380023 9 -48 2373 120911600 32 0
19.503 3 SVINFO 0 0 0 0 0 0 0
19.503 3 ATTITUDE 0.242514 1.723964 0.488455
19.504 3 ESTIMATOR 351.644989 -0.03548
19.565 3 CIRCLE 2.8 -28.299999 60.
19.581 3 ATTITUDE 0.251867 1.684879 0.485669
19.614 3 DL_VALUE 52 14000.
19.614 3 WP_MOVED 0 641794. 5474653. 436. 32
19.662 3 DESIRED 0.01 0.28 1. 57. 37. 436. 5. 15.
19.678 3 ATTITUDE 0.261147 1.645807 0.483181
19.742 3 GPS 0 64187634 547465090 0 380023 9 -48 2373 120911600 32 0
19.743 3 SVINFO 0 0 0 0 0 0 0
19.790 3 ATTITUDE 0.270484 1.606789 0.481049
19.847 3 LINK_REPORT 3 -1 20 0 19084 789 0 940. 39. 3 44.6
19.870 3 DESIRED 0.01 0.28 1. 57. 37. 436. 5. 15.
19.871 3 IMU_GYRO 1 -0.02002 0.017822 -0.018555
19.886 3 ATTITUDE 0.27971 1.567768 0.479219
19.918 3 AIRSPEED 0. 0. 0. 0.
20.008 3 GPS 0 64187634 547465090 0 380023 9 -48 2373 120911600 32 0
20.009 3 SVINFO 0 0 0 0 0 0 0
20.009 3 ATTITUDE 0.288882 1.528758 0.477682
20.025 3 GPS_SOL 7761 111 166 15
20.025 3 ESTIMATOR 351.705139 0.009124
20.026 3 FBW_STATUS 0 45 0 12.203005 0.
20.062 3 DESIRED 0.01 0.28 1. 57. 37. 436. 5. 15.
20.088 3 ATTITUDE 0.297987 1.489789 0.4764
20.120 3 WP_MOVED 1 641794. 5474653. 436. 32
20.120 3 ACTUATORS 1040,1494,1500
20.168 3 IMU_MAG 0 0. 0. 0.
20.184 3 STATE_FILTER_STATUS 6 3 0
20.185 3 ATTITUDE 0.306894 1.450783 0.475318
20.217 3 NAVIGATION 10 0 0. 0. 0. 0. 0 186 186 1 0 0
20.233 3 GPS 0 64187634 547465090 0 380023 9 -48 2373 120911600 32 0
20.248 3 SVINFO 0 0 0 0 0 0 0
20.265 3 DESIRED 0.01 0.28 1. 57. 37. 436. 5. 15.
20.266 3 IMU_ACCEL 1 -0.363281 -0.25293 -9.671875
20.280 3 ATTITUDE 0.315789 1.411782 0.47455
20.376 3 PONG 
20.392 3 ATTITUDE 0.324557 1.372812 0.474112
20.457 3 DESIRED 0.01 0.28 1. 57. 37. 436. 5. 15.
20.472 3 IMU_GYRO 1 -0.020752 0.015625 -0.019043
20.489 3 GPS 0 64187634 547465090 0 380023 9 -48 2373 120911600 32 0
20.504 3 SVINFO 0 0 0 0 0 0 0
20.505 3 ATTITUDE 0.333177 1.33382 0.473915
20.521 3 ENERGY 0 12.20919 0. 0. 0. 0. 0.
20.521 3 ESTIMATOR 351.672363 -0.005615
20.584 3 ATTITUDE 0.341734 1.294831 0.474002
20.617 3 CIRCLE 2.8 -28.299999 60.
20.617 3 WP_MOVED 2 641796.8125 5474624.5 436. 32
20.665 3 DESIRED 0.01 0.28 1. 57. 37. 436. 5. 15.
20.681 3 ATTITUDE 0.350158 1.255814 0.474339
20.745 3 GPS 0 64187634 547465090 0 380023 9 -48 2373 120911600 32 0
20.746 3 SVINFO 0 0 0 0 0 0 0
20.777 3 ATTITUDE 0.358441 1.216807 0.474877
20.848 3 LINK_REPORT 3 -1 21 0 20033 829 0 949. 40. 4 40.32
20.857 3 DESIRED 0.01 0.28 1. 57. 37. 436. 5. 15.
20.889 3 ATTITUDE 0.366504 1.177723 0.475666
20.905 3 AIRSPEED 0. 0. 0. 0.
21.015 3 GPS 0 64187634 547465090 0 380023 9 -48 2373 120911600 32 0
21.016 3 SVINFO 0 0 0 0 0 0 0
21.017 3 ATTITUDE 0.374348 1.138597 0.476681
21.026 3 ESTIMATOR 351.662659 -0.005857
21.066 3 DESIRED 0.01 0.28 1. 57. 37. 436. 5. 15.
21.078 3 IMU_ACCEL 1 -0.353516 -0.234375 -9.635742
21.079 3 IMU_GYRO 1 -0.019531 0.016602 -0.018555
21.079 3 ATTITUDE 0.382057 1.099469 0.477906
21.111 3 DL_VALUE 53 0.
21.111 3 WP_MOVED 3 641820. 5474501. 446. 32
21.175 3 ATTITUDE 0.38968 1.06037 0.479345
21.223 3 NAVIGATION 10 0 0. 0. 0. 0. 0 187 187 1 0 0
21.239 3 GPS 0 64187634 547465090 0 380023 9 -48 2373 120911600 32 0
21.240 3 SVINFO 0 0 0 0 0 0 0
21.255 3 DESIRED 0.01 0.28 1. 57. 37. 436. 5. 15.
21.287 3 ATTITUDE 0.39706 1.021182 0.480979
21.351 3 CALIBRATION -150. 0
21.383 3 ATTITUDE 0.404235 0.981941 0.482824
21.415 3 FBW_STATUS 0 45 0 12.20919 0.
21.431 3 DATALINK_REPORT 1 4 0 11402 0 0
21.463 3 DESIRED 0.01 0.28 1. 57. 37. 436. 5. 15.
21.479 3 IMU_MAG 0 0. 0. 0.
21.507 3 GPS 0 64187634 547465090 0 380023 9 -48 2373 120911600 32 0
21.508 3 SVINFO 0 0 0 0 0 0 0
21.509 3 ATTITUDE 0.41122 0.942658 0.484801
21.509 3 ESTIMATOR 351.673492 -0.0073
21.587 3 ATTITUDE 0.41802 0.903312 0.486995
21.603 3 ENERGY 0 12.20919 0. 0. 0. 0. 0.
21.619 3 WP_MOVED 4 641757.8125 5474491. 446. 32
21.679 3 DESIRED 0.01 0.28 1. 57. 37. 436. 5. 15.
21.680 3 IMU_GYRO 1 -0.02002 0.016602 -0.019043
21.680 3 CIRCLE 2.8 -28.299999 60.
21.680 3 ATTITUDE 0.424664 0.863944 0.48934
21.743 3 GPS 0 64187634 547465090 0 380023 9 -48 2373 120911600 32 0
21.743 3 SVINFO 0 0 0 0 0 0 0
21.774 3 ATTITUDE 0.431062 0.824521 0.491885
21.848 3 LINK_REPORT 3 -1 22 0 20973 868 0 940. 39. 4 40.32
21.855 3 DESIRED 0.01 0.28 1. 57. 37. 436. 5. 15.
21.870 3 IMU_ACCEL 1 -0.353516 -0.250977 -9.583008
21.886 3 ATTITUDE 0.437201 0.784982 0.49449
21.919 3 AIRSPEED 0. 0. 0. 0.
21.999 3 GPS 0 64187634 547465090 0 380023 9 -48 2373 120911600 32 0
22.000 3 SVINFO 0 0 0 0 0 0 0
22.000 3 ATTITUDE 0.443108 0.745368 0.497234
22.014 3 GPS_SOL 7761 111 166 15
22.015 3 ESTIMATOR 351.667328 -0.010445
22.031 3 FBW_STATUS 0 45 0 12.20919 0.
22.064 3 DESIRED 0.01 0.28 1. 57. 37. 436. 5. 15.
22.078 3 ATTITUDE 0.448792 0.705736 0.50015
22.111 3 WP_MOVED 5 641729. 5474694.5 466. 32
22.175 3 ATTITUDE 0.45429 0.665981 0.503163
22.223 3 NAVIGATION 10 0 0. 0. 0. 0. 0 188 188 1 0 0
22.239 3 GPS 0 64187634 547465090 0 380023 9 -48 2373 120911600 32 0
22.240 3 SVINFO 0 0 0 0 0 0 0
22.271 3 DESIRED 0.01 0.28 1. 57. 37. 436. 5. 15.
22.272 3 IMU_GYRO 1 -0.02002 0.016602 -0.017334
22.287 3 ATTITUDE 0.459509 0.626147 0.50629
22.367 3 STATE_FILTER_STATUS 6 3 0
22.399 3 ATTITUDE 0.464559 0.586191 0.509504
22.463 3 DESIRED 0.01 0.28 1. 57. 37. 436. 5. 15.
22.507 3 GPS 0 64187634 547465090 0 380023 9 -48 2373 120911600 32 0
22.508 3 SVINFO 0 0 0 0 0 0 0
22.508 3 ATTITUDE 0.469343 0.546167 0.512852
22.509 3 ESTIMATOR 351.710938 0.024106
22.586 3 ATTITUDE 0.473854 0.50609 0.516283
22.619 3 COMMANDS 0,84,-84
22.620 3 DL_VALUE 54 1400.
22.620 3 WP_MOVED 6 641754.875 5474698.5 466. 32
22.667 3 DESIRED 0.01 0.28 1. 57. 37. 436. 5. 15.
22.668 3 IMU_ACCEL 1 -0.368164 -0.241211 -9.643555
22.683 3 ATTITUDE 0.478098 0.465902 0.519744
22.699 3 ENERGY 0 12.20919 0. 0. 0. 0. 0.
22.715 3 CIRCLE 2.8 -28.299999 60.
22.747 3 GPS 0 64187634 547465090 0 380023 9 -48 2373 120911600 32 0
22.749 3 SVINFO 0 0 0 0 0 0 0
22.763 3 PPRZ_MODE 0 3 3 2 0 17
22.763 3 IMU_MAG 0 0. 0. 0.
22.779 3 ATTITUDE 0.482114 0.425564 0.523277
22.849 3 LINK_REPORT 3 -1 23 0 21941 909 0 968. 41. 4 40.32
22.859 3 DESIRED 0.01 0.28 1. 57. 37. 436. 5. 15.
22.860 3 IMU_GYRO 1 -0.02124 0.016113 -0.018555
22.875 3 ATTITUDE 0.48593 0.385129 0.52685
22.907 3 AIRSPEED 0. 0. 0. 0.
22.989 3 LOGGER_STATUS 1 0 1163264 PPRZ\pprzlog_0152.LOG,FLIGHT_RECORDER\fr_0160.LOG
22.999 3 GPS 0 64187634 547465090 0 380023 9 -48 2373 120911600 32 0
23.000 3 SVINFO 0 0 0 0 0 0 0
23.001 3 ATTITUDE 0.48942 0.344581 0.530475
23.015 3 ESTIMATOR 351.666931 -0.008325
23.066 3 DESIRED 0.01 0.28 1. 57. 37. 436. 5. 15.
23.079 3 ATTITUDE 0.49273 0.30392 0.534157
23.111 3 WP_MOVED 7 641788.1875 5474495. 446. 32
23.175 3 ATTITUDE 0.495786 0.263102 0.537866
23.224 3 NAVIGATION 10 0 0. 0. 0. 0. 0 189 189 1 0 0
23.239 3 GPS 0 64187634 547465090 0 380023 9 -48 2373 120911600 32 0
23.240 3 SVINFO 0 0 0 0 0 0 0
23.256 3 DESIRED 0.01 0.28 1. 57. 37. 436. 5. 15.
23.287 3 ATTITUDE 0.498608 0.222197 0.541591
23.384 3 ATTITUDE 0.501156 0.181137 0.545285
23.416 3 FBW_STATUS 0 45 0 12.20919 0.
23.464 3 CALIBRATION -150. 0
23.464 3 DESIRED 0.01 0.28 1. 57. 37. 436. 5. 15.
23.480 3 IMU_ACCEL 1 -0.394531 -0.262695 -9.600586
23.508 3 IMU_GYRO 1 -0.02002 0.016602 -0.018066
23.509 3 GPS 0 64187634 547465090 0 380023 9 -48 2373 120911600 32 0
23.510 3 SVINFO 0 0 0 0 0 0 0
23.510 3 ATTITUDE 0.503436 0.139981 0.549016
23.511 3 ESTIMATOR 351.590729 -0.03949
23.572 3 ATTITUDE 0.505485 0.098632 0.552702
23.604 3 WP_MOVED 8 641844.1875 5474504.5 446. 32
23.653 3 DESIRED 0.01 0.28 1. 57. 37. 436. 5. 15.
23.685 3 ATTITUDE 0.507335 0.057184 0.556413
23.733 3 GPS 0 64187634 547465090 0 380023 9 -48 2373 120911600 32 0
23.749 3 SVINFO 0 0 0 0 0 0 0
23.765 3 CIRCLE 2.8 -28.299999 60.
23.781 3 ATTITUDE 0.50893 0.015636 0.560087
23.813 3 ENERGY 0 12.203005 0. 0. 0. 0. 0.
23.849 3 LINK_REPORT 3 -1 24 0 22892 946 0 951. 37. 4 40.32
23.861 3 DESIRED 0.01 0.28 1. 57. 37. 436. 5. 15.
23.877 3 ATTITUDE 0.510272 -0.026068 0.563826
23.909 3 AIRSPEED 0. 0. 0. 0.
23.989 3 ALIVE 232,7,41,108,38,9,24,222,170,213,28,18,18,110,225,26
24.005 3 GPS 0 64187634 547465090 0 380023 9 -48 2373 120911600 32 0
24.006 3 SVINFO 0 0 0 0 0 0 0
24.034 3 ATTITUDE 0.511385 -0.067944 0.567497
24.034 3 GPS_SOL 7761 111 166 15
24.035 3 ESTIMATOR 351.530701 -0.066058
24.035 3 FBW_STATUS 0 45 0 12.20919 0.
24.078 3 DESIRED 0.01 0.28 1. 57. 37. 436. 5. 15.
24.079 3 IMU_GYRO 1 -0.020752 0.016602 -0.018555
24.080 3 IMU_MAG 0 0. 0. 0.
24.081 3 ATTITUDE 0.512232 -0.10995 0.571074
24.110 3 DL_VALUE 55 0.
24.126 3 WP_MOVED 9 641814.5 5474703. 476. 32
24.126 3 COMMANDS 0,84,-108
24.190 3 ATTITUDE 0.512923 -0.15204 0.574607
24.223 3 NAVIGATION 10 0 0. 0. 0. 0. 0 190 190 1 0 0
24.238 3 GPS 0 64187634 547465090 0 380023 9 -48 2373 120911600 32 0
24.239 3 SVINFO 0 0 0 0 0 0 0
24.255 3 DESIRED 0.01 0.28 1. 57. 37. 436. 5. 15.
24.270 3 IMU_ACCEL 1 -0.330078 -0.236328 -9.624023
24.286 3 ATTITUDE 0.513292 -0.194336 0.578072
24.382 3 ATTITUDE 0.513497 -0.236749 0.581485
24.463 3 DESIRED 0.01 0.28 1. 57. 37. 436. 5. 15.
24.507 3 GPS 0 64187634 547465090 0 380023 9 -48 2373 120911600 32 0
24.508 3 SVINFO 0 0 0 0 0 0 0
24.509 3 ATTITUDE 0.513437 -0.279332 0.584794
24.509 3 ESTIMATOR 351.565887 -0.025408
24.540 3 AUTOPILOT_VERSION 60400 v6.4.0_stable
24.571 3 STATE_FILTER_STATUS 6 3 0
24.587 3 ATTITUDE 0.513129 -0.322068 0.587978
24.619 3 WP_MOVED 10 641786.375 5474701. 476. 32
24.668 3 DESIRED 0.01 0.28 1. 57. 37. 436. 5. 15.
24.669 3 IMU_GYRO 1 -0.019531 0.017822 -0.019043
24.683 3 ATTITUDE 0.51266 -0.364884 0.591141
24.748 3 GPS 0 64187634 547465090 0 380023 9 -48 2373 120911600 32 0
24.749 3 SVINFO 0 0 0 0 0 0 0
24.780 3 ATTITUDE 0.511975 -0.40787 0.594142
24.811 3 CIRCLE 2.8 -28.299999 60.
24.851 3 LINK_REPORT 3 -1 25 0 23864 987 0 972. 41. 4 40.32
24.861 3 DESIRED 0.01 0.28 1. 57. 37. 436. 5. 15.
24.876 3 ATTITUDE 0.511096 -0.45102 0.597068
24.908 3 ENERGY 0 12.20919 0. 0. 0. 0. 0.
24.924 3 AIRSPEED 0. 0. 0. 0.
24.988 3 GPS 0 64187634 547465090 0 380023 9 -48 2373 120911600 32 0
25.003 3 SVINFO 0 0 0 0 0 0 0
25.004 3 ATTITUDE 0.510057 -0.494254 0.599917
25.004 3 ESTIMATOR 351.395935 -0.113546
25.068 3 DESIRED 0.01 0.28 1. 57. 37. 436. 5. 15.
25.069 3 IMU_ACCEL 1 -0.341797 -0.229492 -9.655273
25.084 3 ATTITUDE 0.508797 -0.537646 0.602617
25.115 3 WP_MOVED 11 641807.5 5474574.5 436. 32
25.116 3 ACTUATORS 1040,1493,1500
25.180 3 ATTITUDE 0.507386 -0.58117 0.605187
25.212 3 NAVIGATION 10 0 0. 0. 0. 0. 0 191 191 1 0 0
25.244 3 GPS 0 64187634 547465090 0 380023 9 -48 2373 120911600 32 0
25.245 3 SVINFO 0 0 0 0 0 0 0
25.260 3 DESIRED 0.01 0.28 1. 57. 37. 436. 5. 15.
25.276 3 IMU_GYRO 1 -0.02002 0.016113 -0.018555
25.276 3 ATTITUDE 0.505773 -0.624829 0.607639
25.372 3 IMU_MAG 0 0. 0. 0.
25.373 3 PONG 
25.388 3 ATTITUDE 0.504007 -0.668579 0.609956
25.404 3 FBW_STATUS 0 45 0 12.19682 0.
25.452 3 DESIRED 0.01 0.28 1. 57. 37. 436. 5. 15.
25.515 3 GPS 0 64187634 547465090 0 380023 9 -48 2373 120911600 32 0
25.516 3 SVINFO 0 0 0 0 0 0 0
25.516 3 ATTITUDE 0.502146 -0.712474 0.61214
25.517 3 ESTIMATOR 351.311768 -0.124808
25.547 3 CALIBRATION -150. 0
25.578 3 ATTITUDE 0.50008 -0.756475 0.614169
25.610 3 DL_VALUE 56 8800.
25.611 3 WP_MOVED 0 641794. 5474653. 436. 32
25.659 3 DESIRED 0.01 0.28 1. 57. 37. 436. 5. 15.
25.675 3 ATTITUDE 0.497835 -0.800595 0.61603
25.739 3 GPS 0 64187634 547465090 0 380023 9 -48 2373 120911600 32 0
25.740 3 SVINFO 0 0 0 0 0 0 0
25.787 3 ATTITUDE 0.495483 -0.84477 0.617765
25.851 3 LINK_REPORT 3 -1 26 0 24767 1025 0 903. 38. 5 35.48
25.881 3 DESIRED 0.01 0.28 1. 57. 37. 436. 5. 15.
25.882 3 IMU_ACCEL 1 -0.358398 -0.239258 -9.638672
25.882 3 IMU_GYRO 1 -0.020752 0.017822 -0.018555
25.882 3 CIRCLE 2.8 -28.299999 60.
25.883 3 ATTITUDE 0.492986 -0.889101 0.619341
25.912 3 AIRSPEED 0. 0. 0. 0.
26.009 3 GPS 0 64187634 547465090 0 380023 9 -48 2373 120911600 32 0
26.010 3 SVINFO 0 0 0 0 0 0 0
26.010 3 ATTITUDE 0.490358 -0.933597 0.620731
26.035 3 ENERGY 0 12.20919 0. 0. 0. 0. 0.
26.036 3 GPS_SOL 7761 111 166 15
26.036 3 ESTIMATOR 351.419647 -0.036532
26.036 3 FBW_STATUS 0 45 0 12.20919 0.
26.072 3 DESIRED 0.01 0.28 1. 57. 37. 436. 5. 15.
26.082 3 ATTITUDE 0.487727 -0.978017 0.621972
26.114 3 WP_MOVED 1 641794. 5474653. 436. 32
26.179 3 ATTITUDE 0.484967 -1.022618 0.623062
26.211 3 NAVIGATION 10 0 0. 0. 0. 0. 0 192 192 1 0 0
26.243 3 GPS 0 64187634 547465090 0 380023 9 -48 2373 120911600 32 0
26.244 3 SVINFO 0 0 0 0 0 0 0
26.259 3 DESIRED 0.01 0.28 1. 57. 37. 436. 5. 15.
26.275 3 ATTITUDE 0.48209 -1.067273 0.624015
26.387 3 ATTITUDE 0.479147 -1.111977 0.62479
26.467 3 DESIRED 0.01 0.28 1. 57. 37. 436. 5. 15.
26.468 3 IMU_GYRO 1 -0.02002 0.015625 -0.018555
26.509 3 GPS 0 64187634 547465090 0 380023 9 -48 2373 120911600 32 0
26.509 3 SVINFO 0 0 0 0 0 0 0
26.510 3 ATTITUDE 0.476173 -1.156759 0.625361
26.510 3 ESTIMATOR 351.262024 -0.11168
26.541 3 DATALINK_REPORT 1 5 0 62419 0 0
26.588 3 ATTITUDE 0.473201 -1.201578 0.625805
26.604 3 WP_MOVED 2 641796.8125 5474624.5 436. 32
26.680 3 DESIRED 0.01 0.28 1. 57. 37. 436. 5. 15.
26.681 3 IMU_ACCEL 1 -0.384766 -0.249023 -9.650391
26.682 3 IMU_MAG 0 0. 0. 0.
26.682 3 ATTITUDE 0.470129 -1.246437 0.626074
26.744 3 GPS 0 64187634 547465090 0 380023 9 -48 2373 120911600 32 0
26.745 3 SVINFO 0 0 0 0 0 0 0
26.760 3 STATE_FILTER_STATUS 6 3 0
26.776 3 ATTITUDE 0.466985 -1.291385 0.626175
26.852 3 LINK_REPORT 3 -1 27 0 25733 1065 0 966. 40. 5 35.48
26.856 3 DESIRED 0.01 0.28 1. 57. 37. 436. 5. 15.
26.888 3 ATTITUDE 0.463894 -1.33631 0.626151
26.920 3 CIRCLE 2.8 -28.299999 60.
26.921 3 AIRSPEED 0. 0. 0. 0.
27.001 3 GPS 0 64187634 547465090 0 380023 9 -48 2373 120911600 32 0
27.002 3 SVINFO 0 0 0 0 0 0 0
27.003 3 ATTITUDE 0.460767 -1.381321 0.625913
27.016 3 ESTIMATOR 351.509857 0.052378
27.073 3 DESIRED 0.01 0.28 1. 57. 37. 436. 5. 15.
27.074 3 IMU_GYRO 1 -0.033936 0.00708 -0.02002
27.080 3 ATTITUDE 0.457374 -1.426424 0.625367
27.112 3 ENERGY 0 12.215375 0. 0. 0. 0. 0.
27.128 3 NAVIGATION_REF 641794 5474653 32 356.
27.128 3 DL_VALUE 57 500.
27.128 3 WP_MOVED 3 641820. 5474501. 446. 32
27.176 3 ATTITUDE 0.454315 -1.471363 0.624773
27.208 3 NAVIGATION 10 0 0. 0. 0. 0. 0 193 193 1 0 0
27.241 3 GPS 0 64187634 547465090 0 380023 9 -48 2373 120911600 32 0
27.241 3 SVINFO 0 0 0 0 0 0 0
27.256 3 DESIRED 0.01 0.28 1. 57. 37. 436. 5. 15.
27.288 3 ATTITUDE 0.450961 -1.516535 0.623978
27.384 3 ATTITUDE 0.447849 -1.561531 0.622929
27.416 3 FBW_STATUS 0 45 0 12.20919 0.
27.465 3 DESIRED 0.01 0.28 1. 57. 37. 436. 5. 15.
27.465 3 IMU_ACCEL 1 -0.356445 -0.234375 -9.592773
27.508 3 GPS 0 64187634 547465090 0 380023 9 -48 2373 120911600 32 0
27.510 3 SVINFO 0 0 0 0 0 0 0
27.510 3 ATTITUDE 0.442988 -1.607871 0.620156
27.510 3 ESTIMATOR 351.312042 -0.062962
27.588 3 ATTITUDE 0.439618 -1.652757 0.617133
27.620 3 COMMANDS 0,84,-84
27.621 3 WP_MOVED 4 641757.8125 5474491. 446. 32
27.678 3 PPRZ_MODE 0 3 3 2 0 17
27.679 3 CALIBRATION -150. 0
27.680 3 DESIRED 0.01 0.28 1. 57. 37. 436. 5. 15.
27.681 3 IMU_GYRO 1 -0.008301 0.032715 -0.010498
27.681 3 ATTITUDE 0.438812 -1.69609 0.616621
27.743 3 GPS 0 64187634 547465090 0 380023 9 -48 2373 120911600 32 0
27.744 3 SVINFO 0 0 0 0 0 0 0
27.775 3 ATTITUDE 0.437749 -1.73864 0.615269
27.853 3 LINK_REPORT 3 -1 28 0 26683 1105 0 950. 40. 5 35.48
27.855 3 DESIRED 0.01 0.28 1. 57. 37. 436. 5. 15.
27.887 3 ATTITUDE 0.436043 -1.781512 0.614399
27.919 3 AIRSPEED 0. 0. 0. 0.
27.967 3 IMU_MAG 0 0. 0. 0.
27.967 3 CIRCLE 2.8 -28.299999 60.
27.999 3 GPS 0 64187634 547465090 0 380023 9 -48 2373 120911600 32 0
28.000 3 SVINFO 0 0 0 0 0 0 0
28.000 3 ATTITUDE 0.434105 -1.825856 0.613448
28.015 3 GPS_SOL 7761 111 166 15
28.015 3 ESTIMATOR 351.303162 -0.057197
28.031 3 FBW_STATUS 0 45 0 12.20919 0.
28.092 3 LOGGER_STATUS 1 0 1204224 PPRZ\pprzlog_0152.LOG,FLIGHT_RECORDER\fr_0160.LOG
28.092 3 DESIRED 0.01 0.28 1. 57. 37. 436. 5. 15.
28.093 3 ATTITUDE 0.431305 -1.870655 0.611433
28.107 3 WP_MOVED 5 641729. 5474694.5 466. 32
28.188 3 ATTITUDE 0.427713 -1.916041 0.608794
28.204 3 ENERGY 0 12.203005 0. 0. 0. 0. 0.
28.220 3 NAVIGATION 10 0 0. 0. 0. 0. 0 194 194 1 0 0
28.236 3 GPS 0 64187634 547465090 0 380023 9 -48 2373 120911600 32 0
28.237 3 SVINFO 0 0 0 0 0 0 0
28.279 3 DESIRED 0.01 0.28 1. 57. 37. 436. 5. 15.
28.280 3 IMU_ACCEL 1 -0.313477 -0.239258 -9.744141
28.280 3 IMU_GYRO 1 -0.02124 0.019775 -0.02124
28.281 3 ATTITUDE 0.425313 -1.960667 0.606744
28.375 3 ATTITUDE 0.423432 -2.004833 0.60445
28.455 3 DESIRED 0.01 0.28 1. 57. 37. 436. 5. 15.
28.503 3 GPS 0 64187634 547465090 0 380023 9 -48 2373 120911600 32 0
28.504 3 SVINFO 0 0 0 0 0 0 0
28.504 3 ATTITUDE 0.421766 -2.04869 0.602067
28.505 3 ESTIMATOR 351.05072 -0.168455
28.582 3 ATTITUDE 0.419749 -2.093058 0.60039
28.615 3 DL_VALUE 58 0.7
28.615 3 WP_MOVED 6 641754.875 5474698.5 466. 32
28.663 3 DESIRED 0.01 0.28 1. 57. 37. 436. 5. 15.
28.679 3 ATTITUDE 0.418111 -2.136461 0.596884
28.743 3 GPS 0 64187634 547465090 0 380023 9 -48 2373 120911600 32 0
28.744 3 SVINFO 0 0 0 0 0 0 0
28.775 3 ATTITUDE 0.415991 -2.180671 0.594154
28.854 3 LINK_REPORT 3 -1 29 0 27653 1143 0 970. 38. 5 35.48
28.855 3 DESIRED 0.01 0.28 1. 57. 37. 436. 5. 15.
28.871 3 IMU_GYRO 1 -0.018555 0.027344 -0.008301
28.887 3 ATTITUDE 0.414753 -2.224119 0.591896
28.919 3 AIRSPEED 0. 0. 0. 0.
28.967 3 STATE_FILTER_STATUS 6 3 0
28.999 3 GPS 0 64187634 547465090 0 380023 9 -48 2373 120911600 32 0
29.000 3 SVINFO 0 0 0 0 0 0 0
29.001 3 ATTITUDE 0.412683 -2.26812 0.589315
29.015 3 CIRCLE 2.8 -28.299999 60.
29.016 3 ESTIMATOR 351.252594 -0.016741
29.854 3 LINK_REPORT 3 -1 30 0 27877 1153 0 224. 10. 5 35.48
30.855 3 LINK_REPORT 3 -1 31 1 27877 1153 0 0. 0. 6 -4964.92
31.856 3 LINK_REPORT 3 -1 32 2 27877 1153 0 0. 0. 6 -4964.92
32.857 3 LINK_REPORT 3 -1 33 3 27877 1153 0 0. 0. 6 -4964.92
33.857 3 LINK_REPORT 3 -1 34 4 27877 1153 0 0. 0. 6 -4964.92
34.858 3 LINK_REPORT 3 -1 35 5 27877 1153 0 0. 0. 6 -4964.92
35.859 3 LINK_REPORT 3 -1 36 6 27877 1153 0 0. 0. 6 -9965.47
36.860 3 LINK_REPORT 3 -1 37 7 27877 1153 0 0. 0. 6 -9965.47
37.861 3 LINK_REPORT 3 -1 38 8 27877 1153 0 0. 0. 6 -9965.47
38.862 3 LINK_REPORT 3 -1 39 9 27877 1153 0 0. 0. 6 -9965.47
39.862 3 LINK_REPORT 3 -1 40 10 27877 1153 0 0. 0. 6 -9965.47
40.863 3 LINK_REPORT 3 -1 41 11 27877 1153 0 0. 0. 6 -14966.43
41.864 3 LINK_REPORT 3 -1 42 12 27877 1153 0 0. 0. 6 -14966.43
42.865 3 LINK_REPORT 3 -1 43 13 27877 1153 0 0. 0. 6 -14966.43
43.866 3 LINK_REPORT 3 -1 44 14 27877 1153 0 0. 0. 6 -14966.43
44.866 3 LINK_REPORT 3 -1 45 15 27877 1153 0 0. 0. 6 -14966.43
45.867 3 LINK_REPORT 3 -1 46 16 27877 1153 0 0. 0. 6 -19967.47
46.868 3 LINK_REPORT 3 -1 47 17 27877 1153 0 0. 0. 6 -19967.47
47.868 3 LINK_REPORT 3 -1 48 18 27877 1153 0 0. 0. 6 -19967.47
48.870 3 LINK_REPORT 3 -1 49 19 27877 1153 0 0. 0. 6 -19967.47
49.871 3 LINK_REPORT 3 -1 50 20 27877 1153 0 0. 0. 6 -19967.47
50.872 3 LINK_REPORT 3 -1 51 21 27877 1153 0 0. 0. 6 -24968.81
51.872 3 LINK_REPORT 3 -1 52 22 27877 1153 0 0. 0. 6 -24968.81
52.873 3 LINK_REPORT 3 -1 53 23 27877 1153 0 0. 0. 6 -24968.81
53.875 3 LINK_REPORT 3 -1 54 24 27877 1153 0 0. 0. 6 -24968.81
54.875 3 LINK_REPORT 3 -1 55 25 27877 1153 0 0. 0. 6 -24968.81
55.876 3 LINK_REPORT 3 -1 56 26 27877 1153 0 0. 0. 6 -29969.3
56.877 3 LINK_REPORT 3 -1 57 27 27877 1153 0 0. 0. 6 -29969.3
57.877 3 LINK_REPORT 3 -1 58 28 27877 1153 0 0. 0. 6 -29969.3
58.879 3 LINK_REPORT 3 -1 59 29 27877 1153 0 0. 0. 6 -29969.3
59.879 3 LINK_REPORT 3 -1 60 30 27877 1153 0 0. 0. 6 -29969.3
60.880 3 LINK_REPORT 3 -1 61 31 27877 1153 0 0. 0. 6 -34970.3
61.881 3 LINK_REPORT 3 -1 62 32 27877 1153 0 0. 0. 6 -34970.3
62.882 3 LINK_REPORT 3 -1 63 33 27877 1153 0 0. 0. 6 -34970.3
63.883 3 LINK_REPORT 3 -1 64 34 27877 1153 0 0. 0. 6 -34970.3
64.884 3 LINK_REPORT 3 -1 65 35 27877 1153 0 0. 0. 6 -34970.3
65.885 3 LINK_REPORT 3 -1 66 36 27877 1153 0 0. 0. 6 -39970.82
66.886 3 LINK_REPORT 3 -1 67 37 27877 1153 0 0. 0. 6 -39970.82
67.887 3 LINK_REPORT 3 -1 68 38 27877 1153 0 0. 0. 6 -39970.82
68.889 3 LINK_REPORT 3 -1 69 39 27877 1153 0 0. 0. 6 -39970.82
69.890 3 LINK_REPORT 3 -1 70 40 27877 1153 0 0. 0. 6 -39970.82
70.891 3 LINK_REPORT 3 -1 71 41 27877 1153 0 0. 0. 6 -44971.92
71.891 3 LINK_REPORT 3 -1 72 42 27877 1153 0 0. 0. 6 -44971.92
72.893 3 LINK_REPORT 3 -1 73 43 27877 1153 0 0. 0. 6 -44971.92
73.894 3 LINK_REPORT 3 -1 74 44 27877 1153 0 0. 0. 6 -44971.92
74.896 3 LINK_REPORT 3 -1 75 45 27877 1153 0 0. 0. 6 -44971.92
75.896 3 LINK_REPORT 3 -1 76 46 27877 1153 0 0. 0. 6 -49972.37
76.898 3 LINK_REPORT 3 -1 77 47 27877 1153 0 0. 0. 6 -49972.37
77.899 3 LINK_REPORT 3 -1 78 48 27877 1153 0 0. 0. 6 -49972.37
78.901 3 LINK_REPORT 3 -1 79 49 27877 1153 0 0. 0. 6 -49972.37
79.902 3 LINK_REPORT 3 -1 80 50 27877 1153 0 0. 0. 6 -49972.37
80.903 3 LINK_REPORT 3 -1 81 51 27877 1153 0 0. 0. 6 -54972.86
81.904 3 LINK_REPORT 3 -1 82 52 27877 1153 0 0. 0. 6 -54972.86
82.905 3 LINK_REPORT 3 -1 83 53 27877 1153 0 0. 0. 6 -54972.86
83.906 3 LINK_REPORT 3 -1 84 54 27877 1153 0 0. 0. 6 -54972.86
84.907 3 LINK_REPORT 3 -1 85 55 27877 1153 0 0. 0. 6 -54972.86
85.909 3 LINK_REPORT 3 -1 86 56 27877 1153 0 0. 0. 6 -59973.62
